id,source,ra,dec,parallax,pmra,pmdec,astrometric_pseudo_colour,lum_val,radial_velocity,duplicated_source
0,Gaia DR2 3555849333264880128,164.10816974167,-17.9451484889745,2.30695354798704,-22.8400225537205,4.68082192765556,1.63279465403077,3.1325612,2.74640317106148,FALSE
1,Gaia DR2 3556173959777088384,164.314872895808,-17.9690553975661,4.2478268622866,-51.8035358150379,47.275634683184,1.5634916236182,0.34598684,6.53934751055433,FALSE
2,Gaia DR2 3555982614690063616,162.446324333205,-18.0488697683867,2.09405112834188,-11.4781826807275,3.4075428581328,1.56389725270085,1.1725183,8.82257145643509,FALSE
3,Gaia DR2 3555893794766408192,162.368518984967,-18.5464731824067,3.62302304042537,-55.0290508445185,-9.40334841339693,1.57524490419826,0.54025406,34.5083408623107,FALSE
4,Gaia DR2 3555973062682792576,162.236796378634,-18.0580356503938,4.39509668111559,-29.6009165275675,3.1296219621947,1.59269466275433,0.6481173,13.7671595450727,FALSE
5,Gaia DR2 3556083804119613568,163.430269714941,-17.3309023075917,0.969180801425985,-6.80417315243521,-9.35292820822269,1.50477555437351,14.404063,15.6480500484694,FALSE
6,Gaia DR2 3556065421659621504,163.729009658619,-17.4976769452101,4.88310039301333,37.2317872768181,-14.9972195969252,1.63337541669376,1.5980645,-6.09484893655248,FALSE
7,Gaia DR2 3556093523629577472,162.971133415959,-17.6847403906864,2.02434709391188,-38.1122637751656,5.89150119255286,1.65179381016205,2.3852253,24.7093862453274,FALSE
8,Gaia DR2 3555985741426256896,162.430377392675,-18.008161560421,2.36485025565397,-18.3659158953715,-2.59619271701868,1.60099553870367,1.1999811,77.9813365267094,FALSE
9,Gaia DR2 3555918602497582080,162.92462926548,-18.2964323977151,2.85079262660114,-12.5083650545778,-0.805659756538228,1.61698692467609,2.8678422,7.25332019169319,FALSE
10,Gaia DR2 3555847615277958656,164.038688860674,-17.9938178624482,0.349521880533229,3.10598290310219,-4.34275761633055,1.51433092096569,36.80558,59.9877664212262,FALSE
11,Gaia DR2 3556111150175355520,162.744627907596,-17.5546010378238,1.40579025358162,-7.40996133923765,-8.40518557827158,1.53950135136281,3.9890127,29.6271548239779,FALSE
12,Gaia DR2 3555919942527380864,163.011499113852,-18.2422210034438,2.01325684798811,7.15552523871546,-2.40774026539253,1.61772522454387,1.565573,20.0361188217249,FALSE
13,Gaia DR2 3555843109856220032,163.741418236444,-18.0618624711206,0.580744655897073,-10.253702588637,-4.38827973459162,1.50833536723607,18.4818,49.6623197520807,FALSE
14,Gaia DR2 3555910596678516480,162.749901130667,-18.3904778453441,2.51970751459585,3.56748003527734,-19.6903666786485,1.61481202814371,3.1417475,22.4939272882083,FALSE
15,Gaia DR2 3556029137775841408,163.243764669538,-17.8581330157748,4.50214990606028,-23.8599102818357,-3.64144829935272,1.51547938584211,0.20057212,17.0588672435285,FALSE
16,Gaia DR2 3555948731691970048,162.033166852703,-18.3911860549585,2.0003638475015,-17.9965424869978,3.02834409735995,1.59955057933619,2.5169513,8.96842640409158,FALSE
17,Gaia DR2 3556136404583044096,163.278809837204,-17.1835590241404,2.86537730224648,21.0376280798948,-27.6995903528474,1.60537454448986,1.2654501,30.1205541772402,FALSE
18,Gaia DR2 3556136301503829248,163.271564807348,-17.200877804103,1.98386474110165,-29.2632002565533,-3.90192877610516,1.59934216618197,1.6778373,47.2835347542957,FALSE
19,Gaia DR2 3555982679113467264,162.480362903837,-18.0299398572814,7.34962621754002,-12.1989754064365,-19.389175255576,1.460594547257,0.12979893,21.7211573138061,FALSE
20,Gaia DR2 3556030340366686336,163.313853393707,-17.826911303644,0.3360837421641,-2.01666884920458,2.82772140679178,1.53718070924818,60.986763,50.6265513157563,FALSE
21,Gaia DR2 3555984671978292864,162.313093906699,-18.0463202033577,2.14127172218831,16.4576607848184,-12.4856023420997,1.58520015831152,1.224039,-0.194160768029835,FALSE
22,Gaia DR2 3556069162575072512,163.379862497433,-17.6355695958762,2.05346679674054,-28.0294447798267,8.66177244677805,1.62812375512922,2.3165956,22.8740210399611,FALSE
23,Gaia DR2 3555943027976650240,162.709589523224,-17.9585205799482,0.377576245146916,-3.48917547038123,3.09401682302467,1.54846015446536,64.7951,17.2658415781937,FALSE
24,Gaia DR2 3556038792862263552,162.943865196221,-17.8358448619977,0.419155333438285,1.18281566385212,5.22598572268531,1.53873835691176,78.546974,64.5781677622938,FALSE
25,Gaia DR2 3556036005427554432,163.046994398047,-17.8385806637718,2.38777709595219,-29.1078363909594,13.1633087855224,1.60128007256825,3.8035395,20.3461524620422,FALSE
26,Gaia DR2 3556075794004574720,163.482019122912,-17.5576736367974,2.51400222645068,18.9085225754069,-34.4567926475635,1.61588019996109,1.8318498,24.0852198005793,FALSE
27,Gaia DR2 3555953511991653504,162.290360352925,-18.2809545271296,2.00606764780258,-10.0676322593027,-5.14106207710289,1.59210152374449,2.9633746,14.5358787514139,FALSE
28,Gaia DR2 3556069063791836288,163.300193018712,-17.5977690042203,3.0393375523764,-3.53579037466453,-11.6118017452706,1.60994414056713,1.0413855,-11.972818754655,FALSE
29,Gaia DR2 3555916884510642048,162.7627158782,-18.277176742256,5.5792377418703,4.99711834810525,-6.49053459254766,1.58394671636294,0.5540814,-17.2023297837502,FALSE
30,Gaia DR2 3556073835499487360,163.259827585421,-17.5407453521698,5.44712395682774,-48.5778960971885,31.8487705331612,1.59701811138474,0.65187746,0.889332186369519,FALSE
31,Gaia DR2 3555913654695231488,162.753233815368,-18.3807081939794,0.982911807094647,-4.54849758729686,-5.84373722821951,1.68437801210638,8.0657015,4.62974037619729,FALSE
32,Gaia DR2 3556034738413135616,163.052124891351,-17.9033257967201,2.15174291923473,-1.63860438947494,-3.31293448501899,1.62228123038841,1.9334975,-16.3758269831125,FALSE
33,Gaia DR2 3555956226410987008,162.266144443234,-18.2004923897175,0.641057560862082,-3.78325440943132,-4.91949152583622,1.50548084864447,26.41667,12.6509877723826,FALSE
34,Gaia DR2 3555983611122470912,162.313507950831,-18.1067951186764,4.06245725731075,-36.5422620523036,-12.0459958223038,1.59223035141927,1.0090517,22.8320954305862,FALSE
35,Gaia DR2 3556093631004703872,162.91791582087,-17.6958746355496,1.23050036193866,-4.29440888325939,8.60545431284867,1.4712925255087,241.04138,5.77633628114331,FALSE
36,Gaia DR2 3555988730723543808,162.660417908269,-17.9564191336208,1.1979985248787,-17.0687298156378,1.06025890120822,1.55449507601152,5.077318,10.7281560887652,FALSE
37,Gaia DR2 3555915475761366784,162.758321303948,-18.322943250461,1.69122582459667,-22.7447126024225,7.53220272355823,1.6329259997657,1.8713279,12.1205201916928,FALSE
38,Gaia DR2 3555983542402994944,162.337623350064,-18.0911514356154,0.684541635308422,-0.29149731926733,-3.11277644921387,1.50302849062805,59.73392,23.4088350320532,FALSE
39,Gaia DR2 3555989486637787648,162.600223705537,-17.9391131115264,1.18119170910391,-16.8915759760659,0.349152480367721,1.62110196030795,9.967276,-9.56735114334464,FALSE
40,Gaia DR2 3556119125930500992,162.770403664009,-17.3320228270811,0.219876800422548,-6.38424488987003,1.75224587375102,1.5261347366623,80.53381,52.5795435041502,FALSE
41,Gaia DR2 3556063699376670336,163.525295570715,-17.5940071969348,1.3235483896089,3.35409243268665,-5.3807955540818,1.6026994079238,3.4998298,16.9384851645873,FALSE
42,Gaia DR2 3555963987415801728,161.991828570491,-18.2355271917659,4.63634632382198,15.6728287013359,-62.0950541716708,1.56229846947845,0.42885196,20.3634994949116,FALSE
43,Gaia DR2 3556153623107879296,163.163405334998,-17.0307621755818,20.1043333429825,-60.5407375702708,-119.634153263741,1.66754470016523,1.6483705,20.8810673197994,FALSE
44,Gaia DR2 3555881077367128448,162.378942526279,-18.6386507426415,1.68768808113306,0.24830333588211,-37.3209432654948,1.55122236586157,3.2174163,5.6582810491198,FALSE
45,Gaia DR2 3555967702562509056,161.796918978853,-18.1789215405203,3.94319775680872,-27.3905259310576,-7.57179564373427,1.61725412069406,2.4350157,33.7944525796651,FALSE
46,Gaia DR2 3556028858601975168,163.176412252038,-17.8733060125284,2.54520350711996,-11.0240514783659,-10.0379227096358,1.60736421151385,2.3446338,-25.3240183969856,FALSE
47,Gaia DR2 3556034012562731520,163.032654271516,-17.9451112986579,1.9389554172032,8.42586734712018,-36.2436875083583,1.59209521649772,1.8266021,-10.2083335671933,FALSE
48,Gaia DR2 3556016802629759104,163.205161496459,-18.0720030777011,1.07241357031354,-15.2747956154292,-4.43058073871615,1.544775875699,4.6596894,-9.78936211717154,FALSE
49,Gaia DR2 3556019723207517440,162.996555884723,-18.0639974132319,4.58328137401845,-91.1889585402506,2.34162552555664,1.63712338981903,2.8134093,39.5024187540457,FALSE
50,Gaia DR2 3555957016684964864,162.136868942475,-18.2683234202224,0.72507148903721,0.0494135271169359,3.63812056012127,1.55610957547803,10.622077,37.6338909239808,FALSE
51,Gaia DR2 3556016252873943552,163.112955502542,-18.0675700554306,6.08271425485914,-37.5643705751106,26.4624758938751,1.58923812884902,1.2811154,35.2366902140351,FALSE
52,Gaia DR2 3555940798888515200,162.613903745269,-18.0577125178611,2.07432455892173,-28.3913107854831,2.67837372805572,1.51730704755574,57.5918,64.3707796609424,FALSE
53,Gaia DR2 3555941726601492864,162.805286346788,-18.011395165008,0.717379277113857,0.374461450950406,0.633755550188017,1.50471329226362,159.8803,20.6123694158776,FALSE
54,Gaia DR2 3555940828952931584,162.628023362453,-18.0428380805987,1.90657382363126,-22.3765263798203,8.66924923604459,1.63365346159896,2.756683,16.3140108213644,FALSE
55,Gaia DR2 3556015703118128256,163.059622204725,-18.1121102529369,0.673725712068012,-6.00368277877028,-10.4171960330642,1.52650914412274,31.856913,-11.7880584403861,FALSE
56,Gaia DR2 3556152386157293056,163.010272555826,-17.0795924674796,0.905405009089092,-9.42835809349659,-0.98587764254392,1.54536252049525,7.414571,17.5120700913727,FALSE
57,Gaia DR2 3555905300982673024,162.300778847445,-18.3908508216221,6.91648394501947,-109.434445539389,-28.2274000114237,1.48478269154157,0.18254057,12.5043942799513,FALSE
58,Gaia DR2 3555846069089699840,163.811810798388,-17.9736382505189,0.567112603235837,-8.53926104648937,1.97004372616431,1.47707126367842,123.43059,71.283921678735,FALSE
59,Gaia DR2 3556061504649441408,163.693163265999,-17.5984467906616,0.698253105435131,-11.2876382447067,3.30551556502554,1.50890892608449,60.03665,3.66214931106514,FALSE
60,Gaia DR2 3556151424084618624,163.075724332752,-17.1086781228331,0.605728576278847,8.12197123502667,2.53722318480621,1.54601145033651,23.503199,68.2408369841748,FALSE
61,Gaia DR2 3555903033239939712,162.550041958532,-18.3332897382164,1.8480463644225,1.26694579006734,-7.40646299953447,1.63597784716922,2.341001,-17.9294640448278,FALSE
62,Gaia DR2 3555894305866398720,162.303573872904,-18.5456876257882,2.41794144010619,4.04025309171087,-40.7714414554835,1.60601904379354,1.0733739,-17.8474147319032,FALSE
63,Gaia DR2 3555944337941499520,162.129770465788,-18.4693970934146,2.62602937101821,-17.0180133033467,-15.3536400768684,1.60016519943223,0.85563743,47.3152360563277,FALSE
64,Gaia DR2 3556037658990894976,162.830407956183,-17.8839391390657,10.5894613579616,13.2313596499827,22.2583886700549,1.39542426326504,0.06565778,34.5428662689929,FALSE
65,Gaia DR2 3556123279162993792,163.159638692649,-17.4263045894972,7.17198621931975,-1.18395219530503,-84.5137558411231,1.53769634426525,0.3058314,39.5538858693172,FALSE
66,Gaia DR2 3556032814267828992,162.897697691645,-18.006178385719,5.08901783858402,-44.2250169234283,38.4095622982211,1.61763358622028,3.312396,51.0963368966354,FALSE
67,Gaia DR2 3555893893549537920,162.416824813428,-18.5200718748134,1.19743990272142,6.04747143120649,-18.0696112295689,1.57183716563562,6.468214,-95.2875153394718,FALSE
68,Gaia DR2 3555891458304228608,162.233797957004,-18.6205462144219,0.524549258011152,-6.02362158288241,-1.31771410328168,1.42978154540375,298.00967,73.7522074468161,FALSE
69,Gaia DR2 3555933926940837504,162.539183449389,-18.152382280063,0.607557505011089,3.85521365286907,-4.59753916468945,1.52873889294087,14.071299,26.9010088965779,FALSE
70,Gaia DR2 3555984092158811392,162.392090236218,-18.0560783429376,2.38610921337128,-6.62172517164239,-10.5560334127428,1.60987399004196,1.1271243,30.4190353862881,FALSE
71,Gaia DR2 3556046455083925376,163.006744900976,-17.7181085771531,0.397941163525664,-5.41570086578532,-1.45671670799253,1.53280418382667,37.02929,-68.7778692848917,FALSE
72,Gaia DR2 3556160907372288384,164.449978293238,-18.0434656245996,2.25887639103541,4.91854411276637,-15.0989128476627,1.62659839083069,3.2787635,20.8661339257311,FALSE
73,Gaia DR2 3556119366448670336,162.794992808121,-17.3067927080664,1.83040373035286,6.20298982929019,-4.28163564867981,1.6304252520892,5.0295134,2.16995124938014,FALSE
74,Gaia DR2 3556172516668077568,164.339999932885,-18.0343893804958,2.80556053806578,-10.5690630116137,10.8982704125643,1.62776597789305,1.1775609,33.1973288730428,FALSE
75,Gaia DR2 3556013087483207296,162.376055226742,-17.6820426930816,0.426551684595767,-5.10763689806269,-0.0768696057295157,1.5233276770075,54.60201,60.8863629632616,FALSE
76,Gaia DR2 3556043053469881856,163.173659097378,-17.7819420168908,0.91640738214116,-0.695987293898318,-1.92517087040301,1.29760316502111,778.513,-1.14160069661587,FALSE
77,Gaia DR2 3555959314491380992,162.283389604432,-18.1730980288819,1.70162077138291,-2.26137342283299,6.31377461777823,1.64423225405678,2.806577,21.4537723700808,FALSE
78,Gaia DR2 3556024636650112128,163.287283391885,-17.9515045118991,7.44929388431936,-60.7461217308924,-31.7354341252472,1.43283579176333,0.108162686,-1.25083699734231,FALSE
79,Gaia DR2 3556075454703179008,163.287739824312,-17.468561997683,1.94395824186594,-5.0263420764629,5.18284466980632,1.5686138072788,5.6258445,-23.2771330796165,FALSE
80,Gaia DR2 3555970034729749120,161.900839173437,-18.0696729814961,3.44331349310228,19.1402970963396,-35.5459228164487,1.60255690710098,0.9988296,4.18401646953401,FALSE
81,Gaia DR2 3555902212902315648,162.535744829921,-18.3984545601454,0.907800581288462,-5.47823319837556,-6.62293168171257,1.51967224286736,16.971548,23.1431997955622,FALSE
82,Gaia DR2 3555843389030088448,163.806902954107,-18.0382240832396,1.04134610997414,6.42174618267739,2.01646972202103,1.52471871146726,16.024244,35.5918550320722,FALSE
83,Gaia DR2 3555886682300603520,162.506433093802,-18.5682533477468,3.57965754905802,-9.98417213253568,-18.7702549101226,1.63075547941822,2.4759176,10.3126176026284,FALSE
84,Gaia DR2 3556007727364022784,162.521334739915,-17.7813313652726,5.64423207521947,-38.9119011891517,12.9754298360317,1.62388338323013,1.6697661,-11.0597707665755,FALSE
85,Gaia DR2 3556133690163715840,163.235064962262,-17.2768085825044,25.2403761367232,-177.65713602001,75.9096709968253,1.56567820787201,1.9421605,21.1367506424293,FALSE
86,Gaia DR2 3555910459239563136,162.794069370515,-18.4031375522736,4.69399283670586,-89.7528588641809,46.8084352993908,1.53299020162329,0.37207606,44.2429990310254,FALSE
87,Gaia DR2 3555986188102857088,162.455036433107,-17.9844292374257,25.1476185169912,-112.9669998317,-158.876833825028,1.46623979833093,0.15288506,23.4477529117004,FALSE
88,Gaia DR2 3556039819358512640,162.909248030825,-17.8087143854002,2.3322387170388,8.21092614771686,-5.00869457489907,1.6273356585764,1.1893554,8.02555130221123,FALSE
89,Gaia DR2 3555843900130202368,163.704246247132,-18.0512325568053,2.63434414208411,-22.6246182104788,2.67323976835487,1.62122208233681,1.9635297,17.067144422896,FALSE
90,Gaia DR2 3556024602290417280,163.319040200232,-17.9543998631446,3.98253327620438,-47.4583934296782,-9.65502845589245,1.55134426984103,0.34394768,1.42890844882997,FALSE
91,Gaia DR2 3556024705369632512,163.312314972992,-17.9453438773164,1.26121298735907,-9.62411432953931,-3.15605565122612,1.6243452921017,4.8909316,-25.7672665651981,FALSE
92,Gaia DR2 3555875274867491840,162.442877609464,-18.7113139153601,1.57015974051424,-14.0679932879781,2.35127108171917,1.5597510774596,5.597021,20.9405667482825,FALSE
93,Gaia DR2 3556074595709736064,163.261292085445,-17.5344511112569,4.59345212681529,62.9841717710213,-76.2626334610083,1.58646252524036,1.0406117,28.7850351246904,FALSE
94,Gaia DR2 3556066246293340416,163.621320817427,-17.4829813175903,0.483998844719696,-7.07799290476483,4.45558782407192,1.50230278719852,125.552574,12.151884401227,FALSE
95,Gaia DR2 3555847645341681408,164.053796999938,-17.9820870415141,2.04301060075541,-24.1560298254864,-2.6435883340066,1.6337070797522,2.1362922,36.060965897765,FALSE
96,Gaia DR2 3556115552517705088,162.663142296271,-17.4728503763134,1.78123514154526,7.18850860240975,-12.5237980686096,1.62230977334196,3.6153774,22.0006468388199,FALSE
97,Gaia DR2 3555985741426256640,162.434751187729,-18.0156459639799,0.250654832654573,-4.24826271332315,0.334160237295971,1.54865558692425,80.6035,109.804355356554,FALSE
98,Gaia DR2 3555845343239212416,163.873635954714,-18.0114874394893,3.35478578086104,-12.6337414961833,-23.6048905183951,1.61499481984365,1.1510211,30.2213562598744,FALSE
99,Gaia DR2 3556170734257524736,164.697624690946,-17.8367499874808,5.03148605085403,67.3836641265143,-41.9692199785596,1.50469788822444,0.22804317,-7.3665557139933,FALSE
100,Gaia DR2 3555894688119605632,162.295345498155,-18.5163265484668,6.31448209934532,-27.7791722780009,-1.69510167958657,1.64992230942372,3.0547185,7.98062598292981,FALSE
101,Gaia DR2 3556150427652262528,163.223411647134,-17.0458859721243,3.90307568814907,-1.29570634249865,-17.3674933772922,1.61983641218752,1.884388,13.2689512322037,FALSE
102,Gaia DR2 3556042636857057280,163.108257737785,-17.7590086180567,1.03579361673931,-11.6949671894967,3.78357013911985,1.54868389630162,4.3875923,-20.9500549972661,FALSE
103,Gaia DR2 3555982511610847232,162.443236761097,-18.064860516868,1.30456372586374,-20.3990515162411,6.3736712526094,1.66566935984524,3.7647111,-3.15806472836085,FALSE
104,Gaia DR2 3556090195030853120,162.65648649436,-17.740214723979,2.08423731217307,-1.44407008646265,16.9583243095273,1.62272165434814,3.2635314,-41.9273667354049,FALSE
105,Gaia DR2 3555847473542990208,163.99368200076,-17.9979857816179,2.89708564259436,-10.7721443913321,-0.266398194803769,1.60689830123019,0.8139728,-18.0396024420641,FALSE
106,Gaia DR2 3556157535822023552,164.607733826522,-18.074313889391,4.08622950405482,19.7865204168343,-11.0991300997723,1.5928484305591,0.6523161,8.01973058257762,FALSE
107,Gaia DR2 3556100949628931072,162.998591275793,-17.4776544052837,1.17768939687813,-14.3309869971197,-4.35342535467725,1.53710276879294,3.770388,-14.0699008361185,FALSE
108,Gaia DR2 3555958356714731520,162.107868968014,-18.2082278633322,3.25045940177034,-25.8305965056368,-25.7528587833774,1.57052227690953,0.60636944,43.6904408453713,FALSE
109,Gaia DR2 3556105618258610304,162.666884715599,-17.5672316697924,5.77738479411469,-26.8674263972501,-10.1370660556489,1.55049613682369,0.34315062,-14.1651536946563,FALSE
110,Gaia DR2 3556112563220493952,162.789324303382,-17.4866050871889,1.80929808235004,-12.7654984674659,5.47886717911688,1.56863700953837,99.40824,0.0475465653467211,FALSE
111,Gaia DR2 3556030099848559104,163.356917860035,-17.8294721696296,3.62085643242063,37.1922777924727,-30.6254300154918,1.58584996518318,0.9175199,30.2587271272711,FALSE
112,Gaia DR2 3556113903250295552,162.885100566891,-17.4405067935883,3.15610558524667,-18.2575443924795,-11.6280059838498,1.58984469540491,0.8322201,-24.4651643316626,FALSE
113,Gaia DR2 3556058343553523840,163.683450566713,-17.6914622395195,2.89269223812456,-4.49031894629179,-10.7489949499703,1.60369188962495,1.4657865,6.63087126473217,FALSE
114,Gaia DR2 3555887262120816896,162.571816795202,-18.5294499996639,3.36666288855611,-1.06185816961867,4.70332091590093,1.58549370013398,0.8980556,7.88830358488163,FALSE
115,Gaia DR2 3555952412479991424,162.067645261334,-18.2429751364762,4.68098752381136,-51.2751933216633,-2.22211763943978,1.65042977771075,2.0349786,24.72710152485,FALSE
116,Gaia DR2 3555882864074306176,162.666310663511,-18.6116824330618,1.20981563509076,-6.35732792744783,-0.574564125832986,1.64475940145572,4.385611,-16.458994114156,FALSE
117,Gaia DR2 3555867986307804288,163.869270511137,-17.7541792815822,0.565589374718897,-5.8986861099929,-5.13390908648754,1.55451711923217,22.240969,23.7831727244801,FALSE
118,Gaia DR2 3555951519126791040,162.01606329558,-18.3141281805993,1.6087110918272,-53.5350935783494,-8.62309377965397,1.59540796727153,2.3317738,33.742707614938,FALSE
119,Gaia DR2 3556113147336048384,162.844906566075,-17.4812780026888,0.563393685838305,-8.29199846753638,0.964030176844469,1.52964380358566,51.637943,11.6008844131688,FALSE
120,Gaia DR2 3555968630276503424,161.958445762963,-18.1478461902243,3.97691929079846,-23.3563678398491,9.10634116067351,1.63008206205461,2.6502614,-5.06465789781367,FALSE
121,Gaia DR2 3555874518953177216,162.385120317503,-18.7816885672853,0.57278534925891,7.07999336321364,10.1192363195724,1.54718846819465,74.25459,5.6903300511537,FALSE
122,Gaia DR2 3556058206114553472,163.65157999065,-17.7127758935768,2.19977295343212,-33.4906255247695,15.702090659639,1.58879653353054,3.1486442,42.4354941810462,FALSE
123,Gaia DR2 3556135687324550912,163.34196404208,-17.2121988918261,0.699341901063164,-3.91596189972738,-4.88767146289603,1.50368740279915,80.12224,101.35624755272,FALSE
124,Gaia DR2 3556164961821470336,164.676417259751,-17.9816093504405,1.04777937343521,-13.1035688502944,6.34822209267481,1.59423743147996,5.075051,8.02002287846256,FALSE
125,Gaia DR2 3556052949074578688,163.48693045574,-17.7387850293048,5.95385681271304,-2.97546668277228,-91.1589387352408,1.48741954162793,0.13086103,19.405127713362,FALSE
126,Gaia DR2 3556080574304199552,163.375725956118,-17.4464019089802,0.554413965426693,-21.8700669764247,3.37801461652003,1.56821912878031,50.91106,15.4363363453358,FALSE
127,Gaia DR2 3556054667061496832,163.434352030887,-17.721971498692,2.36466709508636,5.21329848028413,-7.73800675368815,1.62811882381986,3.9406729,-4.85813580231382,FALSE
128,Gaia DR2 3555871564015520384,163.801976541932,-17.6895102471292,1.84112440541454,9.2370643226913,-2.17376353452599,1.57264073558032,11.682808,20.0492020241678,FALSE
129,Gaia DR2 3556127131749634944,163.162632882174,-17.3527650598742,15.4912450488717,-101.241027717743,-25.047900332561,1.54141142043813,0.31941387,14.3284563549488,FALSE
130,Gaia DR2 3556065833976478208,163.614062639825,-17.5255266686163,1.33710929547909,-23.5007532631891,7.42822265319391,1.56144616688248,4.496571,10.0468467422037,FALSE
131,Gaia DR2 3556082051772952192,163.372010867282,-17.3859747068115,0.538493143769926,-11.2794608946592,-1.04979949969413,1.52721904713648,51.46665,65.1158012171222,FALSE
132,Gaia DR2 3555949354463269632,161.941686318019,-18.3801936604881,0.971233974918541,-9.9528052948888,5.66875915655786,1.47002657158746,117.08761,23.754584296638,FALSE
133,Gaia DR2 3555935193955841536,162.801224972729,-18.1579266467588,4.80778560841205,-32.0337346554123,52.9672094421873,1.58735952561941,0.4733496,16.6431931771741,FALSE
134,Gaia DR2 3555864245391242880,163.658880065663,-17.7795819277172,1.09443040127356,-16.51917598159,3.27423030221897,1.56168202675949,42.43452,38.4143272567103,FALSE
135,Gaia DR2 3556154963137597440,164.525581474893,-18.1795166064463,1.57406609399115,-2.91483187042829,5.73794313342122,1.61315309602929,5.1544585,-21.2278562372828,FALSE
136,Gaia DR2 3555990448710463872,162.675821097234,-17.9050129041748,0.346310866769785,-4.17215659039029,0.673954288750368,1.53944528566745,58.69275,-0.78740850530227,FALSE
137,Gaia DR2 3556097719813512192,162.86642345757,-17.637250683683,0.904630396925306,-10.0624763832173,-4.42968338737589,1.49222290347894,28.81653,54.287356548519,FALSE
138,Gaia DR2 3555967840002508544,161.820034685983,-18.1522346098246,1.8735129959448,-28.6268603604274,6.8792018356274,1.51104122323461,46.40225,-10.3270135862276,FALSE
139,Gaia DR2 3555853284634749312,163.942563230531,-17.8493037589961,6.94611362683488,-85.9721285330194,8.49829817625085,1.58892944860035,0.7631075,0.0424243068316219,FALSE
140,Gaia DR2 3556047176638432896,163.116919878424,-17.7199831411075,0.379773028128595,-1.24071393968595,-4.72572506641835,1.50458014779031,72.41577,60.4670836385196,FALSE
141,Gaia DR2 3555938698649043200,162.82655879559,-18.0327470574526,0.941423203851869,0.794815979048861,2.55471895487547,1.55654692482654,15.266232,-22.5725674797479,FALSE
142,Gaia DR2 3556072671564309504,163.149515444761,-17.5900728349611,2.92689648816672,-14.2996499891789,-2.94925141830574,1.59144164633674,0.76090676,-0.591000596577096,FALSE
143,Gaia DR2 3556011270711833472,162.294664439513,-17.7216494231008,0.851577500025885,-2.81304934480741,3.91276362921735,1.52051894141757,49.29082,27.5680863298908,FALSE
144,Gaia DR2 3556147060397898368,163.174109536438,-17.1696951745602,1.10198235231785,-20.4295206920054,7.67588172855807,1.54149257095239,12.556318,-12.8599337961803,FALSE
145,Gaia DR2 3556100983988663168,162.904907126651,-17.5431837352778,0.531446839007527,-16.9618632888017,5.58907203118979,1.43717706509861,256.08218,40.5675584458943,FALSE
146,Gaia DR2 3556018997356922880,163.022086676252,-18.0691725279966,1.21675900938085,-7.87250915908342,-7.55673062453086,1.53365119189246,4.448791,14.9189484952936,FALSE
147,Gaia DR2 355690229178002048,35.5611248405765,50.4534342391148,0.324090159919103,-0.86749754359989,-1.62381461978759,1.40021399911758,114.93933,-90.310065963835,FALSE
148,Gaia DR2 355680127415011456,35.2700318022473,50.1881867929289,4.51092516250785,-8.61211273229299,-3.32887035268544,1.52146099878117,0.2879799,-12.4353657487099,FALSE
149,Gaia DR2 355598724896053120,33.5008717251796,49.8016114095333,0.736381459141598,-3.55388488856608,-0.504722318883493,1.64320717922832,13.940833,-32.4613564675057,FALSE
150,Gaia DR2 355680230494227712,35.2408638715695,50.1879430456223,0.592306515047155,-3.8129172621121,-5.17360856808417,1.46170628908127,82.08871,-60.0015108371134,FALSE
151,Gaia DR2 355618692201969280,34.2110776524937,49.9976496124583,0.461684267611216,1.00675317554172,-1.11448133400276,1.52071732275667,45.979855,-8.40844451469243,FALSE
152,Gaia DR2 355636559265390208,34.0105294400954,50.2139464901841,0.311810940814734,-0.600950206787565,-0.894247459728321,1.35322624543017,113.29543,-89.5735387997648,FALSE
153,Gaia DR2 355660370565453056,35.0546739173965,50.2038064889785,0.470790922456593,-3.47316516201622,-4.90336003479282,1.51837261666193,27.840364,-15.8443163101251,FALSE
154,Gaia DR2 355674526777393536,34.7752406445336,50.2221529718529,1.34650961107113,9.53182858208863,-8.21931999919046,1.52191334215182,10.37395,-54.0237196017698,FALSE
155,Gaia DR2 355625186191985920,34.2219464929509,50.2010451839335,0.471740805443967,6.65866853861802,-5.09952375114737,1.45716376180905,133.93027,36.1463729467633,FALSE
156,Gaia DR2 355633707407108480,33.8692705645288,50.2242467289582,0.711194466664975,0.223958443162423,-0.936368398967524,1.51269413376033,43.45488,12.8575665834281,FALSE
157,Gaia DR2 355626045185622272,33.8941179347841,49.9131991153675,0.658577592462417,6.00430322136609,-7.19615412498309,1.49982680327079,5.431471,-7.32305612282831,FALSE
158,Gaia DR2 355679337141033088,35.3097811964335,50.1697564337984,0.335722015755252,2.01157822601873,-0.590403469790384,1.42459598526158,209.96936,27.8573486185269,FALSE
159,Gaia DR2 355697891399374336,34.9676060524069,50.3922581207176,2.92141688131099,-9.42817266798687,-12.988657941974,1.63098923698549,4.7605515,-40.1036116790569,FALSE
160,Gaia DR2 355659683370692736,35.14822547049,50.1685361691206,6.49016097273406,-10.5411428652991,-55.7108266798921,1.61375233109946,1.3662553,0.843560638103046,FALSE
161,Gaia DR2 355692389544909824,35.318237692203,50.446506748311,0.224061698958078,-0.738419265769893,0.280397156011662,1.43590629303874,198.09874,-50.0603714965107,FALSE
162,Gaia DR2 355594399866710400,33.6093808149031,49.720322587661,0.425804557854252,-3.50672691172509,0.413247241955264,1.52026476448981,36.729885,-29.295983775462,FALSE
163,Gaia DR2 355613744399286272,34.018905354155,49.8992761212079,5.44639095343604,24.606922306552,11.8827546868997,1.47437476697065,0.12450159,11.26457213887,FALSE
164,Gaia DR2 355691156890924544,35.5224778016393,50.4993297023786,0.335035443989797,-0.791783142999479,-2.12646187656738,1.44715955656466,46.893314,-40.0136229030488,FALSE
165,Gaia DR2 355596628954543616,33.3589939479524,49.6945171054126,0.531514034951241,-2.60473772310886,0.0500829939122983,1.52114988643491,52.045284,-32.413234478686,FALSE
166,Gaia DR2 355592746301578880,33.5749998059007,49.6627203826263,2.45811417649931,30.17850627595,1.33118839805212,1.59565474710648,0.9214124,43.3468928424393,FALSE
167,Gaia DR2 355631439664444416,33.8031117617473,50.1140457828691,1.42496851332508,19.9999484717025,-8.33839688334994,1.49451791835179,32.130062,-9.9428633721407,FALSE
168,Gaia DR2 355683494669362176,35.160047813207,50.2340512637134,0.283765260868203,0.281958558773177,-1.77632033406927,1.3956315690123,498.29874,-9.8595844216285,FALSE
169,Gaia DR2 355606284038491392,33.7101204988926,49.9252186137343,0.485510785744132,-0.242300430402018,-1.07798360480523,1.50446601375044,39.996567,-9.01741174394435,FALSE
170,Gaia DR2 355691500488304000,35.5576919956749,50.5132155732328,0.798320073959989,-2.08898875436527,-2.60295359142814,1.49436534232237,35.63297,-61.9166138772242,FALSE
171,Gaia DR2 355694043108943360,35.2992077893507,50.5454598390977,0.385570318677047,-0.214566487350388,-0.619401517600505,1.37510755414824,246.0293,-37.7163133976709,FALSE
172,Gaia DR2 355661057760206848,35.0517912673439,50.2498318701681,0.842380163556417,5.903592799067,-1.67474118978716,1.62135753624846,8.534729,-8.73576334988904,FALSE
173,Gaia DR2 355603573916733696,33.7801767038465,49.9187455277736,3.13746671210329,1.56713725931222,-12.2032534693025,1.56392390263551,0.6654984,-18.4622973307064,FALSE
174,Gaia DR2 355674526777389312,34.7779472441325,50.2268096523341,0.765451253836713,2.49286200492371,-6.16416365750877,1.4813197063564,36.348682,-27.321383428263,FALSE
175,Gaia DR2 355641060391063808,33.9413928693934,50.3328221897891,1.67176630519236,6.25271491889161,-7.70233550011651,1.59612255388657,2.7101116,-5.47177896212115,FALSE
176,Gaia DR2 355660538066579840,35.0385824932794,50.2012158336643,2.41084933426881,-8.83512761432115,6.11673476758755,1.60527213350763,2.8332403,-32.1619371427905,FALSE
177,Gaia DR2 355688923507972352,35.4314378074662,50.3777488176847,1.63927995278435,-3.45930634356009,-3.15376376406581,1.54126510680094,1.5061724,8.27074714792212,FALSE
178,Gaia DR2 355661298278225152,34.7241235383491,49.918017355407,1.19257133414221,-4.79469360961286,-0.395473788113349,1.65653197273753,33.98284,-16.7248645704631,FALSE
179,Gaia DR2 355698887832098048,35.1164961829739,50.4197298528596,0.764260784225102,-2.71726905875769,1.75344446467506,1.48762475133867,66.82586,9.59294774936834,FALSE
180,Gaia DR2 355622437413403904,34.2493382169673,50.1100954950416,0.779068711177455,0.651285143422088,-2.31934267924906,1.51863177405337,172.61188,-29.8312161603427,FALSE
181,Gaia DR2 355672808790726528,35.0474328134428,50.258866917412,0.373261718838415,-2.09011433809403,-2.1092056096482,1.49393533887766,258.61188,-89.9454990890741,FALSE
182,Gaia DR2 355612125194033664,34.1414025523802,49.9004929982436,0.474735795370721,-1.33984557861301,-1.73353220436034,1.51692966476684,52.747425,-23.4151744295629,FALSE
183,Gaia DR2 355701258653707520,34.9395607175962,50.4437145085636,0.76324604591197,-5.87854244108825,1.65719292368482,1.50874332920529,62.866444,-77.8308828547044,FALSE
184,Gaia DR2 355636868503021440,33.991167552473,50.2447417544878,1.25304107585856,-7.6519376665681,-5.39413232912496,1.62376586487323,3.526299,-54.0078930685549,FALSE
185,Gaia DR2 355675523209795200,34.6984236371149,50.2494242223778,0.225384273444299,-1.33481124897308,-0.594644911739324,1.44710540914999,125.18365,-58.1576270948011,FALSE
186,Gaia DR2 355627969330907904,33.8520107034136,50.0319775790618,2.54635934910659,3.9476131351788,5.71365710343132,1.57252414376765,0.9582101,-16.8816525258146,FALSE
187,Gaia DR2 355609930468371712,34.0579830266212,49.8133238974783,0.218161064684379,-0.38656842467851,0.612619475177848,1.49529643989811,53.025284,-29.1007780793014,FALSE
188,Gaia DR2 355630748172223872,33.7502014732974,50.0444665194131,0.31827867436049,-1.7981036166268,-1.76468560575277,1.4654524788693,71.775215,-119.567213244598,FALSE
189,Gaia DR2 355661710595080064,34.7127210639795,49.9651570737962,0.52693052413033,2.83244579100392,-0.843774560464828,1.32703998185277,536.21497,21.5985293647378,FALSE
190,Gaia DR2 355686621405511552,35.2089913329737,50.3718511883591,2.80055213051133,40.6580444547185,-14.99502211557,1.60676299650483,2.1275265,-5.33870539674194,FALSE
191,Gaia DR2 355642331701896192,33.9991898154356,50.3863990825798,6.07730076661696,139.642597548835,-44.9293088056927,1.597606479122,2.3571591,14.2765446515087,FALSE
192,Gaia DR2 355622776712921984,34.1272537256252,50.0678555574903,0.637195551920286,0.253560394868575,-3.69533745042789,1.48113786609605,46.725067,-42.0817924709147,FALSE
193,Gaia DR2 355616076563941504,34.1321984608834,50.0127778300367,0.254629346625882,-1.09487104386739,0.729985206344569,1.4660883014545,71.28421,-10.2607738278235,FALSE
194,Gaia DR2 355687995795045504,35.4502139626454,50.342492584622,1.21676470401889,-0.771087955008238,-7.67354494334158,1.57456725926586,4.398047,-49.6069271768347,FALSE
195,Gaia DR2 355663875258575744,34.8237307570152,50.0557918510597,0.37630889564747,-1.69687649208541,-0.0528186906916273,1.5468005150032,31.587631,-47.9343000496297,FALSE
196,Gaia DR2 355623227686956416,34.0917459595145,50.1157828521991,0.348061193394194,-1.07997806127931,-1.38422875775186,1.45291944713475,39.019985,-76.0243398328104,FALSE
197,Gaia DR2 355602543124595200,33.8837657495637,49.878558156895,0.357600716337322,-1.9168959192366,-0.613432299864614,1.48972530692416,43.511578,-66.2626994182847,FALSE
198,Gaia DR2 355615423728914176,34.0656766409313,49.959545210345,1.71657424250415,0.583342088261511,-6.83898260120131,1.51289577695984,44.510624,-18.2716789865115,FALSE
199,Gaia DR2 355615526808129152,34.0878589811472,49.9645242975959,2.16301983190187,13.3318738161433,-14.268844122606,1.60321000491389,4.875208,-10.4754004748208,FALSE
200,Gaia DR2 355658304683800832,34.9297422680352,50.1107089682129,0.745259478319619,2.24180200381943,-3.15746686710757,1.50619231685833,17.184013,-1.83485960646396,FALSE
201,Gaia DR2 355630816891684864,33.7320360885553,50.0572891781058,0.855894743192718,-3.32851839899628,2.30441926345475,1.63143353904675,19.17883,1.38819218218404,FALSE
202,Gaia DR2 355632848413700480,33.8466625554181,50.1419523350465,0.28850567243042,-1.32771111338468,-2.03706295063776,1.48210728959372,48.165497,-32.3080869518916,FALSE
203,Gaia DR2 355662466509320704,34.6987744061333,49.9891279317372,1.94453159608869,2.90953828670761,-9.86343669183763,1.62866803465366,2.044161,-4.36619206886211,FALSE
204,Gaia DR2 355693317256970496,35.299472949619,50.4725807397292,0.538169490053337,-2.77510919849421,-0.568643453936446,1.49004092546304,35.874733,-66.7536579414355,FALSE
205,Gaia DR2 355592437063933952,33.501260387731,49.6336306155048,2.45748348280423,-3.45577897575363,-9.63697960402157,1.608444310139,2.1338968,-1.60055913691138,FALSE
206,Gaia DR2 355634012347352832,33.7493304520983,50.174062928781,0.918791077977215,-0.873458861356935,-2.12593720879153,1.6101159318029,15.537858,-49.3090899006605,FALSE
207,Gaia DR2 355645149201437440,34.9270930002521,49.8090095462094,0.690160468124184,0.887349684555137,-4.42142864744805,1.62406834387726,10.088711,-51.4238646173812,FALSE
208,Gaia DR2 355645149201437056,34.9306161167459,49.8106045219699,0.947297725480585,11.3282026943842,-6.61165801775335,1.49513041543462,4.703888,-40.3933876770353,FALSE
209,Gaia DR2 355676794520051968,34.8810826114912,50.3388055619472,1.95590854484387,-4.3311733011538,-8.4067164593966,1.62683615653884,2.0569172,-35.7524140009824,FALSE
210,Gaia DR2 355651711911204736,34.8453046129131,50.0077421862724,1.79133339071352,37.8623700256652,-6.95288317280484,1.47624304965397,41.563866,24.1247489511681,FALSE
211,Gaia DR2 355648035419459456,34.8691785922119,49.8219867983702,1.84430077211566,-5.17549807938585,-14.6016036101886,1.58785376444507,2.9351242,-57.6070331483846,FALSE
212,Gaia DR2 355686582748257280,35.1958122409243,50.3542665804979,0.398252697121238,-2.42188836317837,-0.752086302402954,1.48161295666198,45.199818,-84.4557266363159,FALSE
213,Gaia DR2 355688094575616896,35.4669427569143,50.3528321734284,0.350440466972438,0.733270279125047,0.45550110877012,1.44033418283706,80.15564,-98.2028647906583,FALSE
214,Gaia DR2 355655010446299520,35.2032486628659,50.0621886071783,0.360827837812733,-0.276139437429713,-2.09916669639843,1.54151931561133,50.883354,-44.2557552222634,FALSE
215,Gaia DR2 355658034103277440,34.9643685908041,50.086783879886,4.40686082285396,15.9644801026828,-8.65351652195857,1.64104344183996,6.4335513,-33.5932913667173,FALSE
216,Gaia DR2 355644633805357056,35.0393475886061,49.8185788619006,0.388072356758213,-1.24908276027686,-1.28973682498301,1.4831876443724,34.169952,-41.6282451617607,FALSE
217,Gaia DR2 355614014979645440,33.9518050227103,49.8654462313524,0.475642182699399,-2.25506848979331,-1.82177445320767,1.44619444231563,472.7514,-88.8670869631035,FALSE
218,Gaia DR2 355625667228299648,34.2715265279347,50.2413366199163,6.75082463355402,31.4070022243047,-23.0020255199724,1.60804855885153,0.6905287,-4.60293335522811,FALSE
219,Gaia DR2 355607177391687936,33.6874995659436,50.009543864662,0.291829698976958,-0.915140614013711,-0.892918626110562,1.44880210443513,84.93353,-50.8456755849486,FALSE
220,Gaia DR2 355607211753188864,33.7209958041791,50.0097236435153,0.401098077277547,-2.22806575551539,-0.163426429850508,1.46827425094095,32.47046,-44.1126944337616,FALSE
221,Gaia DR2 355628450367231360,33.9811127250031,50.04046891173,10.404246262084,43.1077794067547,-10.2386294732535,1.61012640360968,0.8991062,6.56657784403333,FALSE
222,Gaia DR2 355637379601723008,34.09513117721,50.2383970254761,0.652876160484942,0.361475597218501,-2.27759187643093,1.50214676688323,17.721296,-13.349098437549,FALSE
223,Gaia DR2 355627179056962176,33.8572846103926,49.9669559531341,0.733370910260571,-4.84950042030697,1.9354047904122,1.59041270284118,6.711779,-44.5411325247202,FALSE
224,Gaia DR2 355621436683123200,34.319562783876,50.1389360145009,0.257747156737438,-0.0877379917677437,-1.22911413959641,1.43198333192449,214.88496,-39.9465817080006,FALSE
225,Gaia DR2 355606009160584192,33.5667918216143,49.9547776401248,0.469405198376221,1.29077647123641,-3.67603649568285,1.50505171719124,24.529455,-52.5893797498136,FALSE
226,Gaia DR2 355606735012640640,33.6640021585818,49.9756825180322,0.438959471507655,-3.12007533147125,0.264677584353198,1.4727663337529,98.44691,-51.8913184718233,FALSE
227,Gaia DR2 355605768642416000,33.5771567441747,49.9266933232753,0.987901892225113,1.56160048556075,-1.51366709338702,1.56262419230212,5.6159286,-7.74166293014845,FALSE
228,Gaia DR2 355597316146780800,33.4248713619886,49.7524104407492,0.633597108294653,0.841940368157114,-0.959861979495927,1.49234911932217,34.50927,-2.47655904373545,FALSE
229,Gaia DR2 355665284007812480,34.8089521419645,50.1437589589205,3.31728242373852,39.3193489444623,-22.0924566999955,1.38369853587101,290.42776,7.84933634548517,FALSE
230,Gaia DR2 355664180198851328,34.8648799114746,50.084621800795,1.3624929056739,4.19546332822778,-2.7164501554954,1.64522302760632,4.3018613,-23.837099964831,FALSE
231,Gaia DR2 355604634771050752,33.6684193696785,49.8640174653389,0.689860444624235,-2.29723622899906,-14.1802194419197,1.46110004187565,22.458555,-37.1925731226212,FALSE
232,Gaia DR2 355605184529145216,33.5532997674018,49.8727742571746,0.766585314744799,-0.806943265882415,0.00136038114830713,1.49290209481623,48.326057,-58.6832074695248,FALSE
233,Gaia DR2 355606735012641536,33.6707076863254,49.9731278757331,0.456940142013872,1.31624076922385,-2.09616231469465,1.47106610900581,28.39652,-9.27325000470145,FALSE
234,Gaia DR2 355658583859077376,35.0000417606717,50.1362749731957,0.403357899373049,-3.23311043142607,0.785519387894967,1.50339990459713,236.04716,-55.0552803872746,FALSE
235,Gaia DR2 355678478147185280,34.8441327082033,50.4298282631908,2.2903641660087,-18.2057203388581,-20.2773271384919,1.61071157037447,0.78220475,-40.5142826201375,FALSE
236,Gaia DR2 355607731445039488,33.5940572811901,50.0098797497042,1.69372960932727,20.5575836956118,-12.0456411200196,1.52796158129706,2.8657284,-36.0478684964294,FALSE
237,Gaia DR2 355633393872073344,33.8883097203374,50.1945007468501,0.647204007064947,10.1357814037437,-4.45670816580421,1.49746505278992,44.03395,-30.9428848045063,FALSE
238,Gaia DR2 355682979273251328,35.3632146814437,50.3288660713358,0.887166332236482,0.587173055734832,-2.21718678043023,1.53674799283569,29.773003,-34.849577418026,FALSE
239,Gaia DR2 355656109957919232,35.1520704410355,50.1034341027525,1.15568994206183,-5.93358590321425,-5.26212094918832,1.60866532353409,3.797122,-36.0106862079445,FALSE
240,Gaia DR2 355625662930939648,34.2830584465624,50.2335506498035,6.66861861770252,32.0425514871256,-20.8933728668172,1.39165082533886,0.24737836,-2.01481813385369,FALSE
241,Gaia DR2 355693115396038784,35.3046861562846,50.4446226245515,0.332797111194127,-1.28425718978397,-0.337444481535016,1.41369986199299,243.7926,-47.5335343414207,FALSE
242,Gaia DR2 355655285324200960,35.2690444266721,50.0757357076665,2.19288590951739,-3.64881451011589,0.106344343984952,1.55896696357302,3.2400103,-9.29844872373843,FALSE
243,Gaia DR2 355662294707832832,34.7594382902178,50.0338171555826,0.871070031032086,0.149106815051874,-4.44284071682176,1.4936854252804,38.21911,-30.2404854387515,FALSE
244,Gaia DR2 355661500139261056,34.7087700016319,49.9407722612243,1.63453373413402,7.23085747985536,-1.42161644892167,1.62228787621967,3.0879142,3.18109696992198,FALSE
245,Gaia DR2 355655835080018560,35.1781006035121,50.0749490231212,2.59407121365473,16.0652026646298,-18.7044622450986,1.54942782964887,8.9953575,-4.72120857533295,FALSE
246,Gaia DR2 355596147915676928,33.4522739412693,49.6954281198951,4.02530447958551,9.45636923443634,-15.8264872277725,1.55148881564201,0.42914075,10.840370916718,FALSE
247,Gaia DR2 355627522654327040,33.8036220475047,50.0042234767356,0.373918402937874,-1.03097557094158,-0.799605492268678,1.55889455844259,41.732517,-10.5854041305156,FALSE
248,Gaia DR2 355598106420762752,33.5715539351999,49.7852836229453,0.259344494373074,1.11947882716427,-1.48970951272476,1.44840815191895,196.9306,-40.9380024235209,FALSE
249,Gaia DR2 355632844116260992,33.8614252196807,50.1446711600607,2.83373003247563,17.5719889709489,-29.2905386657429,1.60507353191444,1.0538524,2.34359649080152,FALSE
250,Gaia DR2 355615324947227264,34.0854788047716,49.9378062902055,0.335603280544764,-1.39853429937596,-0.809721588052356,1.48351405957853,49.302425,-43.0593613071563,FALSE
251,Gaia DR2 355604737850265344,33.6693596742306,49.8886006910445,0.538007855205396,-3.16244080333322,-4.49852215594658,1.62028964087238,27.41493,-60.3342951745806,FALSE
252,Gaia DR2 355662294707836544,34.7544338904805,50.0281344511956,2.20413107776535,4.76213711418077,-8.34117952931157,1.60051913152955,8.045778,-8.62154230866296,FALSE
253,Gaia DR2 355648993194495616,34.8996231781325,49.9101453475123,0.437988459701067,-2.22622345202161,-1.41986697906688,1.47772373019157,109.47169,-26.9625968242387,FALSE
254,Gaia DR2 355649611669785984,34.7755254627151,49.9316871960437,1.33168855576132,-2.40745645450633,-1.27876061787406,1.62316046715108,2.4957387,-26.2810508060463,FALSE
255,Gaia DR2 355670609767499136,34.9479112566496,50.1684296470278,0.752190307394774,-3.76272211274556,-3.98971814728161,1.49035449251745,46.23955,-38.2936161633218,FALSE
256,Gaia DR2 355606116537361536,33.5859031493166,49.9603153583768,2.4392300299605,27.1581853193764,-3.30664998352198,1.49239717019261,19.967693,18.8536114490574,FALSE
257,Gaia DR2 355635459753792384,34.088731337147,50.1538803800216,0.782736998673208,-1.39825918908124,0.898478660485713,1.32277977117419,523.60376,-43.3355444256691,FALSE
258,Gaia DR2 355636417531079168,33.9724491393497,50.2110523313107,4.2135508187277,31.5561317358124,-33.3807573194308,1.51668390308438,0.27643496,-44.7585377387233,FALSE
259,Gaia DR2 355593747031689216,33.7266058008901,49.6924278029247,5.34513343536468,-34.998930922911,3.59534358230187,1.61550575145157,1.1010792,-21.5438476475548,FALSE
260,Gaia DR2 355644045391221888,34.974384404202,49.7637760528457,0.274749264868831,-2.143659663361,-0.895030611320014,1.43163939140522,123.616104,-8.82113272509807,FALSE
261,Gaia DR2 355684937778351104,35.1550509276235,50.3152922434527,0.320171719783773,-1.04023285703256,-1.04084695310369,1.41354722515262,734.87964,-66.0760025679694,FALSE
262,Gaia DR2 355645866457354624,35.084372922283,49.8341059615022,1.69119817799959,10.5988661535672,-0.114843629662761,1.60006390265848,2.8231936,-14.7273350626214,FALSE
263,Gaia DR2 355671400041221504,34.801344087724,50.1821707089956,0.608138837752291,2.11409788426838,-0.672782028072494,1.50644935933829,43.11641,-52.9499067088179,FALSE
264,Gaia DR2 355656002580169856,35.1405054278954,50.0874057222186,0.77211605349354,4.37052606723428,-5.70711564648632,1.49529497945862,16.164062,-28.0808226397255,FALSE
265,Gaia DR2 355658717000448896,35.0329652241781,50.1545907307565,0.698273186757939,-0.701796403019144,-4.44147613173514,1.63324021790236,18.995956,-33.633490204828,FALSE
266,Gaia DR2 355675003516430336,34.8255158975046,50.2701592430615,1.61451600905859,-7.36763742368942,-3.54635817733919,1.64260180693203,3.9259229,-23.8179529569097,FALSE
267,Gaia DR2 355660301846100480,35.0756829068739,50.1834194518094,0.262836475935516,0.676455781046132,-0.225221294126125,1.4961126407464,105.90142,-5.91886378916883,FALSE
268,Gaia DR2 355656453555290240,35.2536211781769,50.1372548157472,0.686951520489108,-1.78828195018468,-2.37085344447233,1.48972297132346,34.33464,-34.9883014538304,FALSE
269,Gaia DR2 355665215288344320,34.8137611729125,50.1252927319463,0.254079671177992,0.491346852081846,-2.0030847053279,1.45294044722928,469.0205,-34.8965335019086,FALSE
270,Gaia DR2 355634875638263040,34.0697190961515,50.1183359671911,0.361605250256317,-3.96693766097036,1.33214584220658,1.46645221631037,50.961414,-32.4303662188564,FALSE
271,Gaia DR2 355680952048713344,35.2721894639449,50.2540545351146,0.243506493896736,-1.92942192329142,0.196318726244844,1.48627735590041,37.079945,-8.56802970747475,FALSE
272,Gaia DR2 355654490751682816,35.1141156362025,50.0543229898717,1.27526806244363,7.13800149981075,-6.44546829284655,1.58068462724906,7.2321115,-21.2040028957628,FALSE
273,Gaia DR2 355687338662498048,35.2210249297521,50.4124737409744,0.493926075377242,0.633409232991641,1.67179603233293,1.51070530807534,36.147274,14.0776096321407,FALSE
274,Gaia DR2 355654559471159296,35.106468170453,50.0660856388155,1.41330353526916,13.2856758944715,-5.21054524750189,1.63480271797481,3.2101457,-9.10066995356198,FALSE
275,Gaia DR2 355653356880316928,35.1573220921899,50.0126031635466,3.84812258475216,9.80098314422581,-9.59304614797962,1.57422055503859,0.62666386,0.281234472408535,FALSE
276,Gaia DR2 355669059281696128,34.65139859037,50.1756587348673,1.84998372067022,-10.1486142316214,3.20179546094041,1.62644213952838,2.657775,-44.3652382227586,FALSE
277,Gaia DR2 355697680943747840,35.0302447949519,50.3870577673982,2.00409551697501,11.0317600708907,-3.60988211540472,1.62380653103477,1.4997916,-15.5496716043951,FALSE
278,Gaia DR2 355668475166143616,34.7254890614336,50.181244091619,0.353209826353662,-1.97116513343845,-0.276924674679513,1.48481008336804,45.305496,-11.9451560382582,FALSE
279,Gaia DR2 355626148264830848,33.8973481995708,49.9244472903088,1.04250659943409,0.607433222270728,6.30099445875955,1.4805798588516,28.592665,13.2317367181455,FALSE
280,Gaia DR2 355603676995931520,33.8220271815224,49.9460834566935,1.71230166910447,-5.41973165710475,-11.199044687679,1.60422982699256,2.7599638,-33.6064596084269,FALSE
281,Gaia DR2 355680986408447232,35.2778689091186,50.2698002955532,0.643488079254491,0.918944639025422,-1.25236630613879,1.47201268463797,58.39129,-1.62604848196598,FALSE
282,Gaia DR2 355645698957243264,34.968080586043,49.8552556393235,3.502975847816,5.20594747708896,-12.9824253606104,1.65533440798027,2.9113271,-2.55715100571781,FALSE
283,Gaia DR2 355672838852913792,35.0138716717599,50.2548078305551,1.2213556963651,0.646318267897049,-3.34061249911538,1.49112048714975,10.134376,-50.42475627552,FALSE
284,Gaia DR2 355687892715836416,35.4681960388241,50.3219386487584,0.31062668518998,0.22729346406939,0.516399356671627,1.47994538631313,49.31038,-33.118537224319,FALSE
285,Gaia DR2 355677374338373120,34.902214471707,50.3786561424323,0.284419294366941,2.22547221588336,-1.11726837479437,1.45422363233208,145.89374,-5.28809834057522,FALSE
286,Gaia DR2 355692217744405248,35.3677344728039,50.4283898004297,1.99896949454526,6.66581868236979,12.2953509386138,1.58754492142984,2.0100613,50.949263644602,FALSE
287,Gaia DR2 355679916958072704,35.2623795452915,50.156754860796,0.735454950620219,2.60171450834965,-0.12427744120963,1.50515022258628,43.405895,21.3819975875313,FALSE
288,Gaia DR2 355689812562719744,35.5780855287004,50.401550737144,0.619724540970025,2.65182095205177,-3.18186721933565,1.50497398828311,29.299923,-27.0358908852573,FALSE
289,Gaia DR2 355688919209522304,35.4249522652018,50.3793834887719,0.723750018538301,-6.74705722648789,2.06650331064556,1.52249230522806,47.29688,-42.4779474402886,FALSE
290,Gaia DR2 355692183384666496,35.3947230756255,50.4381403982459,0.541373518956809,1.1606229971728,-3.31391696188784,1.48907358406013,38.09186,-44.4791169113053,FALSE
291,Gaia DR2 355680432354147328,35.2372607242571,50.2327068802646,3.35565971458581,45.0052671157943,8.08746486642522,1.56635123958085,0.9432958,-76.7636422672665,FALSE
292,Gaia DR2 355683902687721856,35.2577418374132,50.2778327196632,1.89832158827104,-13.2127719817643,1.05761402665189,1.55366785927304,1.8930793,-67.675096502615,FALSE
293,Gaia DR2 355682528298186880,35.3270069091348,50.299524935548,0.222744677868568,-1.63220708384525,-0.185332038002989,1.39777612651448,317.29828,-39.8817600046459,FALSE
294,Gaia DR2 355621956376666624,34.1745843408668,50.0468396895934,0.894382825854396,5.12528141246224,-3.26958601269227,1.59077548989149,10.181202,-20.8510429639581,FALSE
295,Gaia DR2 355604948306291200,33.6060565315019,49.891874402792,0.498111911884389,-0.72439320570073,-3.04037848622971,1.510008816681,43.15072,-72.9897802979266,FALSE
296,Gaia DR2 355681566225513344,35.4522980681764,50.2452799724001,1.85589937370821,-6.10095072566993,-0.322954618025555,1.64440548353246,3.7211492,-7.1377927394735,FALSE
297,Gaia DR2 355682876194031616,35.3863975708412,50.3419012336967,0.417500459348946,2.92079946021599,-1.83415926053378,1.50313245170567,33.569393,21.8161604854535,FALSE
298,Gaia DR2 355698406795425024,34.9881238549953,50.4349406084585,1.19672777834254,2.68829323862803,-4.76427018904699,1.56450001541692,3.824241,-39.9132380597018,FALSE
299,Gaia DR2 355700532802024448,35.0934615720418,50.5086622940939,0.740949558290242,2.69377667861718,1.75130181453064,1.51465534504939,56.626076,25.6400146378613,FALSE
300,Gaia DR2 355701597953916416,34.9986144743963,50.4850276710099,1.92552304008742,6.38442393340667,-10.4586483480513,1.63909937362737,2.1787646,-25.9779165415588,FALSE
301,Gaia DR2 355690332257213696,35.5532045090602,50.4635817937002,0.560823440511512,4.17432714547854,-2.14211438308971,1.4770639158079,14.722619,-20.9017065884,FALSE
302,Gaia DR2 355691908506758272,35.5450115660771,50.5589634340186,1.69275944816907,-4.43744559390639,-3.41362757743159,1.63500257688105,5.4040327,-1.51408569067513,FALSE
303,Gaia DR2 355694382407921024,35.4858097090811,50.5265506965343,3.66969899859657,0.0153011753604679,2.2026757124379,1.59050551455286,1.1190656,6.71955168062322,FALSE
304,Gaia DR2 355611339218011648,34.3055557307309,49.8887791567382,0.446475911580368,-3.01308092937307,-0.457649399202084,1.43840146255201,116.30599,-56.9757886967153,FALSE
305,Gaia DR2 355647588742839936,35.0441459463609,49.939478524075,0.208765819126012,0.1694857314261,-0.312995974619682,1.42925126821978,170.86685,-42.6088791704226,FALSE
306,Gaia DR2 355682738755088640,35.3666273473319,50.3101274175217,0.384024424408095,1.51252941135096,0.626140275477441,1.4910035667759,12.104718,-35.2543355568025,FALSE
307,Gaia DR2 355634325882407808,33.8324839736676,50.2119122225739,0.421845099343698,1.10864485324687,-3.12177879934948,1.50607461016727,58.83762,-36.538155856123,FALSE
308,Gaia DR2 355647657462313600,35.0895059777765,49.9455070415497,0.579828774341374,-0.541547297300884,-2.24648357798545,1.52878896981861,32.85411,12.9096419397484,FALSE
309,Gaia DR2 355625220551742720,34.1747454551982,50.1682837760294,1.12566118959995,-2.60857952731525,-4.13681509121931,1.62569495382428,10.449115,-7.72182409685457,FALSE
310,Gaia DR2 355650681119288576,34.9480111586378,49.967550228919,2.39934946206806,24.7157798911665,-12.8393655972218,1.5670789439289,0.6843927,-14.7615070050272,FALSE
311,Gaia DR2 355664734252021504,34.7623459609105,50.0992609917608,0.483156242072924,-1.82815901132589,-1.35341555515682,1.52883486047703,24.302244,-7.78476626554161,FALSE
312,Gaia DR2 355610789462231936,34.2649174605612,49.8363577513347,0.435732747185989,-0.185692163253873,0.295916555935846,1.3554949007417,201.77258,-78.4844433757049,FALSE
313,Gaia DR2 355618657842230144,34.2351453888212,49.9965685496834,0.307538652872216,0.737115073655222,-0.722435744700934,1.38273932250404,92.01466,-20.8894719738146,FALSE
314,Gaia DR2 355623983602299392,34.2959769955255,50.1256559992256,0.379070211775614,0.242950506685138,-1.2249204651425,1.47548841535526,31.125551,-7.06714056599575,FALSE
315,Gaia DR2 3556452415392820352,164.070311076923,-17.2105773351085,1.76270241990974,-23.1962039846233,6.67204318479962,1.64642066265768,4.2448297,23.0621569817175,FALSE
316,Gaia DR2 3556516702463227136,163.608617883462,-17.0433817399508,0.773856238980218,-23.8064537182669,3.23301313440671,1.5340158891163,9.005908,58.6587410728101,FALSE
317,Gaia DR2 3556366069369912064,164.873767588176,-17.2393411733878,0.752583214177724,0.240594444660109,-6.50556213360864,1.5019330225639,35.324432,11.3888312315685,FALSE
318,Gaia DR2 3556242644894835456,164.340728877963,-17.4583400376423,2.0557718041248,-0.950397495369101,-4.48026949786538,1.68358691680528,3.4640923,-1.24882254384366,FALSE
319,Gaia DR2 3556420048518905344,165.023759916334,-16.725058490427,2.00194627409078,3.13440178490776,-8.07492125143628,1.65532561655526,5.348852,5.44884351772962,FALSE
320,Gaia DR2 3556408778524761472,165.26546207396,-16.7028815757316,1.0628050012512,-1.11921824264306,-6.46822994924278,1.51707252632625,13.326554,-4.38562628558196,FALSE
321,Gaia DR2 3556418223157433472,165.42656125156,-16.5529216129815,2.15947280850524,-36.6516878714887,20.2226350742039,1.62991038755882,2.1578202,23.4675927613092,FALSE
322,Gaia DR2 3556442897745242240,163.743277221188,-17.3511013993036,6.33812980103837,15.6048429074652,7.98283226857564,1.62115396694056,1.1679465,3.84156857658692,FALSE
323,Gaia DR2 3556520482034450304,163.613369841706,-16.979959957115,2.01415572513238,-22.0709599101123,-17.1637210842291,1.60165391392003,3.4462016,17.8363908987739,FALSE
324,Gaia DR2 3556224713406532736,164.893374922307,-17.3363377246202,1.77115320779575,2.52312888579822,-15.4671576033432,1.65905661926368,7.007204,-7.22555412412557,FALSE
325,Gaia DR2 3556348648982644224,165.392629211271,-17.090105888089,0.536915637178521,-16.5108870895066,4.93524826302851,1.36151053207303,1017.6217,7.69262685600862,FALSE
326,Gaia DR2 3556516771182704768,163.639110021777,-17.035863183906,4.43267078643725,-14.640632247691,17.0009476279885,1.58249006506998,0.8149041,26.8958227141199,FALSE
327,Gaia DR2 3556470896636193024,163.778659822153,-17.0207386519632,1.19418362370397,-16.3262174200462,3.97864795610098,1.56637997720339,6.5548854,-13.7525863335805,FALSE
328,Gaia DR2 3556204230706699008,165.020853063326,-17.5579401238804,1.4617149904756,-11.7179573088323,6.44619702661331,1.57342743498031,5.7576346,39.007550515519,FALSE
329,Gaia DR2 3556424201751905280,165.01981940965,-16.6135766901528,2.50938048389605,-11.5667963253851,-3.05321917045962,1.62153938854949,0.973418,14.6119204728039,FALSE
330,Gaia DR2 3556397508530517504,164.849413100631,-16.7950065860229,3.33068928634636,-22.57345632939,29.5104325358606,1.57047336497638,0.511583,11.3207499591784,FALSE
331,Gaia DR2 3556403070512811136,165.214797736874,-16.8500590954669,4.67981101081951,-26.574379784716,-68.4797814005712,1.52081061194252,0.30754206,102.0679687013,FALSE
332,Gaia DR2 3556479177333377536,164.222551925578,-17.0025813877722,0.763137536790101,-6.41982560548722,0.70332244817539,1.50670973799607,163.74431,-21.7350159076968,FALSE
333,Gaia DR2 3556235090047394432,164.393557231364,-17.6272381338929,2.01813270942356,-18.1054670896195,-18.3956091810207,1.61361079486543,3.3059058,6.34108172581722,FALSE
334,Gaia DR2 3556494776654356352,163.905186336736,-16.9665381097998,1.58944347314155,1.58196486226609,-14.9366452442569,1.59282787561002,2.7397082,-7.77246239306396,FALSE
335,Gaia DR2 3556461756945792512,163.629587723228,-17.1951757290706,3.12908405022496,-18.2171828515407,-24.8759256459862,1.60908215570453,1.3689581,15.7527077282379,FALSE
336,Gaia DR2 3556308894765345664,165.322413500278,-17.3255540583145,1.91399035100766,-3.50439461395085,-1.48092924084072,1.5769622548004,10.327875,-23.4641266024006,FALSE
337,Gaia DR2 3556400497827756544,164.85483188451,-16.7087596555473,1.30929174847776,-17.3397124189604,-1.14565971498919,1.64956616772938,6.936426,32.4505780194706,FALSE
338,Gaia DR2 3556353734223925504,165.370660654495,-16.9464510089376,14.7045916921487,-52.1429949805817,-68.1653457843064,1.62461040721251,3.5885496,-27.7877206492909,FALSE
339,Gaia DR2 3556239488093907072,164.315482092523,-17.5472476796456,2.20503062430858,-28.5055072178627,5.36495435567481,1.62489658397739,1.066747,8.21699582894507,FALSE
340,Gaia DR2 3556356070686135040,165.365575557678,-16.9151308283433,14.816685156863,-51.6944270574827,-68.5682698608504,1.6548346949165,1.3924239,-27.15081706979,FALSE
341,Gaia DR2 3556302813091652736,165.25903470258,-17.3669142044532,0.587362528850279,-7.80562097607938,-6.13783702708907,1.54381197261536,55.22523,49.3222192339671,FALSE
342,Gaia DR2 3556309925557497600,165.290263583563,-17.2853436767157,11.5644160361389,-92.4911464144215,22.8692304032094,1.49518067513634,0.26690474,8.31218217267219,FALSE
343,Gaia DR2 3556237735747251072,164.400861596852,-17.5798909689716,7.44429539709523,-50.2051042587713,-101.448667698787,1.46351983659377,0.15314093,65.7734364705352,FALSE
344,Gaia DR2 3556507219175430912,163.482513962824,-17.2027522511798,2.42432729825219,-20.9985846724014,-7.87115388095547,1.60751412113621,1.0285596,47.8152957137185,FALSE
345,Gaia DR2 3556427538941912320,165.233865044001,-16.630899429593,5.8249331132804,-44.207331221502,5.35896318140357,1.51228511126505,0.1467624,18.3233141571998,FALSE
346,Gaia DR2 3556472958220500096,164.097943707567,-17.1897591979417,0.994519490732768,-3.77386739793455,3.80779103417052,1.65075781499756,6.737423,-8.94543280543509,FALSE
347,Gaia DR2 3556506909937784960,163.487210792647,-17.2284829214372,3.59528125120488,-56.775125115945,7.58611731685594,1.54812682444611,0.33418745,6.50216999305885,FALSE
348,Gaia DR2 3556270648080957824,164.625473009616,-17.342874788339,2.46326780649158,3.58427798687636,-26.7784142118041,1.62815878749445,1.0645385,-13.7197633939686,FALSE
349,Gaia DR2 3556472820781546752,164.139131284557,-17.1911584226802,3.41527393669723,8.48237307935258,6.08748745552884,1.58630390932227,0.34396973,7.65145676452858,FALSE
350,Gaia DR2 3556463818530095104,163.787374219907,-17.2211154323549,4.04351323136627,-6.68565597595693,-29.7261276030541,1.59488302238259,0.9533468,0.96288952434468,FALSE
351,Gaia DR2 3556232616146227968,164.241651582546,-17.6473318064032,5.29807475454994,-3.67956167615142,-11.3254927082729,1.54889525484161,0.35530826,76.0383226277974,FALSE
352,Gaia DR2 3556525459900467072,163.252237151484,-17.0542752854611,5.18467469764443,-14.3528886391207,-23.8852734438431,1.51894226069277,0.31425658,21.9758256869343,FALSE
353,Gaia DR2 3556457358899283328,163.719631748399,-17.2734689241638,2.64435892188058,-9.49416279620423,-29.8407479645704,1.60983695313373,0.8299022,-24.7349616419784,FALSE
354,Gaia DR2 3556239316295212928,164.277129105971,-17.5824925504436,4.73518762351819,-48.2842485230797,38.9323066061966,1.49010359539194,0.16948074,9.5394025107076,FALSE
355,Gaia DR2 3556297246814032128,165.22918195174,-17.4941031464417,5.6132722919761,-58.2401583794331,-6.59664598772494,1.55450502113772,0.53313714,34.7005361125464,FALSE
356,Gaia DR2 3556500141069430656,164.283353980492,-16.8594962434874,0.868175965117649,4.40380240351123,0.578833358315203,1.53249543132474,16.477285,7.53286088528953,FALSE
357,Gaia DR2 3556384898506529792,164.683612507414,-17.0223908324692,2.52463555928516,-27.2838467538785,8.43138523327799,1.63779301077352,3.9095075,16.3061656627138,FALSE
358,Gaia DR2 3556508348750761600,163.472126205444,-17.1813936104131,1.84398772343108,-14.7830170474819,-15.5666921656419,1.61026746753576,2.4316628,23.3485098586593,FALSE
359,Gaia DR2 3556364179584399232,165.585339936013,-16.7582821915021,8.54404144766229,-80.02982218015,24.9967094671458,1.66899817131793,4.693014,13.3571177522101,FALSE
360,Gaia DR2 3556236773674625152,164.488724316058,-17.6079569642984,2.70862347343962,-32.9211353490181,11.0914758645661,1.59405693884075,0.7758498,51.2037413297364,FALSE
361,Gaia DR2 3556365244736289024,165.515965948783,-16.7116695141289,0.28299636973413,-7.46794179961354,0.587187730917598,1.46993144444759,220.16,3.56273160301435,FALSE
362,Gaia DR2 3556216054752400384,164.744279173327,-17.4678187668986,5.70297591424962,-55.7680756556465,1.11484016739061,1.58240095855667,0.93716735,2.48541020026875,FALSE
363,Gaia DR2 3556215814234229248,164.653663508875,-17.4814204843602,0.891451279319457,-21.3106100523801,-0.260006343147018,1.50752579792573,32.0899,34.7652935424169,FALSE
364,Gaia DR2 3556473477912444544,164.1716928625,-17.1469800732266,3.93259859356401,-39.7867159442424,-13.5893406166119,1.58058158427387,0.54031146,6.92983297295802,FALSE
365,Gaia DR2 3556485057144282496,164.237339476826,-17.0034000009156,1.29158757065395,3.42981612697572,-5.68484958207525,1.54402257377291,36.32336,54.5332793326186,FALSE
366,Gaia DR2 3556263088938519680,164.608244175006,-17.4505354378588,0.971725662139571,6.32738688759499,-15.3627389566128,1.65942173101532,7.2645626,-8.01027871680303,FALSE
367,Gaia DR2 3556381290734020224,164.961824590683,-16.8945035272773,4.66969396175459,-32.0879730001378,13.0970008093184,1.59479440368391,1.225899,20.9086357764192,FALSE
368,Gaia DR2 3556418639769682816,165.423903671399,-16.5051549782905,4.93305854856642,-101.567324957606,-4.65000171940388,1.59783126225885,1.1408678,20.3552819464227,FALSE
369,Gaia DR2 3556251548362030592,163.989356560688,-17.4440938940652,1.79768259929584,-6.26266495612115,-4.24167056060421,1.62563330751765,1.6546439,-24.559833654457,FALSE
370,Gaia DR2 3556267727503196928,164.606381346848,-17.3526531784036,2.61668518734102,-21.9996234469549,21.4264911756014,1.60369986752742,1.8630006,50.9962100238845,FALSE
371,Gaia DR2 3556343082705079040,165.815385652029,-16.9571147528427,0.747277448191114,-23.4388216371432,11.2840144540781,1.4759977167769,150.30682,42.6602519105737,FALSE
372,Gaia DR2 3556430012843079296,165.306129030906,-16.5418925183198,2.4494069231917,-27.4637086491701,6.27237966865239,1.61242859980406,3.5755682,-22.3950822857147,FALSE
373,Gaia DR2 3556522745481384832,163.696629016298,-16.8917487093021,0.450901347953522,-12.2706838629314,-4.58467716490482,1.49563998070483,66.490135,13.407062782194,FALSE
374,Gaia DR2 3556483167358694528,164.487181069704,-16.9731677460702,7.6617493018911,-29.5978400322112,14.8116537844902,1.63988201784106,1.4334097,1.64952076424143,FALSE
375,Gaia DR2 3556416406386683520,165.321018548234,-16.5999307041395,7.78075389085834,-112.810526369407,61.6719787690278,1.62572939535946,0.48983076,13.4914001801132,FALSE
376,Gaia DR2 3556521611610020480,163.55451224164,-16.9321431526161,2.66360845891816,-22.768622187802,18.7338512149996,1.56409671206042,0.53993696,51.1804537981109,FALSE
377,Gaia DR2 3556296246087061376,165.282785071609,-17.5098939621773,0.256157895422078,-6.12069933889145,-1.35022835412404,1.46444498023204,126.79269,26.0808991999509,FALSE
378,Gaia DR2 3556322947898342016,165.279888315302,-17.1753549681696,0.804937474271491,-8.85978808258369,0.309613469219819,1.50212934897678,179.32411,8.03574305558162,FALSE
379,Gaia DR2 3556405686148302592,165.172334177448,-16.8544902342367,3.21181311883511,-10.7603935030049,-4.59130629370185,1.5392923547441,0.30821154,-10.885945801043,FALSE
380,Gaia DR2 3556371223330670080,164.820603257789,-17.112452140051,2.04403869491223,14.8584775967955,-10.3625808307786,1.49785217531046,49.200363,0.992307130467012,FALSE
381,Gaia DR2 3556302710012437376,165.22474031294,-17.3572608634467,4.78837019148511,-25.3593709424376,-7.21298248396786,1.54483176467814,3.82531,7.53523603012193,FALSE
382,Gaia DR2 3556454988077077504,163.685509411369,-17.3187423516963,1.36417725272799,-41.0666316724211,15.1571911706396,1.62482463041911,4.685741,19.1663926498545,FALSE
383,Gaia DR2 3556219868683421184,164.949208566772,-17.4269520545792,2.5335615575595,8.87232293075847,-29.7310729488767,1.59351743703718,1.1490119,-26.1913431985203,FALSE
384,Gaia DR2 3556519726120211072,163.713388100906,-16.9047862585193,3.16538460030063,4.59084410859058,15.3877805614467,1.61752664555387,1.365606,13.1632968035916,FALSE
385,Gaia DR2 3556528797091098240,163.212183615627,-17.0127600198605,0.911811375580168,-18.8576851284951,-5.48895249753659,1.52775474954737,6.3506293,26.0747018410695,FALSE
386,Gaia DR2 3556188871903650816,164.561931400314,-17.6385600401002,2.61929450446881,-45.5275958848018,-10.3616088250691,1.58963388537812,1.1860768,49.3730661890514,FALSE
387,Gaia DR2 3556223850117301248,164.897348276788,-17.3600817727089,1.46440156264305,-9.54374127555785,-2.26217534509666,1.59619104224856,3.4089584,-18.4129294333674,FALSE
388,Gaia DR2 3556346072002304512,165.683820106031,-16.9039830002667,5.06187241293169,-63.5920601691365,-24.1304549236131,1.58228178862507,0.55942166,22.3906035891389,FALSE
389,Gaia DR2 3556246737998668800,164.078849895912,-17.5573112023353,0.76816913133421,2.61369202658842,-6.20785446900159,1.54491320469735,14.520226,3.18972035494603,FALSE
390,Gaia DR2 3556246944157099136,164.064081362308,-17.5497956462772,0.961024256551506,-16.8752783751449,5.50361306795217,1.51475877263523,51.637585,12.539839397755,FALSE
391,Gaia DR2 3556224266729933056,164.859351004601,-17.3513284681044,4.79571733682435,5.14883683730357,-20.6690276010344,1.62256065751944,1.1385415,24.7026382400401,FALSE
392,Gaia DR2 3556426984890712320,165.055821045846,-16.5589743657662,1.91259817210213,-14.4310577503737,-6.48935493567361,1.62358831562085,1.9488564,3.35616283007065,FALSE
393,Gaia DR2 3556186569801181568,164.468577458393,-17.7276152777188,2.12323272915872,5.88606160874747,-7.35329154687539,1.65052481649095,1.9246782,6.82886388277897,FALSE
394,Gaia DR2 3556502404516268928,164.095453333462,-16.8474809187614,2.67170648331059,-38.2783041606707,2.57341626769027,1.61521087119397,1.1500708,26.6821902686332,FALSE
395,Gaia DR2 3556337997463783680,165.618028252944,-17.0500461828096,0.944786654842771,-13.043880773895,-5.02651092510111,1.61209285203665,4.2945695,20.0180336363013,FALSE
396,Gaia DR2 3556451796917527680,163.995309580478,-17.2495757189518,4.79323702786493,-14.5346095016541,7.83261685523744,1.65047365002601,3.3799045,-4.82832387589262,FALSE
397,Gaia DR2 3556414031269353088,165.520358819468,-16.6030001042778,1.35893587225896,-3.84168942236309,-6.9456216829043,1.5304847703892,7.565121,18.0553754258129,FALSE
398,Gaia DR2 3556532885899967104,163.278408611778,-16.8408774334235,2.09907734015241,-26.639205898998,22.1419854507444,1.60880320859923,0.7981937,30.2866502663251,FALSE
399,Gaia DR2 3556253713025561856,164.191167560131,-17.4527621934275,23.6940853466338,37.9781055659456,-129.245133421336,1.64125311689282,1.0575807,20.2927535622279,FALSE
400,Gaia DR2 3556257939273381760,164.06979366276,-17.3910055810636,5.70708377741678,-29.2046464214754,-12.6392394183942,1.55780608408033,0.6322922,-3.23757510651214,FALSE
401,Gaia DR2 3556403384045871232,165.333968702195,-16.8649596453484,0.345756354661469,-9.46332603442739,2.35651793571238,1.54395378293458,55.52563,30.5506760614896,FALSE
402,Gaia DR2 3556256805402015872,164.165688351891,-17.4188207203246,0.983934645121472,-7.5642297508776,2.31481797456455,1.53863722626733,32.590256,13.8909278194673,FALSE
403,Gaia DR2 3556261169088872704,164.580570065392,-17.5087482468282,2.93654415153858,-2.07322791515677,-23.5849711507978,1.51213927800307,13.3985195,39.1847512262443,FALSE
404,Gaia DR2 3556440836160936320,163.743034899602,-17.4687705445114,4.48036255738926,-26.9680183842681,-17.3519278646327,1.65392284700759,11.140985,11.4305933118844,FALSE
405,Gaia DR2 3556384241375776768,164.768435979093,-17.0457483284841,0.345694103055702,-1.62078799837953,0.325729055540498,1.48762158892783,131.32986,51.0439075207876,FALSE
406,Gaia DR2 3556276905849057920,164.663181952652,-17.2140252706257,0.472113285185512,-4.31418547332483,0.424246541504814,1.41005716279036,400.42374,17.7802370213768,FALSE
407,Gaia DR2 3556273435515483904,164.765969343163,-17.2227004265021,3.73436506306679,-29.8979774734138,-27.5924897945493,1.54146465719901,0.40152594,32.9625271528202,FALSE
408,Gaia DR2 3556397882191905280,164.761853118151,-16.8135022912322,0.281544446453796,-12.3763647015035,-3.8430421029868,1.45642207333861,234.47098,48.8074856283517,FALSE
409,Gaia DR2 3556208873567070848,164.68590765288,-17.6778482542107,1.12464190717805,-5.7608211653554,3.05731451875559,1.50558546000768,32.9262,46.7528777161731,FALSE
410,Gaia DR2 3556271854967517696,164.808208887215,-17.2830668257498,0.839122007699752,-9.14206077640701,1.31484048508288,1.47885074075948,31.15197,27.2097210976791,FALSE
411,Gaia DR2 3556451522039619456,163.886149883628,-17.2367998905332,1.23033295489792,-0.416231079413981,-9.75456885282231,1.54310978145546,16.21047,22.327439660025,FALSE
412,Gaia DR2 3556212339604955648,164.606746639141,-17.625409523046,0.33817522629869,-5.95009957768916,-4.108806184776,1.50904122070343,36.249355,61.5555888083684,FALSE
413,Gaia DR2 3556298724282815616,165.344688267837,-17.4147191408545,2.58134145478581,-28.5594969155205,7.42773931562726,1.54206576965164,10.598687,16.1596106956171,FALSE
414,Gaia DR2 3556276802769845760,164.762622926711,-17.1723542512949,5.99642516214371,3.41945812067988,-13.8060221342529,1.61099042182457,0.75173694,-4.73723847759819,FALSE
415,Gaia DR2 3556468289591904512,163.681695665672,-17.1350870094181,1.48834872963786,-11.9776737163734,-2.93619073888746,1.54204039360227,3.9935265,40.029705351729,FALSE
416,Gaia DR2 3556370222602523136,164.969396823076,-17.0668880489641,1.09872201358969,3.89995457148538,-7.37779010361749,1.547392922394,6.4153967,33.2477006133376,FALSE
417,Gaia DR2 3556231310476134912,164.100077085512,-17.7126096771949,0.889551334774596,-0.904557288204545,-4.82556335100629,1.54137936360518,7.4738207,17.308384150158,FALSE
418,Gaia DR2 3556248009308985472,163.984703693469,-17.5777222711826,8.17436754039893,-176.853449779688,28.488075946452,1.52347923546533,0.2754782,-24.1626651107874,FALSE
419,Gaia DR2 3556257522661547648,164.051160250591,-17.4221249922171,3.10223314831876,-0.795562071516673,10.9444626509424,1.60082975492993,0.99247295,-27.3493439790939,FALSE
420,Gaia DR2 3556230932519011328,164.056679651286,-17.7354109433384,3.45509042205956,0.256518502530332,-7.85577466285938,1.64468935900236,3.6657176,-1.9400583569062,FALSE
421,Gaia DR2 3556328204938275584,165.175285788235,-17.078338813492,1.56336470521607,-11.2530803101979,19.7333426195354,1.50149178797413,53.630146,37.0003630163473,FALSE
422,Gaia DR2 3556440389484384896,163.926139774236,-17.3786400977384,0.60476516344863,0.842887631784663,-2.54646599800909,1.54645495470016,5.9433284,8.82342611290922,FALSE
423,Gaia DR2 3556315762417213696,165.125039535534,-17.2962263181586,2.85063293886163,-15.4801722369099,9.01301777408715,1.60570164778096,1.3057046,13.2406273685891,FALSE
424,Gaia DR2 3556283915235593728,164.223420612489,-17.2613332551446,2.9540284640345,3.04939136730849,8.18554950885027,1.51511138652084,0.5033025,5.95185714552776,FALSE
425,Gaia DR2 3556376823968067328,165.055513770496,-16.9869618278279,3.41608423778283,-14.3541713136068,-10.2118949591089,1.59701051605493,0.6142491,6.09729658260434,FALSE
426,Gaia DR2 3556262337319930112,164.510319274832,-17.4739002185803,1.59535601595897,8.07595227892894,-13.1398042908377,1.63356480535498,2.4232996,2.70271376104759,FALSE
427,Gaia DR2 3556471038370980736,163.807514814079,-17.0154702760829,2.50995539890778,-26.1577888640975,0.79941550857748,1.59762024776236,0.8889858,9.33531061319529,FALSE
428,Gaia DR2 3556299750779135744,165.315005297824,-17.3848721027404,1.80692372341084,-1.46768899686665,-14.3233277491191,1.63190372709624,2.6159177,-26.6472907682285,FALSE
429,Gaia DR2 3556432108787080704,165.176171795959,-16.525409771747,1.15143046552533,-11.7320594643179,10.354003310543,1.53709289303047,61.082386,8.088859553881,FALSE
430,Gaia DR2 3556279654628069504,164.359377356741,-17.3342106220147,3.196689711777,-10.2622810808208,-4.99867538418443,1.58692656057519,2.1748095,28.5304542744019,FALSE
431,Gaia DR2 3556485503820902400,164.325144186226,-16.9465146806189,1.5000144242577,-22.2580066673535,11.4904933161065,1.53410987076855,58.673374,-35.3129618911729,FALSE
432,Gaia DR2 3556448326583980928,164.151286669042,-17.2551692900896,6.10770873760595,-190.116580398613,91.4320434498428,1.61191250725424,0.44927618,77.2181288482778,FALSE
433,Gaia DR2 3556354249619963392,165.257072122584,-16.9489093890152,2.04113549940305,-32.1459255818102,-6.80344567417167,1.64202216036445,2.4414375,34.4782625422509,FALSE
434,Gaia DR2 3556433551896092672,165.094134622218,-16.4634242176797,2.58621233713186,-40.6773418893964,25.8433578068409,1.56829030980185,0.55199283,9.15651456116798,FALSE
435,Gaia DR2 3556204716038795648,164.909316922301,-17.5749548923833,1.11720092267526,-19.3132838907514,6.88778118010991,1.55546782411139,4.883944,-13.4614507599837,FALSE
436,Gaia DR2 3556321363054565632,164.99962418625,-17.1769108827307,1.52098834375008,-18.4309501610261,2.50542804341816,1.63539572688741,3.096718,22.1940004720264,FALSE
437,Gaia DR2 3556487737203898752,164.373419402861,-16.8917689893982,1.85854082108758,-9.03447558863211,-17.0648089812292,1.56971798866339,3.4057271,140.232759081378,FALSE
438,Gaia DR2 3556318824729690240,164.955831275971,-17.2791841188102,2.925373340745,5.41384078574615,-41.7987742938602,1.58405563758095,0.6041616,-26.8048191469198,FALSE
439,Gaia DR2 3556176468038104576,164.479935142006,-17.8617984831878,2.49387825581419,-25.7405950611719,9.11018889106566,1.58091045533627,0.79099697,9.19737561539322,FALSE
440,Gaia DR2 3556314976438993408,165.081751216886,-17.3214357098365,4.99203291555149,-71.9966203234764,47.9229717912062,1.62402792234802,0.93815845,24.0951145294121,FALSE
441,Gaia DR2 3556211691065684224,164.806254504163,-17.535061831684,1.59230854071468,-12.3063506704563,2.90904148148664,1.59389742983256,6.3268127,17.8358088831577,FALSE
442,Gaia DR2 3556365450894721152,165.586607248197,-16.7041716916082,1.6764713751893,-17.1055101804041,8.7883138132435,1.64931101914507,4.7857804,9.06105600101021,FALSE
443,Gaia DR2 3556534363368727296,163.466880744658,-16.8867365344756,0.299363786541762,-5.33271356800069,0.828111894824334,1.52223298939556,60.088215,76.1010618049022,FALSE
444,Gaia DR2 3556227977581543296,164.319063582692,-17.7709400160833,0.68319499588542,-16.2772228054137,-7.97483782677465,1.56914564835207,53.178513,0.500918679950447,FALSE
445,Gaia DR2 3556379950704260224,165.04688012152,-16.9477890759049,2.36883178289423,-28.0286508515156,6.66694258453192,1.62386952923086,1.5982592,4.28690636489596,FALSE
446,Gaia DR2 3556504332957470336,164.063360838366,-16.7547690184047,1.26147266978638,-18.3479340469558,4.15418677772382,1.50289303535737,18.251791,11.436220201256,FALSE
447,Gaia DR2 3556285564503038208,164.39563148909,-17.17715882088,1.7609117320033,-13.2657569394079,-1.08904586291642,1.61490701645064,2.03049,8.72986722736603,FALSE
448,Gaia DR2 3556286732734143232,164.34885702921,-17.1335375307487,3.20231145842058,20.5848328240256,-17.3809595646739,1.56554879960077,0.530801,-5.74090669829286,FALSE
449,Gaia DR2 3556191521899244032,164.815633894219,-17.8152443692371,1.4655030695316,-9.77788263669192,-10.4096513847135,1.51981417004142,52.379875,6.58569065857346,FALSE
450,Gaia DR2 3556273504234966528,164.804500801261,-17.204000683046,3.39540748857942,-44.4869383973518,-4.7550834146004,1.64944416466002,3.9824378,22.5151160911472,FALSE
451,Gaia DR2 3556213305973323392,164.612929196368,-17.5796606336074,9.76761368468885,-123.949343106302,26.2375317364969,1.59900338539076,0.9657855,10.5735403212271,FALSE
452,Gaia DR2 3556537043428326144,163.556736096536,-16.7738205505102,1.27659577773736,-6.39626914763031,1.26062335609077,1.64672154718132,3.5751002,-13.3818116440579,FALSE
453,Gaia DR2 3556537077788064640,163.581211961713,-16.7729037151997,1.47745762629188,-5.54759359175974,0.412099204489917,1.51700155941942,58.229485,-7.80157856943671,FALSE
454,Gaia DR2 3556284155753763200,164.271438690254,-17.2373021667553,0.605845937609272,-11.3170539593453,2.61418646533718,1.5282146838621,53.26619,6.02811176408908,FALSE
455,Gaia DR2 3556362285503372800,165.573157084575,-16.8008572733817,0.590670628690661,-5.07950351841915,-1.53845585044648,1.51912084371538,38.220486,12.8430090206672,FALSE
456,Gaia DR2 3556292505170189696,164.417697776778,-17.1161403988757,1.42020898183804,-14.014786129097,0.642661241762187,1.4947757787201,39.431713,17.4881169520568,FALSE
457,Gaia DR2 3556332809143287296,165.565878952457,-17.1437670643259,2.65230643694212,-9.94871610001671,6.81449559874588,1.65055355682425,3.283723,6.12851829131358,FALSE
458,Gaia DR2 3556295013431091840,164.483652598295,-17.009358313729,4.01595471114327,-12.8515315763654,37.1488786737352,1.59371840600791,0.51278657,-19.3181984208137,FALSE
459,Gaia DR2 3556467361878969216,163.762716582715,-17.1522714012576,4.8369925577056,-87.2757537643313,9.59522780157187,1.6278895230161,2.6836572,9.76349019121939,FALSE
460,Gaia DR2 3556464338221993088,163.793793265696,-17.1636330942232,2.79138424561172,-21.5719986521492,2.29316203971144,1.62591480298743,2.0659225,22.062976079646,FALSE
461,Gaia DR2 3556350946789715456,165.474728905393,-16.9896569332253,2.12906711569618,-1.86225363907789,-0.603234256296141,1.63755453745958,2.109033,-14.0104410656973,FALSE
462,Gaia DR2 3556365137361656704,165.518691207887,-16.7348970190365,5.18499811031334,-28.4254879574287,-6.44740985982891,1.54314833255223,0.43075174,13.2511586115922,FALSE
463,Gaia DR2 3556339951673438976,165.736998916101,-17.0658326713911,1.57540452205672,-58.2969902167621,4.31666774673154,1.5522656270655,3.1066608,66.6427862337813,FALSE
464,Gaia DR2 3556368680710067584,164.97223085228,-17.1268950096324,0.476249080553959,-5.01335825375782,5.87846081204165,1.35721862856051,702.98083,39.6873703598438,FALSE
465,Gaia DR2 3556359364925612928,165.670525841025,-16.8746786612462,0.653693433654062,8.1342818603345,-11.1673342006891,1.5261884570671,19.424952,32.2120053619325,FALSE
466,Gaia DR2 3556493887596997376,163.893447948722,-16.985964761339,1.77797344930253,-2.46601165972216,-1.78812529056428,1.66183083627475,6.9015636,1.12576535562436,FALSE
467,Gaia DR2 3556272537866566912,164.761500757979,-17.2890010284634,7.593907161692,-11.1256800242681,-123.343147073259,1.50924811665809,0.24238878,8.71715996394313,FALSE
468,Gaia DR2 3556524330325114880,163.310235997035,-17.0899220187457,0.67777901442398,-15.7823029767719,3.25548880019237,1.54909586326092,9.7492075,90.0410988186546,FALSE
469,Gaia DR2 3556460386852036096,163.555798419354,-17.2192124258705,3.35986264998195,-40.315652700086,19.0153799962953,1.60787580880663,1.0855321,6.33132622846795,FALSE
470,Gaia DR2 3556296250381651712,165.282879762318,-17.5113043945839,1.61512844482938,-0.269050793318561,-13.4229631709888,1.62687845905305,3.1405876,-3.86108815669872,FALSE
471,Gaia DR2 3556282021154355200,164.473788438594,-17.2244064742318,2.35933529318414,-20.2962917408203,-0.380143680788617,1.62295000211414,1.6315192,-4.46091478451118,FALSE
472,Gaia DR2 3556288377705952000,164.471751687623,-17.1737092723237,1.36017664921351,7.15126828598566,5.17215068540731,1.60694261616116,4.5816636,10.2850788320392,FALSE
473,Gaia DR2 3556529690444304384,163.266087977728,-16.9328634086423,3.18535839540163,-65.686999134157,-18.3128762034677,1.52190913180375,57.90048,10.6994417895019,FALSE
474,Gaia DR2 3556496876894238464,163.94039056132,-16.9011688367283,0.492558472533999,-5.07266896168084,-28.3872063454793,1.54537720507182,76.941376,257.208149511893,FALSE
475,Gaia DR2 3556632804019122816,164.849564030763,-16.3426406977334,3.21947576334358,-33.0200796871384,0.550303568909704,1.60304824587962,1.2609806,7.6052478637712,FALSE
476,Gaia DR2 3556718016170408576,161.729204696642,-18.1666995189399,1.28429365226637,-14.5829952460975,5.2135720922252,1.64469216654247,5.826037,10.8908771145577,FALSE
477,Gaia DR2 3556615688573750656,164.957743064822,-16.5006286158764,0.47731321668762,-7.54325746521087,-3.78174406421839,1.55486710364033,64.00722,119.41461060914,FALSE
478,Gaia DR2 3556669942601115776,163.911948181785,-16.3409955178947,1.19650385788906,-4.10468126994081,9.88860619901179,1.6205243466108,4.7674727,-11.4946793103815,FALSE
479,Gaia DR2 3556884076785790336,162.220221776462,-17.1852307105688,5.31965837677078,24.3321674859239,-46.0764455065511,1.60820381070487,1.4912592,-7.15137409994503,FALSE
480,Gaia DR2 3556699839868622976,164.739147956041,-15.9100653337012,6.43393288591487,-81.5695969880551,-21.0467607999823,1.45478390167666,0.1308477,-3.85998606118811,FALSE
481,Gaia DR2 3556566352285157248,163.628480627497,-16.6093719619176,0.836212200315749,-15.3109343029467,-4.71989341219471,1.53739827025639,6.8662834,24.8081015899004,FALSE
482,Gaia DR2 3556905963939299200,163.008757759001,-16.9671729955815,1.47384464965108,13.2242683264519,-9.51749408062441,1.591510480768,1.7116727,-8.76841621058292,FALSE
483,Gaia DR2 3556722139339016704,161.801469507102,-17.9974981171401,1.9613729966989,-28.5269482795299,19.8589430022553,1.61586543439036,2.8814163,1.40019631648341,FALSE
484,Gaia DR2 3556826902181271552,161.780517431247,-17.411663506971,4.8901425324724,-25.2392484860985,2.94321795021384,1.61713823804699,1.4332395,13.3346088446306,FALSE
485,Gaia DR2 3556890433337391616,162.289463745014,-17.1514584878721,3.40779279433215,-25.1079616750612,-19.8120546675215,1.63089011972289,1.5156983,36.5489250070821,FALSE
486,Gaia DR2 3556684098813035648,164.462538112083,-16.254541097924,3.98117938237839,55.2189397181841,-42.7969591499488,1.51864491375037,0.34558582,-9.34357688840296,FALSE
487,Gaia DR2 3556697881363532160,164.611682162019,-15.9729350300239,2.19650926451516,-3.70778834310247,-1.90244128459119,1.63441939335286,1.6517974,-1.86231925854895,FALSE
488,Gaia DR2 3556699152673852672,164.671859499593,-15.9706203855931,0.866380299299256,-4.09761250231507,1.96671243042696,1.52602083168886,7.6629224,18.635490080013,FALSE
489,Gaia DR2 3556883076057590016,162.215650191629,-17.2335956018613,1.98133270797132,12.208847250559,-41.1940484930148,1.5699260636663,2.7259204,111.209629646136,FALSE
490,Gaia DR2 3556577927221158528,164.556130195039,-16.8800320866441,1.5335839917422,-19.4802802509265,-4.138257498312,1.62720913395575,2.3068254,15.3798993454799,FALSE
491,Gaia DR2 3556829169923929088,161.578021142515,-17.4210842996689,0.972268337980756,-0.0364923697148318,-0.583579795807217,1.56290843868196,22.295345,-5.09930096858984,FALSE
492,Gaia DR2 3556881843402791168,162.122331986528,-17.2697944810621,3.91316804804105,-24.3437591715275,-0.0157506057245147,1.64206657928851,5.5322285,22.1633855065215,FALSE
493,Gaia DR2 3556882187000175744,162.151083092822,-17.2601125198395,1.77708928107636,-13.3918081488438,-5.44372309101643,1.56868727035065,8.792672,48.4666897068866,FALSE
494,Gaia DR2 3556778454950168832,161.883595438914,-17.5106532648579,1.7056179291785,9.03322570151405,-10.7164366090438,1.53574665673369,18.301094,10.9375285437653,FALSE
495,Gaia DR2 3556777870834618112,161.956984436611,-17.5155368999177,0.418144607886998,-2.84574074338823,1.47136704568483,1.51790572963329,47.78879,28.0579703283906,FALSE
496,Gaia DR2 3556672008480485248,163.984761132128,-16.2916174867146,1.50907438312834,2.37224324797372,-15.4731326240389,1.524371142908,58.575825,52.2995745842957,FALSE
497,Gaia DR2 3556755360909988864,162.195856703003,-17.7834971483269,5.76995182905346,-20.5552597683,-35.0111952645326,1.55351230844436,0.32844806,-19.8329285068738,FALSE
498,Gaia DR2 3556669672018274048,163.940099254922,-16.3671950425143,16.7439859399344,-214.71814674457,140.067958974646,1.65946889040567,2.9014344,20.1430225490571,FALSE
499,Gaia DR2 3556669461564596224,163.928160221361,-16.3980819665451,2.45660607764276,-24.9372394572029,9.41807765241829,1.59042253045849,1.207467,18.1669534606678,FALSE
500,Gaia DR2 3556740208265372288,161.457932317345,-17.9273903727725,3.95489999687889,-16.8705939835979,0.270022880785745,1.61559066056775,2.0205982,4.13971405264934,FALSE
501,Gaia DR2 3556909984028672128,162.978089385065,-16.8751676844619,5.36274620310985,-18.2901626311066,-19.8257182127064,1.48724917672734,0.14117818,26.1327155745954,FALSE
502,Gaia DR2 3556847346225497472,161.417700011487,-17.2305914989278,4.44725840066432,-33.671412104995,13.6064088341685,1.48617880990072,0.3179493,32.3968103566235,FALSE
503,Gaia DR2 3556738455918714880,161.662455073013,-17.8940116931817,0.475819787767738,-3.88086906950921,1.66825102262963,1.52588097039365,32.23125,97.6429485196965,FALSE
504,Gaia DR2 3556791546010397056,161.404922463329,-17.7582101433866,1.87486737716277,-6.10374206012557,-11.9860540022939,1.58332143440771,2.9450214,54.6734548729181,FALSE
505,Gaia DR2 3556672558236299776,164.023717007803,-16.2421145063146,1.75733439551608,-13.5171952015913,-0.029370953558987,1.63774484303816,2.6439457,26.1156945218554,FALSE
506,Gaia DR2 3556647269468953984,164.851876151409,-16.0515228744048,2.0867296727061,-0.878334062294381,-5.65890020964852,1.59719997997542,1.260086,52.2612809115088,FALSE
507,Gaia DR2 3556653690444686720,164.105325092873,-16.4505769628118,1.10429135442288,-7.30630365007982,-5.64918521212731,1.6012570522385,5.3395815,-0.913905636944126,FALSE
508,Gaia DR2 3556538104284430848,163.415205512145,-16.8177975360378,1.7786226802002,-14.8048203076666,-9.44209283829217,1.58783295883894,1.0952363,0.464103400453272,FALSE
509,Gaia DR2 3556585005327261056,164.512990732085,-16.7191259826325,1.67411667065147,-19.3236784853654,1.51785291359362,1.63345040331714,2.3891332,-3.81932936004698,FALSE
510,Gaia DR2 3556764981638052480,162.3858647939,-17.5658568739209,1.78947100550844,-19.7505372838411,7.3540034411177,1.63530866546268,3.049836,12.6027423769991,FALSE
511,Gaia DR2 3556591911634672640,164.624071811065,-16.6337530957786,0.686557302019012,-8.08703978952338,2.1290235583066,1.53182450337678,98.51787,3.81454191872257,FALSE
512,Gaia DR2 3556554081562767360,164.045014463932,-16.6534995342467,2.00577935326985,-31.8594855171597,-10.7717711283211,1.62529279834834,2.025316,59.3787765601073,FALSE
513,Gaia DR2 3556743128843131136,161.509590435362,-17.8348970382349,18.8413160897644,7.8143992705326,-117.884330239066,1.44180515986555,0.1085848,-1.49251457229918,FALSE
514,Gaia DR2 3556569612164507264,163.809987262217,-16.555271989853,1.59576558734924,6.76131975538948,10.2680621000228,1.63225564677952,2.3541152,28.6360867973226,FALSE
515,Gaia DR2 3556741105914465024,161.422947523558,-17.9012776825859,0.23837036030311,-5.5364188094519,-1.73187928464203,1.440147120606,319.9571,110.891431542141,FALSE
516,Gaia DR2 3556787354122418816,162.007847981629,-17.351284138447,2.3477429179272,-13.283605763399,0.218848372614618,1.65383744660975,17.52792,15.7463193221515,FALSE
517,Gaia DR2 3556685404482571776,164.673038990694,-16.1984008145584,0.420151012576264,-7.39260177811401,-2.36642251076431,1.51676585727325,46.330345,52.207392527639,FALSE
518,Gaia DR2 3556772201477777024,161.845200294514,-17.6289359369224,1.55598118105528,-25.0655340235212,3.42539155261717,1.64084819388092,6.024527,40.1986429235458,FALSE
519,Gaia DR2 3556599990468897536,164.286977432792,-16.6402924171986,0.564305150529376,-10.0263227066862,1.99423419145188,1.48955513825232,70.89334,70.0617373819819,FALSE
520,Gaia DR2 3556598508704870016,164.437524610164,-16.639518790746,0.779182528612361,-5.70464590848887,0.123766284459634,1.53915183998697,14.931256,11.2204398519772,FALSE
521,Gaia DR2 3556819824075060992,161.318945459519,-17.4232895383637,10.812678372089,-10.0395312978673,5.84285162289912,1.63941017396712,1.945118,-7.67595549494924,FALSE
522,Gaia DR2 3556598031963811584,164.387130721796,-16.6581041553761,4.60698256694971,-45.9122418472752,-30.4228015537812,1.50739501425019,0.20502649,10.248491306737,FALSE
523,Gaia DR2 3556595970379506688,164.319147227916,-16.7219343000088,1.61798431589313,-12.9986909896344,2.79629801988345,1.65235372435517,17.462381,0.224974901533805,FALSE
524,Gaia DR2 3556607549611387136,164.637947692762,-16.4366616116702,6.70676103948115,-42.9681444880164,-1.43029871471231,1.57709569773907,1.1547468,25.1963869869102,FALSE
525,Gaia DR2 3556609645555386368,164.464388885,-16.4555292430351,2.83496313238366,-22.5725165109252,11.8449985105994,1.62551319863876,1.442574,-26.5409077729834,FALSE
526,Gaia DR2 3556786009796595584,162.08212482993,-17.4095014059308,4.75199689445329,-6.41118157085395,2.5127353802037,1.59132256741712,0.53342116,-8.89800158198918,FALSE
527,Gaia DR2 3556603014125877632,164.352954011437,-16.545428432112,3.74690242579972,-16.7048678593687,-10.3369396048856,1.64477303245781,2.3315818,17.5346386495016,FALSE
528,Gaia DR2 3556825218554086144,161.724937311838,-17.4643670364636,2.6044047922536,-13.8767017824717,13.643571815216,1.59878732404658,1.9178158,7.68279798690567,FALSE
529,Gaia DR2 3556602361290846848,164.312667141836,-16.6038774589138,4.04669394908485,-29.7511451536522,-3.75629460968046,1.63828995006959,2.618543,29.7905492240999,FALSE
530,Gaia DR2 3556600127907852416,164.303144219012,-16.6163413896428,3.90534723544297,-28.9637483005725,-3.4658570350477,1.62461766761287,9.553118,30.2916262532877,FALSE
531,Gaia DR2 3556776255926905344,161.797687760216,-17.588246532142,1.70116757566783,-25.9817379335382,5.77602908999628,1.6475963468544,5.561606,36.0253183209119,FALSE
532,Gaia DR2 3556747325027189760,161.826841956456,-17.7372950178293,6.18112395086598,-17.9566386795625,-51.557577903836,1.55715196572441,0.35859314,16.5421165242035,FALSE
533,Gaia DR2 3556765226450973696,162.310810830745,-17.5937697182301,2.59633728566288,4.00313700110232,-31.4044823628185,1.55013714340316,1.4417189,-38.9394073219045,FALSE
534,Gaia DR2 3556772613794638848,161.882191563388,-17.6120362345621,0.391880248764953,-7.42562969591689,-4.32256897720143,1.49883927717317,99.34303,112.616380296556,FALSE
535,Gaia DR2 3556765260810712960,162.325296245836,-17.5816519407008,0.27672757279721,-3.04532615607977,3.18586624601878,1.52048326402717,79.77905,0.103028692473181,FALSE
536,Gaia DR2 3556850228147600000,161.701337033445,-17.2113707208747,0.52429129487358,-5.20363079840303,1.589961974229,1.52820693161137,46.674507,115.77863375154,FALSE
537,Gaia DR2 3556765157731496448,162.288972379188,-17.601540520523,3.60493819058919,-102.308559112665,-13.0551306047219,1.61134506352209,0.83700126,17.6924987418281,FALSE
538,Gaia DR2 3556550615525011456,163.809842715944,-16.6648517296666,2.05448801374798,2.70456490604738,-4.14675973050159,1.62186886216588,2.010645,39.2319374988668,FALSE
539,Gaia DR2 3556655721964507904,164.187882096323,-16.398756984612,2.42406032334072,-35.5007420012262,18.5065818118337,1.58793112472273,1.2200458,82.0284826335749,FALSE
540,Gaia DR2 3556663693423843968,164.387887395185,-16.2484167591712,3.5587269849317,2.27738465053067,1.93698937461732,1.56105237961249,0.546186,-5.6860452039503,FALSE
541,Gaia DR2 3556728427171141632,161.9292190972,-17.9430898416191,2.19080178162897,-18.152272233504,20.3819330010725,1.64530636736281,1.834445,-20.382146162087,FALSE
542,Gaia DR2 3556620984269124480,164.878664903153,-16.3537448786604,4.05160070358594,-43.9639289030547,-9.50696250503542,1.42261573936984,765.38306,37.9875615055822,FALSE
543,Gaia DR2 3556769074741673856,162.314783410262,-17.5130336585666,2.16924162582324,-13.9714084708682,0.353697843238038,1.61896674609545,1.8186588,3.62854731420068,FALSE
544,Gaia DR2 3556625622833805440,165.005295475587,-16.3791695445216,5.46852818625704,32.3474924904664,-43.4967659197522,1.58316517146466,0.81383276,6.72707996638658,FALSE
545,Gaia DR2 3556837828577179648,161.790837510562,-17.2690787976851,2.16448148335935,-10.0093306738129,-1.44239787833482,1.62818345739394,6.4566298,8.09855905908876,FALSE
546,Gaia DR2 3556569685179807104,163.778493203531,-16.5714841006678,0.904423560604576,-9.95515607689069,1.99476297378911,1.68517632093743,7.401965,34.8258960197964,FALSE
547,Gaia DR2 3556705303066983040,164.33428197527,-16.0417585740245,3.77428046567398,-26.4312697421441,-27.4280449318996,1.54807924839114,0.34969485,15.2365724366847,FALSE
548,Gaia DR2 3556856275461550592,161.6145831969,-17.0532156066583,4.55908518558783,-51.1577397698301,37.0733109096661,1.52803677875217,0.24878985,-2.14237994227319,FALSE
549,Gaia DR2 3556700832005619200,164.382950812902,-16.11716541351,0.344169783402238,6.38560468142757,-3.33142484862306,1.51592797801441,62.432877,100.100782285354,FALSE
550,Gaia DR2 3556715091297039104,164.448537028091,-15.8456866249476,3.33079952819861,15.8706698740087,-21.6901529582004,1.58028224178853,0.91172796,11.4738341774162,FALSE
551,Gaia DR2 3556547042112217472,163.792319773691,-16.7963004742456,1.97742960183145,-20.2086572521353,2.75250866641124,1.52917197082895,59.751602,10.1945500409084,FALSE
552,Gaia DR2 3556570063136931328,163.855017807074,-16.5375756568466,0.684916779600033,-11.4731925351432,-0.779827336432391,1.5031506869944,34.90076,19.5663444149687,FALSE
553,Gaia DR2 3556695407462408576,164.813076134137,-15.991025062978,1.20212818004923,-15.4213358480738,-7.42004242704802,1.53434911805069,51.68366,13.8022325006453,FALSE
554,Gaia DR2 3556852603265589504,161.852959300696,-17.1244121334685,2.65538618417356,-10.1761356478134,-12.8167427407737,1.63275749891249,2.1594398,14.2915946813333,FALSE
555,Gaia DR2 3556775740530831872,161.863422311513,-17.5778053768034,2.41676361517177,-8.59526181067838,2.36079345249446,1.56291850385939,3.949432,-6.60584539524886,FALSE
556,Gaia DR2 3556569238503210112,163.875378967811,-16.5527639645328,2.62612931276276,-35.1692920892476,-0.945103435464693,1.61168915259833,3.4382277,56.5013796279441,FALSE
557,Gaia DR2 3556703512065211264,164.398397316984,-16.0556949460152,0.292215047838004,-0.390106532197307,-5.54903160110108,1.50045912563496,132.814,-18.6865649407808,FALSE
558,Gaia DR2 3556762580751116672,162.316018227815,-17.6536611900089,0.466292499504546,-3.2873639484422,-0.767087486444578,1.54715941241089,26.183706,43.5236668644211,FALSE
559,Gaia DR2 3556856859577102720,161.718421086413,-17.0494204709339,0.866286152886943,-22.8379344660775,16.7679912199319,1.56196894264629,12.536893,65.5769499369518,FALSE
560,Gaia DR2 3556631498349031424,164.708020781012,-16.3979044473748,2.96921136786221,21.5408961240236,-9.0600725519272,1.63974380472221,3.2384503,4.16100562559552,FALSE
561,Gaia DR2 3556585834256729728,164.53762137863,-16.6545014819171,5.61771903260717,-17.9048413582689,0.758431482193984,1.59218619410682,0.9326584,-20.5587069245499,FALSE
562,Gaia DR2 3556746431673984640,161.815920963386,-17.7920395971533,1.15207060161938,-14.8623947385507,0.137727929226676,1.64389196205194,4.817102,-1.94042276246561,FALSE
563,Gaia DR2 3556708601601869824,164.372732100313,-15.9164673769398,9.85895987553796,22.8039287119754,-8.78313536612871,1.52613260098278,0.2508523,21.9470486269781,FALSE
564,Gaia DR2 3556643142004379776,164.788330601608,-16.2289710880191,2.10927016312029,-56.8662007411845,2.14508943260795,1.5740210020474,2.2595212,-13.4202189322484,FALSE
565,Gaia DR2 3556575973011932672,163.781155673959,-16.4417472895333,2.00232470904742,13.1960288866816,-10.5305491776553,1.53208500804661,30.16389,45.5331009469286,FALSE
566,Gaia DR2 3556571884203066112,163.854870039374,-16.4944344978601,1.05198703418658,1.57270214937219,-7.04804671041829,1.64442004344333,4.9820204,-0.834995846981501,FALSE
567,Gaia DR2 3556799100856923136,161.533046822459,-17.5972204106817,3.17990070982174,-19.0813233603679,-14.0137331785541,1.60961528645197,0.77258784,-22.0940350129385,FALSE
568,Gaia DR2 3556864659237828864,162.313866765488,-17.4052300601925,0.640362114556755,-2.05730583699025,-4.49389513921158,1.55161728636906,60.86263,26.5228697263761,FALSE
569,Gaia DR2 3556767356754729728,162.104172708371,-17.6050138149838,2.99716105322303,-11.6713870487862,-23.6575702405828,1.58791423626769,1.7408746,34.3129639188613,FALSE
570,Gaia DR2 3556583257276347648,164.462243639683,-16.7738011179708,0.826982765306242,-13.269518780857,9.12170855510198,1.40731647000317,293.95975,-1.90467533256547,FALSE
571,Gaia DR2 3556575217096722048,163.796359695375,-16.4542268310928,2.52317712210128,-16.4442157020428,7.1871794892506,1.63597032266405,4.077202,-12.7335825455751,FALSE
572,Gaia DR2 3556606106501571072,164.629843288143,-16.5187192453582,1.05524216044831,-5.73144737833671,1.0381314962842,1.6191793941644,4.963382,4.91572704527871,FALSE
573,Gaia DR2 3556888062515505280,162.531539698156,-17.0968287121983,4.92080925647813,-74.336949034902,-20.24469331946,1.52854601295831,0.2687794,30.2092264456653,FALSE
574,Gaia DR2 3556771411203850752,161.912363984373,-17.6652486133976,4.47432715719212,-7.67088097993986,-3.69194951479555,1.48501444961665,0.18374129,17.7118095318778,FALSE
575,Gaia DR2 3556708292364223360,164.290845768405,-15.9286708781575,4.03281425583647,-13.6426337942432,-7.25666735509995,1.59772228417618,0.8569481,7.06939663144713,FALSE
576,Gaia DR2 3556838687570647552,161.791430251927,-17.2100871595094,1.53980604385385,-10.7168788464982,-7.05203209854497,1.61696589281273,2.278473,29.2716641180637,FALSE
577,Gaia DR2 3556714305318440704,164.453965499472,-15.8680558298418,1.02377041580253,-8.9395600001599,4.06537048882457,1.56783260799785,13.425869,43.7302044607653,FALSE
578,Gaia DR2 3556746809631109376,161.812176323833,-17.7684589028224,4.85786047942895,0.821650960559554,-3.8694000778693,1.52534698448186,0.2476612,-9.84847055762723,FALSE
579,Gaia DR2 3556811990054698624,161.137730842736,-17.5441150978,1.76286283816239,-7.345174713003,21.5588910317688,1.66658135594187,7.790125,-3.49790617522136,FALSE
580,Gaia DR2 3556868924141220352,162.541476360703,-17.3276052629343,0.808066612999335,-2.79110443816108,1.45572173350373,1.46409295370848,364.26303,-5.25887822737825,FALSE
581,Gaia DR2 3556683244114976256,164.562405062542,-16.2811838296409,3.71039360902575,-24.0215401726677,-12.1351957608956,1.561112512111,0.3882672,-6.70431087244918,FALSE
582,Gaia DR2 3556642665264042752,165.008330725748,-16.1379255819324,1.88593763843205,-20.9979832092782,20.1321902719277,1.59043067110811,2.6039565,44.119480033786,FALSE
583,Gaia DR2 3556759247856468864,161.992404686422,-17.6913952733922,0.878789246350241,5.26314605724544,-18.2924048620907,1.52186300334574,42.39127,-32.9520881109317,FALSE
584,Gaia DR2 3556617720093973376,164.832529897226,-16.4612569134365,5.44866095374742,-28.9314636477303,-14.8951764871621,1.57349641731774,0.49867904,18.6068141997685,FALSE
585,Gaia DR2 3556629574203722112,165.034341993476,-16.2349787060697,1.46964937655493,-7.67687654010914,8.41286803437397,1.62574544983674,21.091867,-5.17106921818436,FALSE
586,Gaia DR2 3556691108199138816,164.552358082109,-16.0612069916994,2.63770621296656,-12.0327577598236,2.92834911523724,1.58118183292832,1.1235943,10.1464775935567,FALSE
587,Gaia DR2 3556817861274064768,161.419651007867,-17.4549117427276,3.76885732235092,11.2002826835369,-20.2855357143972,1.58899784857675,0.56639445,-14.4930333016208,FALSE
588,Gaia DR2 3556734577564244352,161.82587832223,-17.8301060962103,13.2007319404336,-9.25774510567777,-80.835279834691,1.44679325786939,0.09262705,11.6737803094556,FALSE
589,Gaia DR2 3556752612130912896,161.744203562351,-17.6229062240734,1.32091796072221,-20.670381534397,-2.73339326253617,1.4941607706752,55.622795,51.9796379372167,FALSE
590,Gaia DR2 3556601193059742080,164.251686716004,-16.5858255586936,2.89879610875001,21.9336949909542,-20.025911059085,1.63664951592394,2.2436862,-3.24735476916257,FALSE
591,Gaia DR2 3556817792554585856,161.479205662286,-17.4067313606136,2.16570889799785,-2.47442002444561,-1.32753922360768,1.74018067125895,3.271539,-6.02882541016896,FALSE
592,Gaia DR2 3556859436557602944,162.427765390047,-17.5042855982128,0.699532465411041,-10.1037489358703,9.19698744770843,1.56818208044089,16.644754,55.441561021686,FALSE
593,Gaia DR2 3556614039306309504,164.906104682073,-16.5314669193821,0.687912630557634,-7.17948191193062,5.83635655807414,1.51065440410149,26.68921,-7.31904765585559,FALSE
594,Gaia DR2 3556876994383902336,162.287851518296,-17.3499498018397,0.3192063641725,-6.08332371708632,-0.528912732183572,1.53037249825238,65.9278,40.7679391663373,FALSE
595,Gaia DR2 3556880567796691840,162.166377114412,-17.3230528957504,0.244390953248754,-6.77963650695801,-3.17354285920513,1.53543882159989,116.27252,61.5079087164945,FALSE
596,Gaia DR2 3556816349445577216,161.397824976152,-17.4740328478937,2.13087709838249,-10.1022423420073,-7.88205195378367,1.59282507066026,1.8298569,86.2826585582952,FALSE
597,Gaia DR2 3556812196213128192,161.079736420171,-17.5288917118195,10.658149878136,-72.8423201899054,-24.1013611406587,1.58050945825556,0.5643641,8.14448981669276,FALSE
598,Gaia DR2 3556632456126071040,164.795524629292,-16.3718032420631,1.35016471866261,-2.49951176416945,0.46666343663173,1.53894740584881,3.417106,24.5867408082998,FALSE
599,Gaia DR2 3556898748394198912,162.713320398604,-17.1340789455049,0.642704068412313,2.7434167617485,-1.75140228824655,1.53465416750143,13.219774,-6.8639007943803,FALSE
600,Gaia DR2 3556538314738642176,163.417768847117,-16.8120017412654,6.79330220783458,12.3652048002929,-11.6941610843985,1.684488439867,4.053294,-4.03540296050577,FALSE
601,Gaia DR2 3556691318653501184,164.54761990786,-16.0446918049883,1.89409044162123,-26.6614568548378,13.0248362938349,1.60147331374944,1.5503284,79.0205489275539,FALSE
602,Gaia DR2 3556581711088118784,164.460199582207,-16.8333239362084,5.72197850711988,-105.37140573791,-19.6501651431327,1.48520295700645,0.14654127,43.9928938790722,FALSE
603,Gaia DR2 3556749283532268160,161.68939206603,-17.7477245249817,0.898350768268409,-0.590030148012754,-3.38408434938693,1.59898278892558,2.6001768,-16.2379023039483,FALSE
604,Gaia DR2 3556577450480559744,164.518592652647,-16.910323892537,3.51103408953342,-8.88325091623221,10.7657023973899,1.63137282911301,1.3543421,6.82517409150076,FALSE
605,Gaia DR2 3556866862556915072,162.4152782009,-17.3259224983489,0.388828329958726,10.4992837870762,-24.9734119446435,1.55461003080937,77.51677,-19.6568622249583,FALSE
606,Gaia DR2 3556573121153645568,163.752121582509,-16.503696683474,1.68231881328146,-9.51553826429653,2.42573641105597,1.61944794666391,2.1038847,8.6287980936103,FALSE
607,Gaia DR2 3556543434339686784,163.790675320902,-16.8635777687015,3.5786313489958,-2.35689484267405,-12.4741366827645,1.62285865086635,1.6883903,8.29822548022562,FALSE
608,Gaia DR2 3556812191920831744,161.079058187608,-17.5287970443253,10.6166514213725,-73.9049761981499,-20.0777894644226,1.60267597880801,0.69568014,9.22715140788923,FALSE
609,Gaia DR2 3556828482728296704,161.714357306532,-17.4294152836054,3.82905818837318,-22.4646241532769,-5.66393276229076,1.62662553554812,2.3234591,19.3423171562963,FALSE
610,Gaia DR2 3556554463815753600,164.02943442467,-16.6260853859607,1.20196665592472,10.3190759391545,-4.34550293389425,1.64195682666387,3.86886,3.17275242398105,FALSE
611,Gaia DR2 3556740040762625792,161.478150246207,-17.9340112187618,3.01184436878747,10.9476335155086,-28.818706123001,1.56486878040167,0.99075115,45.536494958612,FALSE
612,Gaia DR2 3556736639148525696,161.522796943117,-17.9821971510004,1.73281722079303,-12.856485057809,-10.6133532289496,1.60871444219505,1.5512311,38.0204245915768,FALSE
613,Gaia DR2 3556727052781604992,161.91015096446,-17.9902470007755,0.894697530201723,-3.21649188979007,5.00981015709838,1.46319317717021,83.87549,-13.0985850779313,FALSE
614,Gaia DR2 3556736982745909504,161.480794295945,-17.9576045418656,3.58796778503734,5.55993115679922,-9.99325797709647,1.64549965713265,2.9242833,30.3565952081529,FALSE
615,Gaia DR2 3556780340439769088,162.107236043583,-17.4960684367518,2.83776501688049,-8.32064508292092,-6.73638918040316,1.61771169037508,1.0456724,-3.14466727611204,FALSE
616,Gaia DR2 3556737807379635840,161.636660131473,-17.9360821486282,1.93785445850767,-4.54202605538582,-4.56758629376415,1.67366610160487,5.363662,18.0167358341685,FALSE
617,Gaia DR2 3556687710880966656,164.502494973619,-16.1890505252412,0.646101371215626,-6.31073973081384,1.21444794237086,1.54117130045884,16.843674,65.6784501607705,FALSE
618,Gaia DR2 3556737944818588416,161.604510474687,-17.9361693011858,0.328293161741519,-4.9929272410838,2.11698524125584,1.52458188140381,53.439938,68.6372373894996,FALSE
619,Gaia DR2 3556670526716484864,163.881089921997,-16.3637367545712,1.97687642243525,11.2660961945497,-9.01777660050104,1.58974365234713,2.9444175,-11.6772230330888,FALSE
620,Gaia DR2 3556633177680576128,164.772102998481,-16.3543417688598,5.32041122222767,-60.0775792438681,68.7821109594046,1.59730060813917,1.3098421,34.6541976520416,FALSE
621,Gaia DR2 3556723857325851392,161.631381469691,-18.04826790303,3.43796342794311,-25.8090324259822,-4.22835099845898,1.58860380149175,8.988262,21.1864887175515,FALSE
622,Gaia DR2 3556684481065559680,164.535930745256,-16.2168229200881,2.21609359715658,3.00714579435714,-6.25714629220144,1.67131251963696,3.5114703,-7.7325363953508,FALSE
623,Gaia DR2 3556997597065527424,162.429302732072,-16.4196479740195,0.856462327622168,-9.81258824755225,-2.05758011947819,1.52896307392677,15.204888,19.5415282892683,FALSE
624,Gaia DR2 3557098893870023424,160.790456541747,-16.8082716526102,4.2517457758358,-45.5146550842208,-11.500747375099,1.61641716073795,2.9339268,9.11071082107446,FALSE
625,Gaia DR2 3557104357068425472,160.657283083945,-16.7064634867651,0.664766409233257,-11.8282716133448,-1.52541371545714,1.52900177060103,19.762968,62.7416307597608,FALSE
626,Gaia DR2 3557174210416605440,161.671888113289,-16.4222778978532,3.62033224955332,26.6126815402329,-50.9228118756801,1.59889446401133,2.5650954,0.432106339207866,FALSE
627,Gaia DR2 3557060445322873600,161.212989600271,-16.8413623794179,0.603671787973613,-5.80733479282399,-3.61826120266219,1.46924302006659,143.95982,8.28210050889754,FALSE
628,Gaia DR2 3557262171346843520,161.849454046661,-15.9566452326198,6.99865469683304,14.1123332604493,-20.2618816647797,1.59220679572456,0.65014434,4.62621075536129,FALSE
629,Gaia DR2 3557142560802473984,161.773210501845,-16.8402426053815,2.55691620380119,-22.7079175727716,-0.138905069233119,1.62851484509545,1.5321982,16.2904371912178,FALSE
630,Gaia DR2 3557239528279212288,161.496139729675,-16.2142017273245,1.81702671747651,-49.2537884319645,13.9931258393209,1.6102788142233,2.1301942,37.8430912843223,FALSE
631,Gaia DR2 3556927060818580352,162.748490498792,-16.7648419487612,1.18713630113395,-16.5874994219614,-6.02921334887471,1.52320777104919,10.704292,36.3698375669749,FALSE
632,Gaia DR2 3557278457862794112,161.640187498576,-15.8042803188595,5.72122962982064,17.6077796096756,-17.1293795376226,1.60725547229959,2.1004481,-17.5643773860584,FALSE
633,Gaia DR2 3557145069063374464,161.67836946298,-16.808272897143,2.7745389495806,-8.97521396894398,-19.8851586149072,1.61426992470383,0.96293175,33.5891768863033,FALSE
634,Gaia DR2 3556917749329404032,162.479896641541,-16.9096582816245,2.80766468268519,7.9837268365434,-20.7699591881081,1.60635379969963,2.0961437,-0.812515386247608,FALSE
635,Gaia DR2 3557207264484954752,161.970234353403,-16.1728507274689,0.491954686997378,-2.93291561307063,3.08894670126557,1.51780389413381,43.80056,19.2601459499853,FALSE
636,Gaia DR2 3557216885211619968,161.28665654358,-16.4356097262055,0.768775642397685,3.70241645663215,-3.71674528320903,1.5356169341033,14.407726,41.7424254391643,FALSE
637,Gaia DR2 3556931557648424448,162.165822514605,-17.1268813331108,3.20689133123691,5.39104266876782,-6.22555728868717,1.59783569674587,0.83489794,-10.1776704204128,FALSE
638,Gaia DR2 3556956159221089024,162.104059500439,-16.8710607919461,3.56191426050453,-39.9231896199989,-1.9810418043088,1.61574526428398,0.9349049,31.0216097483319,FALSE
639,Gaia DR2 3557183998646937600,162.243719596844,-16.4798155999782,1.44835864278589,-2.65581238362015,-5.64623019686633,1.59268298703082,3.4637606,-13.1004501489059,FALSE
640,Gaia DR2 3556994612063301376,162.482965380683,-16.4583046682209,0.513275322950287,-1.02792013953768,0.638715000211915,1.51778781258352,109.048775,-3.42427294990943,FALSE
641,Gaia DR2 3557221111459476608,161.520643821182,-16.3793240613215,6.26344697585365,-17.1833098728777,-39.8823920290917,1.57276968249304,0.50913984,65.7526048508529,FALSE
642,Gaia DR2 3557278591005843200,161.734982883083,-15.8480396866009,2.77064091222663,-6.12803754417588,-3.3977165492694,1.6624657054969,5.648648,-10.6812556889682,FALSE
643,Gaia DR2 3557064224894139264,161.397771205212,-16.817240112459,1.099031971264,9.79907074679147,-7.80557279502307,1.52783804765055,5.7291384,-13.5778200925658,FALSE
644,Gaia DR2 3557112809564098688,160.953657061516,-16.7330678981981,2.95994118066012,-36.4672181012259,-23.7343907559499,1.6153660958872,0.7649775,1.63604127829457,FALSE
645,Gaia DR2 3557011860652847744,161.223928687072,-17.241218146642,2.81520257982986,-27.8523229373386,8.08944428380085,1.53287278120608,11.240447,45.7097948033217,FALSE
646,Gaia DR2 3557282649751117056,163.146890510656,-16.823139393588,3.98109671142298,-7.80137160764524,-22.6705644968024,1.59438547920726,1.3755418,51.4276050942773,FALSE
647,Gaia DR2 3556923281247424256,162.904742330976,-16.7912012838372,2.10723290742413,0.0737413952345466,-0.00873770011962792,1.66099653752503,16.557251,-1.93171705493228,FALSE
648,Gaia DR2 3557236706484749056,161.179464271318,-16.2033931523853,0.6385736644388,0.814361918850732,-5.15390048108858,1.51558893480604,37.605038,3.53361203789926,FALSE
649,Gaia DR2 3557074253641692800,160.583232143344,-17.1571571468779,0.534725231773024,-6.14821524217311,4.42008718248072,1.56237574416387,52.64972,31.8643027472753,FALSE
650,Gaia DR2 3557176027187638656,162.083172240131,-16.5787189210739,1.94191467224767,14.3523538663027,-10.6974096675241,1.65863674467198,2.9315095,-3.89672842018478,FALSE
651,Gaia DR2 3557158782894062080,161.489449267628,-16.7362653406071,20.6364949544895,-297.064041051433,-13.8909761204423,1.60598877572618,1.3139418,37.5372702804024,FALSE
652,Gaia DR2 3557125831904942464,160.87757338259,-16.6549497808088,2.62040957008778,-56.8165701597295,28.8007156043084,1.50663181397606,42.342907,9.2530415444813,FALSE
653,Gaia DR2 3557005985137535104,161.020094824201,-17.391402856136,3.59797131166786,15.3975062997698,-9.37866469476245,1.41261733400565,0.1350017,25.2270225176956,FALSE
654,Gaia DR2 3556966265279981312,162.426390070225,-16.8109948849433,2.48402214150384,-22.8386576828189,1.15322241770286,1.61757311263277,13.628508,31.6389755105843,FALSE
655,Gaia DR2 3557059685113512576,161.233312616476,-16.8615392365387,2.57724738434251,-16.2450564938573,-17.3977258968622,1.58629281230251,1.1521297,53.1104182590061,FALSE
656,Gaia DR2 3557122121053254144,161.21245731267,-16.5144600299621,4.81791012792332,-47.3453367983837,-77.5238807500029,1.53815319444095,0.31029335,57.6692962218994,FALSE
657,Gaia DR2 3557283646183531904,163.273673464872,-16.8136707399663,0.720961394022202,-8.83022247376935,0.240316564870874,1.52689596048784,8.432603,108.16467822398,FALSE
658,Gaia DR2 3557042299085901184,161.350874346257,-17.0423920924183,4.07089700529803,-9.4226485079642,-6.25510112027076,1.49176544722138,0.54019666,-15.5835229438383,FALSE
659,Gaia DR2 3557183831143414272,162.042672580854,-16.3602903175636,1.50072454357348,-1.30294791147794,3.98905365464589,1.58303838455867,4.228202,14.5247250237433,FALSE
660,Gaia DR2 3556916478019144832,162.563471257701,-16.9566035232901,1.89752813734108,-43.7362709314326,-24.4943348045182,1.58339454219045,0.5925773,30.6806722325797,FALSE
661,Gaia DR2 3557045082224708608,161.573882871842,-17.0038963135538,2.72512933329063,-41.357818312626,-23.5351629908085,1.60168073637785,0.8869714,28.9125164100017,FALSE
662,Gaia DR2 3557125385228345728,160.98272317062,-16.6512217751863,3.08707419435206,-48.8579811791656,2.7764919850951,1.60756021907848,1.2736497,26.8292144297857,FALSE
663,Gaia DR2 3557107793042345472,161.158218778016,-16.7963001417724,0.986563413472031,32.3630579626728,-33.7181779380836,1.56614749770219,10.313784,235.997558090863,FALSE
664,Gaia DR2 3557052229050290432,161.223171181662,-17.0818872928172,2.40588987499427,-41.3344492678385,1.49880557831005,1.60190446479131,1.958062,20.9105558969586,FALSE
665,Gaia DR2 3557152838659397760,162.010244374198,-16.6078272344377,4.82825866567926,16.7021497458739,-16.9988861090794,1.49737508688751,0.20958571,11.7439094540959,FALSE
666,Gaia DR2 3556917611890513408,162.528378172388,-16.9026927004492,1.16172352174796,-16.1872858337466,2.4532547646321,1.53327566928762,21.061058,17.8039149120894,FALSE
667,Gaia DR2 3557137892173116800,161.005844726819,-16.466359948551,0.655678836322427,-4.74810003286297,2.61003941384393,1.60659191073119,29.995996,9.78435856358611,FALSE
668,Gaia DR2 3557025432749415552,160.830355765162,-17.1501067016972,8.12555454776233,1.73512474475868,-140.024649261139,1.61179791942217,1.3349115,0.187455347038053,FALSE
669,Gaia DR2 3557153457134682880,161.827632530247,-16.6730672114731,1.00219641021548,-24.5338173705311,-1.09097950448836,1.52400951066182,5.382741,25.9340838238815,FALSE
670,Gaia DR2 3557137926532855552,161.01770618683,-16.4606915134159,1.02979521389716,-25.8754079021264,-1.75732989849395,1.6318823261327,5.56281,14.383593125896,FALSE
671,Gaia DR2 3557152185824364288,161.928707694339,-16.6652000522293,0.589607319794021,-13.0209333382738,1.70857998200289,1.51771495550544,19.51436,40.1311624985631,FALSE
672,Gaia DR2 3556976882439223040,162.704876548251,-16.6197515360349,1.09968465745805,-19.248343989377,-2.80523508023119,1.28197706969594,762.18744,-7.40572319305888,FALSE
673,Gaia DR2 3556918951920315648,162.622829219955,-16.8578774171146,1.89691220179801,4.42901164359811,-8.5192479631038,1.56823600883218,0.7461757,-35.8626633470225,FALSE
674,Gaia DR2 3556946233552468864,162.219564818669,-16.8535996148249,2.43444146865386,6.51041532617249,-9.99101324314706,1.60498976810138,1.6346725,-6.05134166054565,FALSE
675,Gaia DR2 3556976573201504512,162.628918677837,-16.6365051307795,1.87455855134937,3.54742519390022,-1.13867084255294,1.54449796891132,2.5971322,-25.1473469954575,FALSE
676,Gaia DR2 3557014673856256640,161.195789736243,-17.2607736364368,3.50228516357958,2.83287149235373,-29.8298936604191,1.6213013787113,1.1467607,23.8440691157886,FALSE
677,Gaia DR2 3557275842226773888,161.823339203554,-15.8525498375199,3.47103051080818,0.642942969277944,-31.7287289010191,1.58122473530936,0.64829624,8.04196110010317,FALSE
678,Gaia DR2 3557278797164273024,161.739033035881,-15.8218387338626,3.94536280824463,-20.4273884659585,-32.6342469528241,1.45523118389434,0.66582376,63.4113094633641,FALSE
679,Gaia DR2 3557193589309108480,161.962997108134,-16.401155142141,4.64276971097039,-4.29697896567114,50.8510104985844,1.57566740037145,0.7273361,5.79326862256662,FALSE
680,Gaia DR2 3556918677042406912,162.649736096074,-16.8862119371185,0.591248664311279,1.23775649564483,-10.3635752327306,1.56401751161089,44.2411,105.188441118157,FALSE
681,Gaia DR2 3557028589550293888,161.180181255546,-17.1160712847795,2.7530576531497,-41.774499803345,10.9394322326463,1.61335584040474,1.0442662,36.8914835681116,FALSE
682,Gaia DR2 3557275120672268288,161.842938407373,-15.858195828698,2.43949014368369,-8.26544946431688,10.2898833639904,1.60550855220878,1.108437,3.84628327289595,FALSE
683,Gaia DR2 3557158439296679808,161.56484673426,-16.7351562746824,1.19131944809026,-17.0696151756184,1.26917816007605,1.54268545598577,9.703498,28.5166308138979,FALSE
684,Gaia DR2 3557248457515301504,161.875905654657,-16.1944963459564,0.289518473479807,-9.91459748772713,-4.44457698148475,1.50579027595939,211.81195,273.757319961675,FALSE
685,Gaia DR2 3556919875339652736,162.586789601323,-16.849424993619,3.35638700464847,4.53802327613084,-41.3461994934995,1.59866887506951,0.860958,-4.85552200168485,FALSE
686,Gaia DR2 3557144214365058944,161.781484349677,-16.7630545296972,1.95761761248003,-26.5447616998368,-6.03381155572773,1.60579542747785,1.5935272,0.126321843725727,FALSE
687,Gaia DR2 3557269760553084672,161.546424026966,-16.013031049731,1.51686670518045,-7.22206587699032,-3.1318513197576,1.63972357638128,3.7235794,3.39756368570509,FALSE
688,Gaia DR2 3557197884276376704,161.871203299174,-16.3381577728057,1.25575625305149,-7.75680721354004,-4.3523674562208,1.52066560011681,48.157093,32.2474198274854,FALSE
689,Gaia DR2 3557062266389048064,161.309398951221,-16.8854993407777,2.63576258135925,-22.1040572932315,8.29355854580703,1.57984485212591,7.7318726,19.8912439845231,FALSE
690,Gaia DR2 3557159912470347136,161.629930394304,-16.6873804298978,0.835606182470039,-9.73896600509131,0.483659171282967,1.53950164176771,8.665186,-10.3676016220671,FALSE
691,Gaia DR2 3556981349205142400,162.608612347381,-16.5374999571283,2.67258514860688,-14.8807733670239,-1.62821912345775,1.62959594267216,1.3161542,28.1950086962138,FALSE
692,Gaia DR2 3557252035224030592,161.638461013727,-16.1299140493537,2.44430365480485,-1.39313238390795,22.5715668695395,1.62748107901658,3.795451,16.7069013741106,FALSE
693,Gaia DR2 3557098687711592448,160.757886541741,-16.8206710552486,2.1486093478796,-10.8927746822372,9.292594583955,1.61703937271068,5.552213,-43.1027826181204,FALSE
694,Gaia DR2 3557136964460144512,160.909164540473,-16.4840464788695,0.418853288590456,-4.02879680269216,-2.92064437596026,1.46430505293143,212.52946,14.967506257639,FALSE
695,Gaia DR2 3557229563955063680,161.139286890607,-16.3891270965645,1.14939665230547,-19.8307884034272,11.0692679473872,1.45792462474602,314.50412,-10.6240723980906,FALSE
696,Gaia DR2 3556913179484292352,162.614457562847,-16.9951412643364,6.30155092433141,20.6813372173275,-60.6138470013163,1.51636975957071,0.25238743,-0.0776269421037501,FALSE
697,Gaia DR2 3557048797371605504,161.422910318756,-16.9861728583063,1.97432948094989,-23.2858702206083,20.6942785310237,1.61930895301996,1.3434649,39.2964415168886,FALSE
698,Gaia DR2 3557038352011158656,161.467904800382,-17.1007607527399,1.62994259355631,-15.9968919451842,-2.25169333795223,1.4887668693679,198.935,44.1382192832044,FALSE
699,Gaia DR2 3557187198397797248,162.388851431131,-16.3165909787422,1.92162895093434,-42.6585197343178,12.5641098729815,1.58460360294606,1.6667743,41.7458438102235,FALSE
700,Gaia DR2 3556990347160756224,162.251143017519,-16.5239812532294,2.09487052001876,-7.20736976438217,-0.390324102265089,1.59371763929306,1.6053267,15.4205313194883,FALSE
701,Gaia DR2 3556967704093178624,162.455206563572,-16.7941795572161,0.49064383237264,-9.34672742978305,-0.578208560552473,1.51891715753769,68.42436,32.4081405403349,FALSE
702,Gaia DR2 3557192455437768576,162.253762814567,-16.2232098209406,4.10201597867524,-47.6782911304039,-9.781370248066,1.56785380735091,0.3780899,56.7166482922578,FALSE
703,Gaia DR2 3557066625780662144,161.216153873147,-16.8155034861672,1.02218506545154,-6.12457631477178,-12.2654289750598,1.65149594778988,10.771273,40.568969954389,FALSE
704,Gaia DR2 3557068275048103552,161.387806475987,-16.7399671717682,4.50784228097877,-0.956088057372097,-22.431357302381,1.58569484340023,0.5882735,31.5508905940104,FALSE
705,Gaia DR2 3557025982505272704,160.996676315052,-17.2284583034856,1.52504509224089,-11.1367697343952,-6.1232772523737,1.64419267865308,2.7662587,36.0151866022059,FALSE
706,Gaia DR2 3557223821582900608,161.485225441882,-16.3658209381363,3.02079831502262,-12.0765291247664,-17.1908396020234,1.58363401917192,0.64357126,22.2922277079314,FALSE
707,Gaia DR2 3557210219422489984,162.050193098242,-16.0466538647629,1.8615992066783,-16.2687193275828,5.09122661721311,1.6971088403175,5.360619,16.095449988427,FALSE
708,Gaia DR2 3557017083333024768,160.855840564802,-17.3839667988849,1.4559089342664,-18.8266662644237,6.79731173904946,1.5991587227404,5.235935,21.1504981777614,FALSE
709,Gaia DR2 3557071852755949440,160.751500896526,-17.1775302376791,3.22349178860284,-19.3294299214406,-16.6755576078291,1.58951303179771,1.76168,64.404304925137,FALSE
710,Gaia DR2 3557165822345342464,161.508962304094,-16.5380974229364,1.04557303626842,-6.17461144511555,1.26779146693179,1.56479526550231,10.894809,-3.3563007490399,FALSE
711,Gaia DR2 3557124590658390272,160.840454080123,-16.6552218266012,2.10566741927604,-37.4423187852188,10.0929167631811,1.5737971854918,1.5021313,-3.25696049072621,FALSE
712,Gaia DR2 3557056562672428800,161.099564430171,-17.0090531809864,3.69274494367877,-10.9703632298438,-18.7893154923346,1.54636230125436,0.42150122,26.7750076178962,FALSE
713,Gaia DR2 3557226432923011456,161.587981945308,-16.2677452798346,1.47874228212074,-23.3082694086817,-4.94107669577074,1.51330903059712,3.93003,-10.8199165151296,FALSE
714,Gaia DR2 3556955265867890048,161.885055661759,-16.8121783988785,3.45485701667297,-46.4961279353079,4.28016338283349,1.58467456262572,0.47340176,41.8576274692777,FALSE
715,Gaia DR2 3557089921682384512,160.558922154262,-16.9796834511537,0.906926368012288,-3.9657567102039,2.91394412098665,1.52256900030596,20.95369,-1.33465170708045,FALSE
716,Gaia DR2 3557226329843796864,161.584749849322,-16.2821157792191,1.49662102663044,-6.92145049956936,-4.14448389613285,1.52482283529266,21.89106,7.89371748246865,FALSE
717,Gaia DR2 3557048247615811840,161.507279282877,-16.9764910645253,1.60840803069824,-0.912516161345531,-1.71924208340126,1.5276259950274,9.576396,-9.22322196778032,FALSE
718,Gaia DR2 3556995367978349568,162.330729099381,-16.5099835639766,0.874640086746773,-12.6375579405871,-2.17342541936372,1.49334315453561,111.50736,28.9107401901814,FALSE
719,Gaia DR2 3557225539569815168,161.44639909336,-16.2985400851451,3.00369446879436,-44.9702844846999,-13.62266232873,1.58993769657358,0.9172846,83.7358654564742,FALSE
720,Gaia DR2 3556982070759590784,162.220634182156,-16.7473657560898,14.7459573330248,-105.595100311243,-17.5021925161217,1.56329037927419,0.43841806,15.6528058811609,FALSE
721,Gaia DR2 3557180940630222976,161.963026135042,-16.4807572475461,0.570879451769932,-4.46213728414171,1.88459726888983,1.53794088859125,61.450947,-11.8571364204768,FALSE
722,Gaia DR2 3557202454121613952,162.111419899181,-16.2566114905841,2.26071548615937,-19.5736977886205,-5.75924320849349,1.60387477751999,1.6705433,-13.6184914630377,FALSE
723,Gaia DR2 3557242070899835776,161.292623092555,-16.1772817385446,1.67220509820149,6.94723694131361,-8.32937635371807,1.64068416103862,5.0895467,-3.74886966034365,FALSE
724,Gaia DR2 3557241933460897024,161.338218362741,-16.1778585531296,3.76620191950038,0.65507619424381,4.7871476462765,1.64128619189057,5.669167,0.733657105841536,FALSE
725,Gaia DR2 3557120020813186176,161.068362583121,-16.6020152402747,1.90027808481321,-8.98631581723683,-15.8803153076194,1.59121421582964,2.7240865,32.8595413871079,FALSE
726,Gaia DR2 3557058280659351168,161.13197483908,-16.916730849569,4.04183015209038,-28.9847235233241,-0.132997641443089,1.600724149038,0.6869287,24.8547223641339,FALSE
727,Gaia DR2 3556984819538667392,162.362592970181,-16.6359625633429,0.981229785411061,-13.0464523749167,0.0229073330144711,1.53408102260251,70.22572,17.950677832333,FALSE
728,Gaia DR2 3557033747806150400,160.949021166545,-17.028421371822,1.49888710798459,1.81517391510418,-4.69992315866032,1.64540486348006,2.6829987,-20.0390946268271,FALSE
729,Gaia DR2 3557188980808194688,162.222814296455,-16.354120034923,3.60561721978871,-18.8153945835908,-9.06208683941025,1.55635136053625,0.44689956,65.2795266810906,FALSE
730,Gaia DR2 3557186369468079872,162.371682130172,-16.3697532451404,3.64714084169786,-42.7705161973443,13.0350548286277,1.57677372484862,0.4716769,54.3393568596064,FALSE
731,Gaia DR2 3557097038444147840,160.719501582032,-16.868906231404,0.614183162736761,-16.6886006748209,6.99503844658778,1.53599041099005,19.760355,20.406244075454,FALSE
732,Gaia DR2 3557249973639711360,161.632568110297,-16.2549518997317,0.502302432903264,-1.37247724297563,-1.65843035782168,1.54133459664038,78.74943,47.3723907840945,FALSE
733,Gaia DR2 3557238394407843072,161.328275436875,-16.2256601320757,2.10357295268627,-49.3833476307151,15.7983190991964,1.60045464116049,3.5606997,57.138626041118,FALSE
734,Gaia DR2 3556912938966089216,162.555626735459,-17.0123241345647,2.20194599254957,-3.82132294058213,-19.5276176990699,1.57590965387169,0.7758942,-17.3126573891029,FALSE
735,Gaia DR2 3557007565685503360,161.019705173948,-17.3291853227167,2.94775440530416,-13.8724756951218,-3.61325820534279,1.61124930115311,0.89784276,18.38096036024,FALSE
736,Gaia DR2 3557006741051781248,161.042401353618,-17.3517831174681,4.60043484578169,-50.7590327496772,4.98831814817358,1.59452958443391,1.3602562,12.8133287097574,FALSE
737,Gaia DR2 3557195646597437952,162.026354368334,-16.3531597559303,0.490167314764408,-12.2687237873408,7.75492744859947,1.54442315512858,36.146183,57.3690721861012,FALSE
738,Gaia DR2 3557102192404904832,160.574338153058,-16.7656309379127,1.41759293164057,-15.2083230257538,-1.17000830098189,1.55308535173028,4.5495048,33.1866898139221,FALSE
739,Gaia DR2 3557191733883265024,162.213999789122,-16.2835900745838,2.1054609552085,-33.1486364294302,-10.865140826975,1.5803132961087,2.002133,27.9660312024234,FALSE
740,Gaia DR2 3557017388274696704,160.846890306406,-17.3569287786482,1.63735080269165,1.34681091635294,-2.24811829294217,1.63501797949717,3.2613375,-7.09125612367426,FALSE
741,Gaia DR2 3557078243667255808,160.634498741371,-17.0033755981531,1.78704885586042,-29.3807668013781,-39.1115663723633,1.5981645131318,1.8992839,27.2803601557446,FALSE
742,Gaia DR2 3556957847143104512,162.122333737237,-16.842555066121,7.00236685552186,-17.8348376658189,-19.8019296016591,1.63318248155055,0.71724224,41.5911003982501,FALSE
743,Gaia DR2 3556919875337371648,162.586214868201,-16.8499198722484,3.35548364508387,5.0291542063474,-40.8407253676353,1.62972477744698,1.0976652,-4.13701508837852,FALSE
744,Gaia DR2 3557224203835895680,161.488045031296,-16.3508106819343,1.59824320676573,-7.65433259467441,14.7826904828914,1.54597408219049,67.542625,-8.02816031432955,FALSE
745,Gaia DR2 3557007664468738048,161.037505385945,-17.312626561979,1.49350606852242,14.4826973134725,-6.47752789822556,1.59251966706327,2.5564144,-5.35215052939233,FALSE
746,Gaia DR2 3557128134007379328,160.71993139124,-16.6471796723364,6.30615806753803,-10.7824667770904,3.69830184618876,1.57579410269466,0.41490623,-6.45761919249773,FALSE
747,Gaia DR2 3557170740083062784,161.802409763441,-16.4313734101515,2.13205706554713,-10.8809960001274,1.55367580199057,1.62051283575089,2.4523828,-11.6548152740624,FALSE
748,Gaia DR2 3557106693530712576,161.035369637256,-16.8391741345771,0.440718363149147,-5.45333565163864,-0.923804771339978,1.51512391066525,49.81918,79.9430767957909,FALSE
749,Gaia DR2 3557089204423792896,160.470459426177,-16.9933122460821,0.373634821878548,-9.08275279042257,2.19147761527285,1.50505426158919,76.67341,37.1857419560936,FALSE
750,Gaia DR2 3557189603579462144,162.120051639777,-16.3463432254147,3.10260648910556,-39.4504930449709,-25.032563430303,1.60897312028925,1.801231,47.2397064078758,FALSE
751,Gaia DR2 3556996566273399424,162.34706213136,-16.4669436503122,3.04863842221196,-38.7855020962179,23.3427552246131,1.59815223822665,0.9363699,20.4212985759395,FALSE
752,Gaia DR2 3557189672298939648,162.151913632693,-16.3368733759964,2.07206603401356,10.8259749121417,-18.0881890885915,1.53909003200715,3.3267586,-2.73869364495971,FALSE
753,Gaia DR2 3557024333237830528,160.878150333984,-17.1891159293925,3.71721930605599,-21.5301357255728,9.45758987580806,1.53279303323612,7.6157627,27.3690241694943,FALSE
754,Gaia DR2 3557155411344619392,161.901077167687,-16.6390940802738,3.48495257677195,-41.2848238588873,-4.9030214490809,1.61941236695922,1.0716909,31.3041477226446,FALSE
755,Gaia DR2 3556997704440562944,162.457505139237,-16.4324812456686,1.64862833406388,-31.5448081421162,9.04349363321501,1.53793328326724,14.417551,27.1762621175479,FALSE
756,Gaia DR2 3557197197081606784,161.805184976162,-16.4083613133955,1.52971101540093,-20.931875576649,5.48907610049139,1.65182302008357,14.486016,-10.1196872984102,FALSE
757,Gaia DR2 3557021717601730304,160.760220540648,-17.2964560795618,0.516553629747586,-12.2450840866806,0.542731031458375,1.51479613698067,89.40292,-21.6821071717482,FALSE
758,Gaia DR2 3556999010110623232,162.394120675536,-16.3838007766883,0.426362063913928,-3.7753958200373,1.20828632021812,1.52890355617997,31.820993,79.6271696107717,FALSE
759,Gaia DR2 3557224818015311360,161.434748009007,-16.3468832615293,1.08851703861373,-11.7985483778281,3.36078444393388,1.61360819361394,7.1630864,23.2418302099928,FALSE
760,Gaia DR2 3556952899341691520,161.770932069439,-16.9145283926231,2.42499630248801,-24.108556222783,25.3869090667933,1.6091762707134,1.0648239,39.2475649416863,FALSE
761,Gaia DR2 3557236710780649344,161.178573238925,-16.205834120046,2.40818345212838,-3.64671123700812,-18.4106003115991,1.59473575219495,2.0877447,-21.4604676942551,FALSE
762,Gaia DR2 3556952487024830464,161.760180550257,-16.9360475036875,3.7793742824918,10.1541826783963,-23.6557431980259,1.6195689703982,2.0656033,15.0788208112853,FALSE
763,Gaia DR2 3557275537285069440,161.732378883676,-15.8801505993429,1.72912762134039,-68.550473457066,29.9377956219811,1.53496804791964,36.303276,69.3328048756505,FALSE
764,Gaia DR2 3557036908902146688,161.475968127283,-17.1362925828876,1.44345152743236,-11.5138651789095,6.25600474575758,1.62496142528621,6.3242164,-5.93737109593455,FALSE
765,Gaia DR2 3557273029024168064,161.757585758081,-15.9127923304817,1.94814579450369,-4.04101464739718,-4.55870539761951,1.46059184376954,16.737204,25.1059814506991,FALSE
766,Gaia DR2 3557171083680409216,161.606186218375,-16.5321054730549,0.951689505717225,-20.6914936417201,4.44685211211283,1.53588003224716,13.450854,17.4722647193776,FALSE
767,Gaia DR2 3557263545736333824,161.520801433446,-16.1340102483354,1.17242610153901,-8.14698069706759,-3.92518859536212,1.605645092141,4.483888,15.3926683392179,FALSE
768,Gaia DR2 3556984712163666560,162.362654431103,-16.6564671853963,0.451334796557378,-1.4742420405254,-2.36850189786325,1.52451806028007,42.555492,21.0486824007983,FALSE
769,Gaia DR2 3557124457515374208,160.817023887141,-16.6747590190055,1.70813785041702,-22.4437257571733,7.31325497863377,1.6462202792887,3.405635,24.6747359947507,FALSE
770,Gaia DR2 3557153319695728384,161.802648113704,-16.6971701162026,1.98326551389331,-22.4304944023723,2.24432243385624,1.62923149042707,1.5202789,-11.7551472298526,FALSE
771,Gaia DR2 3557267600185461760,161.475420537997,-16.0809315599911,6.44838160449259,-55.8173798920809,3.75898984072926,1.43351950094836,0.15373114,10.7741263661874,FALSE
772,Gaia DR2 3557127000136012416,160.782546506174,-16.68411963027,2.7043266532082,13.4208715266636,-11.0010842027886,1.64122667102546,1.6494062,14.2248241372916,FALSE
773,Gaia DR2 3557041856704453120,161.439178796822,-17.0227270183799,3.83201964336975,-28.1739565127265,13.1398001266163,1.56307897051241,0.46441165,57.2353850274678,FALSE
774,Gaia DR2 3557124354436158720,160.823494392601,-16.6931679999749,0.577110752704208,-22.826566608794,-11.0738508926502,1.42210406272728,1395.0978,288.7139615792,FALSE
775,Gaia DR2 3557161909630263296,161.640451173121,-16.5946822532608,8.36391608884523,-38.6594748408195,15.8805206442633,1.61409528700935,1.4600021,11.1154380749904,FALSE
776,Gaia DR2 3557171564716748288,161.679482041272,-16.4923506472428,1.78093002510926,-5.92897051061945,-4.75231767524306,1.62290090699642,2.8350677,-8.84025304747628,FALSE
777,Gaia DR2 3557042681338172288,161.317349365971,-17.0040304488015,4.46628875122963,-31.5487646867755,-20.2682723317686,1.64030493726167,1.817058,25.2552164811297,FALSE
778,Gaia DR2 355756710973342720,34.7578588974517,50.7877507601257,1.29703074070496,11.3772270800316,-5.25648883862025,1.65125464395821,5.7021294,-10.1988451487392,FALSE
779,Gaia DR2 355737405098107008,34.0000026170392,50.4878875234456,0.413502615766304,1.84595475462854,0.655691640210667,1.50425149495511,38.413742,-12.7037535918385,FALSE
780,Gaia DR2 355718575961994496,34.3877465442153,50.2427175563468,0.578725586735303,0.0333040646424229,-0.118826211816567,1.49538583330287,61.899464,-42.848692547031,FALSE
781,Gaia DR2 355757054570727296,34.7198343457066,50.7676244175049,0.583044370095803,-1.51304129686842,-0.493183463118512,1.49363987014507,16.342537,-20.7316446970403,FALSE
782,Gaia DR2 355734965556685184,34.2258422523591,50.455218415732,1.31854505440418,4.35220501850389,-3.30435727434245,1.59547322009671,3.709163,-10.510192836399,FALSE
783,Gaia DR2 355759464050325120,34.8737643963863,50.7822446568425,1.06279806305994,-0.687552964656858,-0.0011450388634781,1.59574251001106,6.8871255,-19.5180017281685,FALSE
784,Gaia DR2 355718129285341952,34.503567608465,50.3225128693692,1.41557591908372,-0.614409538018806,-9.46208385808241,1.57982183914117,2.5913293,-37.1414950344021,FALSE
785,Gaia DR2 355738946989515136,34.2187108461916,50.5775385680656,1.39698972459577,-1.07775551903277,-0.419502708181491,1.57532368814173,3.938427,-16.8173670066324,FALSE
786,Gaia DR2 355751110336894720,34.7578967761098,50.6056796370857,1.39370582055644,29.3633292417764,11.4533456206575,1.53138731258045,4.66539,10.1482461348098,FALSE
787,Gaia DR2 355708920875627392,35.2384521263581,50.6855938003877,3.98606132500938,40.3037671819738,19.7407655604861,1.51788794427013,0.29865554,14.2241111201852,FALSE
788,Gaia DR2 355705240086180608,35.2408320771835,50.511431033434,1.03232222928121,2.71938798790334,-4.57409289169045,1.66345325906816,7.1716733,-2.46290185215806,FALSE
789,Gaia DR2 355710398344377344,35.1598755785295,50.6948502915662,1.94285194850304,9.64059897062655,-7.72250650649679,1.58904666855041,1.2945958,49.0856602857573,FALSE
790,Gaia DR2 355736511744916864,34.0753544533815,50.4578839881912,0.292039315494588,-1.16844060369737,-0.662490527088143,1.46716251679643,122.970665,-85.1816308896532,FALSE
791,Gaia DR2 355754511950091392,34.6776076141532,50.692725426743,6.25630681052172,-36.781348404662,-27.6728699639529,1.62449423135515,0.2524935,-13.3102050697874,FALSE
792,Gaia DR2 355718129285335808,34.5049420099917,50.3330628746008,0.725995298079821,1.27388136508431,-1.956150821914,1.53223861408621,10.608847,3.90447795351875,FALSE
793,Gaia DR2 355721771417600000,34.3456869591519,50.3572956066585,0.811912180033568,16.6072197015284,-6.15906280780798,1.48654857766203,40.460793,17.2891410263614,FALSE
794,Gaia DR2 355735068635891072,34.2759165901044,50.4787575721537,0.476284055796957,2.18727357552045,-0.611327985960557,1.49843465296252,114.66932,-20.2295390663139,FALSE
795,Gaia DR2 355741420890674688,34.3971296412777,50.6085212830916,2.54385941741847,-4.83360474927279,-7.2078674520928,1.61862165534394,1.7623816,-1.39183380202569,FALSE
796,Gaia DR2 355736717903337344,34.1586845782827,50.4791395233023,1.94222922881832,5.27651475989344,-5.64876073371552,1.6308404625619,2.3583078,-27.4706231501593,FALSE
797,Gaia DR2 355804677168791808,29.7819174366856,45.3742198779415,0.756490336655458,-2.47124775511496,-5.65079863249598,1.50018873562131,114.01976,-19.5505471916554,FALSE
798,Gaia DR2 355804848967483776,29.8568002224992,45.3683955023594,0.751331329715029,-3.38633806247943,-7.54086842402945,1.53642494369512,63.534042,-53.488899909486,FALSE
799,Gaia DR2 355736305586495616,34.0659782348787,50.4342816664784,1.62135999574058,5.96722184830107,3.2740140940923,1.56014520822613,2.4403625,6.75331755790988,FALSE
800,Gaia DR2 355792067144814464,29.8623405696677,45.2543597766614,6.09622288513547,-1.36389765604151,-3.32261772985779,1.65388938119144,2.5059867,-9.41175896516428,FALSE
801,Gaia DR2 355705210023932928,35.2272705693543,50.4889766182939,0.742407282605149,-1.17457730887777,-1.12016623027206,1.52143237679394,147.59726,-0.395335691097493,FALSE
802,Gaia DR2 355759154812695168,34.8807227582924,50.7487515467286,1.60769513644547,-7.83369942596119,-5.43999731753732,1.60304462917829,1.5936038,-34.6019496279463,FALSE
803,Gaia DR2 355795438695906304,30.1618420978323,45.3116843480225,2.38829576689643,7.94609840904111,-8.8147121464114,1.62920663282303,1.7982041,-42.7238362675765,FALSE
804,Gaia DR2 355709054017165056,35.2958539488411,50.6796866367587,0.401939878235131,-3.47167309237052,-0.302013179822157,1.50515189231601,49.480152,-80.781590711226,FALSE
805,Gaia DR2 355812614268349952,29.836566656262,45.5331790687794,1.62531310240866,-5.10507274583355,0.376137602365639,1.58261142305357,3.775292,-15.5124909934607,FALSE
806,Gaia DR2 355813164024163328,29.926954267434,45.5374573486671,0.632818607688757,-2.46504983953754,-2.15155207228513,1.56953127078494,16.513912,-64.1594720310543,FALSE
807,Gaia DR2 355814126096836736,29.8486422043356,45.5619349252825,0.348481961992498,5.90042541582788,-1.47110027611809,1.51796754532694,50.942936,-36.1490957387184,FALSE
808,Gaia DR2 355711012522253056,35.0190918111078,50.6662897642796,0.394433090864126,-1.31208049565769,-2.31271716945263,1.49813521663848,57.16034,-50.675339664394,FALSE
809,Gaia DR2 355811136799602048,29.8359583433129,45.4552136508104,0.629079851801413,-3.59876233849208,-1.11807233765081,1.50195533106549,18.590837,-72.440745154384,FALSE
810,Gaia DR2 355725963305580928,34.7540520096493,50.4897477954673,2.10007302079544,9.44648421061156,-6.96881370200472,1.53817557965267,3.6620321,-27.6600896256103,FALSE
811,Gaia DR2 355720362668345088,34.3110995611564,50.3303804975197,1.48580330569413,10.4132449657999,7.52176804316628,1.51443766614969,61.44388,-41.9991432341996,FALSE
812,Gaia DR2 355707267310772352,35.1996462501453,50.635072778811,0.358073590798541,-2.6188154950269,-1.05610405818985,1.5084751089139,53.482124,-53.1764172393856,FALSE
813,Gaia DR2 355708852156153856,35.2092825986621,50.6747141630368,2.80368899281427,-6.25976907621442,-11.8579486890246,1.62569261377932,9.514704,4.48211761839284,FALSE
814,Gaia DR2 355724795074519040,34.5803213267641,50.432370344943,1.7122022485155,38.9904627599091,-0.484133735156933,1.54548981683302,4.6583223,-41.48703099081,FALSE
815,Gaia DR2 355786745682142976,30.08097727139,45.1368482016538,3.96944662437972,-2.86338011166074,-7.5256317751019,1.56130627810938,0.40702218,-53.8168751908405,FALSE
816,Gaia DR2 355733866045070592,34.2902416827536,50.4110825752861,0.251621684288784,-1.6438819536458,-1.29675695692497,1.46774158557273,86.98148,-40.3194231200566,FALSE
817,Gaia DR2 355797294121736960,30.1211435569733,45.4285775977175,3.03637722100697,-11.6159069950756,-4.37821658859453,1.66990209415106,8.236748,-16.8636549866257,FALSE
818,Gaia DR2 355737366441558400,33.9910188643845,50.4658787858289,2.44274080457811,37.7815050241633,-20.1487269211306,1.59293825737056,0.97268796,3.63814815437949,FALSE
819,Gaia DR2 355717339011398144,34.5047475786059,50.2560054014374,0.263976884591292,-0.839629392162318,-0.529178930869085,1.42135997889878,212.35687,-17.7119355334874,FALSE
820,Gaia DR2 355761113317700864,35.058197002637,50.8891171170533,2.52654671403303,39.82462365958,-9.57205065291105,1.57853324114285,0.53223246,-7.43661281116782,FALSE
821,Gaia DR2 355725340533132288,34.6771738483571,50.4321685689985,1.2419151833365,-8.81180017786383,-7.56510608740172,1.5111292447068,46.19747,-19.3153181234505,FALSE
822,Gaia DR2 355753519815608704,34.8390039144224,50.74463340595,0.861227228128746,-3.59017144838358,0.346869309866017,1.51988570030886,6.5437455,-45.867485198717,FALSE
823,Gaia DR2 355761800512464256,34.9687163415588,50.9067871840413,2.7575944202247,20.1321291358773,-18.4285031920943,1.54937207389917,2.7910402,-58.2947179224599,FALSE
824,Gaia DR2 355730842388396416,34.4842397168949,50.5822900496205,0.555057970237532,0.821885126777747,-2.01829308908142,1.48677881657355,40.736584,20.3505231682474,FALSE
825,Gaia DR2 355752725244630656,34.8465533130358,50.6815849263937,0.586786480174982,2.24422207904688,0.866031928498978,1.51307303319904,39.477055,-10.0751646252152,FALSE
826,Gaia DR2 355746579148178688,34.2439847658468,50.7190664322249,0.683639891024477,3.91235108910016,-2.85521852768915,1.45753538518107,80.8161,-68.3727467541542,FALSE
827,Gaia DR2 355783756385215488,34.558439032924,51.185555007038,0.53704179065075,3.22945030885346,-5.08636241758666,1.47990076293814,18.23035,-16.1759364996664,FALSE
828,Gaia DR2 355760323043760896,35.0797794669692,50.8073454742782,2.84352764504682,0.605601072922156,-17.369709495233,1.62178806592087,4.503884,-34.9161963026709,FALSE
829,Gaia DR2 355719503674936448,34.2867559408966,50.2433480397446,0.49851417331274,-4.03132801879144,-3.15816009249906,1.49457335350137,45.107468,-32.4356712427514,FALSE
830,Gaia DR2 355733007051624320,34.1239324032362,50.3868396912337,2.4227942922213,-5.90144182988093,-4.11541974419625,1.62687599809364,2.4354067,24.4796805801939,FALSE
831,Gaia DR2 355756337314164608,34.809219432909,50.7318046716016,1.68939716437084,-3.64383802495987,-4.44428916684496,1.64155932790022,3.0160472,-32.9243653724436,FALSE
832,Gaia DR2 355732251137378304,34.2546078685314,50.3801904578829,2.45152608827107,-0.225635317500628,-18.0593634097988,1.59909626069284,1.3666949,-36.0362823801091,FALSE
833,Gaia DR2 355707061152342528,35.2060629252098,50.6283407960555,0.957641977808624,6.41817909668128,-4.87770256862601,1.66931561255247,7.058873,-4.67425890363212,FALSE
834,Gaia DR2 355781351203363328,34.4844255370337,51.0481287898284,0.490880839428957,1.44921588510995,-5.19833494504457,1.50312266049548,81.09236,-50.7767864743458,FALSE
835,Gaia DR2 355740153877129472,34.1287067118538,50.6306116685546,0.305738911667773,-2.45276728058223,-1.07886322849258,1.361327224416,799.98486,-64.0364412026177,FALSE
836,Gaia DR2 355740153877129984,34.1148919123312,50.628800006068,0.905077918863736,13.2625586719527,-1.41847637881768,1.4907156101211,33.079254,22.1208864789528,FALSE
837,Gaia DR2 355774925932293248,34.4253642785931,50.9845041616367,0.85732833381106,8.6394953106416,-4.41814368123536,1.49194936605762,39.86434,-31.9123975948494,FALSE
838,Gaia DR2 355710290967747840,35.1770464244908,50.6603411958795,0.727333110643654,9.09924900094217,-10.656598805343,1.43718961076366,177.1538,-55.9047470544125,FALSE
839,Gaia DR2 355713490720812800,35.1766926707754,50.798251899103,1.76807288375917,19.0430863468172,-12.9947686033501,1.47536940408373,122.882706,-18.0475699564394,FALSE
840,Gaia DR2 355740050797912576,34.155127900361,50.6310349097555,4.06503176264813,8.33938219725762,-15.76707952592,1.57944992663027,0.6337185,1.23062582123316,FALSE
841,Gaia DR2 355774891572555520,34.4117686215583,50.9797470394355,0.436594079483894,1.97063231532895,-1.90566978741366,1.5285541920143,55.761143,-15.2445863495229,FALSE
842,Gaia DR2 355720568826332800,34.304883024262,50.3751023897044,0.408054920407418,2.78584257228043,-0.268862674894644,1.44501681713419,30.499214,-39.4814154147969,FALSE
843,Gaia DR2 355783275348889856,34.6027958812553,51.1206211394611,0.378761641490197,0.52313690717219,-0.0647721099812536,1.5089413831639,40.94249,-4.77992873934404,FALSE
844,Gaia DR2 355774479255698432,34.431503957406,50.933156905229,0.337251968521841,0.801258456112922,-0.662254550264425,1.50415405652165,46.655003,-14.7530841023922,FALSE
845,Gaia DR2 355770734044461440,34.5891191422249,50.9087178098603,0.593809489095848,2.76777371102884,-2.21125257017767,1.5026257312234,46.459274,-35.5286154108192,FALSE
846,Gaia DR2 355773173585644288,34.349148797649,50.9118416881043,0.296536472282125,-2.25195443242019,-0.883194548830028,1.48675331035338,45.70536,-67.6739401252459,FALSE
847,Gaia DR2 355803405857365632,29.6344401468036,45.2820494080332,1.49953152683042,9.18454357366466,-3.55422279778713,1.67415163030807,4.8592176,5.44026755059817,FALSE
848,Gaia DR2 355794270464822528,30.0607024994667,45.2430629467091,0.483514300496273,2.23351875652075,-2.66981172001255,1.52094871697577,79.202995,-36.607572988775,FALSE
849,Gaia DR2 355808250580473856,29.5972881551171,45.4433312227491,0.288050179218466,-0.62376058948173,0.267323213186373,1.51638264004591,82.42422,-100.976822722083,FALSE
850,Gaia DR2 355767298070706432,34.5163161462239,50.7599583018009,1.87286908745385,7.76932938396014,-0.259645020741102,1.58557930423703,4.9277697,-20.9969366306336,FALSE
851,Gaia DR2 355808834696026752,29.6467435148987,45.4209233280497,1.18643349646696,9.95847140799731,-5.19984746479039,1.62556384086254,4.6891336,-2.49872153269778,FALSE
852,Gaia DR2 355702289445837056,34.8385413535437,50.4960625808123,1.91832895732038,13.8193161143354,-1.17533141119073,1.56767268529549,1.7295148,-26.3593707077765,FALSE
853,Gaia DR2 355775784925990528,34.7082561171223,50.9173416263106,0.995703584808197,2.77223113397437,-3.19931978417715,1.5262967899424,48.71376,30.0437636330742,FALSE
854,Gaia DR2 355814061674024704,29.877116090733,45.5527455172882,0.286771463584659,0.0294315410323359,-2.35202967787488,1.46981413864264,92.293015,-72.5740029102009,FALSE
855,Gaia DR2 355773036146688768,34.3984161711244,50.9223397154024,0.328607961886217,-1.84375508125343,-1.43231156164739,1.52860422785284,53.75206,-52.6631172224276,FALSE
856,Gaia DR2 355729949035211136,34.6280650163723,50.5422538788207,0.37890396428157,-0.918071413937611,-1.18109854555766,1.51625600015008,43.72764,-31.6122711652224,FALSE
857,Gaia DR2 355730155193623552,34.6326330120581,50.5745931549048,0.32879243521325,-0.44580205718241,-0.496914139439068,1.49416685383983,47.70744,-54.2770010042352,FALSE
858,Gaia DR2 355743108815549824,34.4429126445682,50.6551636323583,2.51727218474411,14.7414307876665,-4.72766885641953,1.61902316366127,1.9223694,14.556863974628,FALSE
859,Gaia DR2 355752312927769472,34.8921219628223,50.6956559898367,0.640904819521186,-2.41838092518422,2.61813629716872,1.49412559346954,35.445045,-63.8754668484858,FALSE
860,Gaia DR2 355783103550186752,34.6692637000764,51.1721066213259,0.482794007649295,3.57304066128746,-2.08210745882211,1.53045083785171,46.59959,33.4475054586771,FALSE
861,Gaia DR2 355791727844173952,29.9757392387905,45.2902961850322,1.57788007377984,-1.4296668688531,-1.85269146555436,1.61540981025596,3.2995944,-56.1178738101659,FALSE
862,Gaia DR2 355783825104693120,34.648977164803,51.1700096384725,0.384594236213529,-1.2688340371131,-1.18537091381496,1.48340502575411,135.12659,-29.1198172773929,FALSE
863,Gaia DR2 355740291316078208,34.1430646357845,50.6456605823983,0.499355171665908,0.871462186129216,-3.91289696558249,1.46949098549937,165.92639,-50.1645788911151,FALSE
864,Gaia DR2 355755890637579264,34.7448054306858,50.7092762357817,0.80557148026085,-6.1660507395845,-5.69999532337192,1.48621911980669,27.436811,-46.3106721593536,FALSE
865,Gaia DR2 355792243240250752,29.8979801758657,45.2895997408263,3.42314037761431,25.774011933291,-18.1852866249073,1.61343915593746,4.9242687,62.1514142424384,FALSE
866,Gaia DR2 355791659124698880,29.9784724858302,45.2815299554671,1.33672626290292,1.61050778473986,0.110918183779171,1.61663184058772,3.7658849,-60.7111941367863,FALSE
867,Gaia DR2 355754477592826112,34.6754752864081,50.6753572008321,0.604395225803082,5.67573206679787,-3.58771195693608,1.49969103423325,14.873156,-50.3804354709339,FALSE
868,Gaia DR2 355715346146605952,34.4259217901858,50.2045701127006,0.336904881889532,4.69385496083917,-4.5916812961915,1.47042226030443,46.732773,16.5661236419553,FALSE
869,Gaia DR2 355761388195629952,34.9911282372156,50.8526792089871,0.629713139785719,-2.48917672973915,-4.91030069736024,1.50221925447981,9.959197,-62.5612730972506,FALSE
870,Gaia DR2 355773517183282176,34.5215050563632,50.8951168172406,0.97765607993396,5.12965061292822,-4.34339165241995,1.59000194353868,63.145782,-15.9248612356882,FALSE
871,Gaia DR2 355702117647151360,34.884482853766,50.4771774582403,3.34818976012643,-11.5662659339859,-5.73163392282433,1.64416461322743,2.502364,-8.04045045101316,FALSE
872,Gaia DR2 355753588535176704,34.6882039647138,50.5884198052732,1.50644855094119,4.42277159529524,-7.8573512114902,1.63093258779274,5.735232,2.28435851446661,FALSE
873,Gaia DR2 355766885753869696,34.5431569126079,50.7088167486364,4.97345803894693,-27.8271496552056,19.1285997682626,1.50445651084266,0.9372077,-42.2471417758721,FALSE
874,Gaia DR2 355702323805923072,34.8707341217034,50.4934487063738,0.769900888528319,1.55373732163766,-4.42585334339017,1.59942945029948,176.90436,-20.735042891945,FALSE
875,Gaia DR2 355710913740055296,35.0402144658813,50.6748880619478,0.561528970910185,2.51103121484185,-2.48744724679952,1.49302831677557,213.57364,-35.0450981383436,FALSE
876,Gaia DR2 355736546104656640,34.1241412019149,50.4492944476714,0.893196058407898,2.88951880562798,-2.79344612999274,1.61318964294044,8.761113,-21.02729269258,FALSE
877,Gaia DR2 355724073520037888,34.6097174806255,50.3832095648839,1.64671560390439,0.996806284827028,5.03742596684523,1.64282541675914,2.71558,-0.972756711495395,FALSE
878,Gaia DR2 355739913358968320,34.1264586748309,50.6039518742432,0.502872226679613,1.84105747073975,-4.25497538707514,1.45999678517183,153.28711,-24.6127655342228,FALSE
879,Gaia DR2 355729055682029568,34.485140906898,50.529310713978,0.436148108672429,-6.89185263172416,1.34334449612592,1.38281519635361,818.4686,-85.7390377232544,FALSE
880,Gaia DR2 355785886688689408,29.921281333268,45.1100048764778,0.35677013928193,-1.78651690862533,-0.0531708066699819,1.42127796421232,107.24608,-48.796926040512,FALSE
881,Gaia DR2 355739672840805760,34.0589406070464,50.587931041308,0.253645098096075,-1.36061832007242,-0.372063617457074,1.49452194485241,77.36557,-87.8530720994067,FALSE
882,Gaia DR2 355723936081100160,34.5925666404715,50.3599860811457,0.54787731029573,-1.33144957836261,-2.46419110675508,1.51589858615959,24.940025,-39.0571329970016,FALSE
883,Gaia DR2 355710845020584704,35.068565049277,50.6582031076421,0.452293222205362,-3.60122064704651,-0.116858028634201,1.50425742952036,55.09279,-56.5410573674123,FALSE
884,Gaia DR2 355775402671005312,34.4323051991523,51.0200977649023,0.343657591647325,3.27583908227002,-0.82903700856931,1.50753286043218,50.457706,-26.5844804113656,FALSE
885,Gaia DR2 355749087409057792,34.2976263367479,50.8442239127443,0.600433280139914,0.933525630628919,-1.49425363407669,1.47106610316085,134.58324,-20.4925362078353,FALSE
886,Gaia DR2 355754344449369600,34.7170495562337,50.678235124103,2.96645523587724,2.78114983698695,4.1835883931004,1.54295714676526,4.4893956,-60.0004250190464,FALSE
887,Gaia DR2 355740841072283392,34.3858623028385,50.5546390004474,0.439099699453829,-1.00355463881055,0.533436040960847,1.48242398299812,43.299473,-12.6391995288304,FALSE
888,Gaia DR2 355747403781897600,34.3232983976892,50.7250545230631,0.311415025969805,-0.433989738117453,-2.23018690003869,1.41021026879452,432.6536,-37.6831149996503,FALSE
889,Gaia DR2 355780316113592064,34.5298248438223,51.0170660148796,0.594044294702882,1.47658286967075,-2.62103267166882,1.51673014682736,45.480663,-19.9029059830336,FALSE
890,Gaia DR2 355779427058198656,34.7717061448102,51.0758217383596,1.11256873064659,6.90580727360629,-2.95948212622688,1.61725970437955,3.8941352,-22.3968414127888,FALSE
891,Gaia DR2 355763174899015808,34.9003195324387,50.8887291227024,1.04062888238041,2.7820561522158,-3.24903942677977,1.47881845730528,26.914057,9.60729511176858,FALSE
892,Gaia DR2 355794992019300608,30.1094501747684,45.3349872606179,0.492753992186419,3.00228180230693,3.85034291871992,1.43368921003907,160.4915,-6.51912474959685,FALSE
893,Gaia DR2 355779422760393216,34.7640684078475,51.0718028825683,0.298779999994436,-0.0867553506361286,-0.255172369426209,1.4347409811952,171.1645,9.23310719728898,FALSE
894,Gaia DR2 355780556631760256,34.6304450734436,51.0329658881178,0.568159284458886,3.33860041978177,-0.922863172534148,1.509565600197,48.436882,28.1558880654298,FALSE
895,Gaia DR2 355763308043106176,34.8332800628692,50.879209924524,0.354725427613803,1.25466275954154,1.16907082268084,1.49795720112524,38.559624,-38.0082642474798,FALSE
896,Gaia DR2 355778533705003264,34.836574917878,51.0591452899029,0.811457977279945,-0.639037670802983,-1.9602181622757,1.52331742812607,15.571846,-41.3240721445339,FALSE
897,Gaia DR2 355780767087998208,34.6362451164605,51.0804632256898,1.27794855060985,-2.68005919619188,-5.38340738239708,1.53056771341724,3.760438,-7.32310333878997,FALSE
898,Gaia DR2 355758158380294400,35.0065516455282,50.7141392671825,3.34666921942141,-8.94628721233876,-7.79761429919753,1.64262051919109,4.319409,-52.8205997693835,FALSE
899,Gaia DR2 355775127793099008,34.4670522421656,51.0068120848797,1.09107301479999,-7.94794719956411,-2.55538656565336,1.6197754925782,7.8742843,-55.4359136901664,FALSE
900,Gaia DR2 355774990354145792,34.4085218629683,51.0016101691631,1.24300672453452,-5.81351574176185,5.48855947777331,1.5265041534573,6.3320346,-11.3434873950504,FALSE
901,Gaia DR2 355734656319028992,34.3095555013891,50.4815792832595,0.278467202971987,1.29020671994415,0.508738433394986,1.45499961273918,62.174442,-33.8221202918511,FALSE
902,Gaia DR2 355729090041759872,34.4985103236442,50.5442096779167,1.03933523006341,1.10158551656285,-3.88480203716465,1.48553779777031,41.84183,-45.9570912440685,FALSE
903,Gaia DR2 355774852915193088,34.3832288363374,50.9782304181608,0.353561052564204,-1.21288204040158,-0.506366938368377,1.52324891325653,65.135506,-41.5146830037801,FALSE
904,Gaia DR2 355702152006883328,34.8931861142194,50.4903733971907,0.94193461239714,-4.52966027532947,-2.38066318007688,1.52450595679942,7.8280816,-61.2399783207507,FALSE
905,Gaia DR2 355721737057852800,34.3769618456007,50.3683148610499,0.243474043463771,-0.459081545677314,-1.76667979340027,1.49771082456858,53.03826,-74.983879253899,FALSE
906,Gaia DR2 355762827006770432,34.8308285078668,50.8447489794652,0.412905085998291,-0.947940801349751,-2.09184147854447,1.52763010006218,52.937458,-41.6664536333036,FALSE
907,Gaia DR2 355759635846042240,34.9483557874234,50.793157037731,1.5159767357974,8.30294524493111,-2.21092988566426,1.50197969152887,40.606224,-24.2779952927367,FALSE
908,Gaia DR2 355732697813985664,34.1582024709173,50.3533219771995,0.876692682143685,1.79947602877292,-4.50378415283597,1.51610388723637,7.7434354,-36.5335882157375,FALSE
909,Gaia DR2 355749220551292032,34.8191151378867,50.5078964368137,1.56420957539241,13.0209317430801,-6.9978617786547,1.50112485984918,43.75119,1.90337372785466,FALSE
910,Gaia DR2 355765850663741440,34.8984822709098,50.9597275844734,0.362744095042764,1.95422804064477,-0.433030216919038,1.32439232615007,1619.403,-8.96388500288931,FALSE
911,Gaia DR2 355740703633351040,34.3637614442556,50.5190965514096,5.60522929016345,-4.89717065374072,2.82227311271226,1.53006966360516,0.26016,4.48279270445909,FALSE
912,Gaia DR2 355706683195187072,35.1177758317064,50.5892071831093,0.476561602931802,0.129038105418304,0.58740439338253,1.51311079108451,49.246223,2.01564108500356,FALSE
913,Gaia DR2 355735549672212992,34.2685353515714,50.5220324985467,0.62355992182257,7.48631392018416,0.282520897250458,1.53623550917049,15.124132,29.7926042286129,FALSE
914,Gaia DR2 355743383692837120,34.5201523310636,50.6893116753998,0.859983026891993,4.13756888251011,-7.81233357818435,1.54714075506786,6.4208093,-8.99765756196073,FALSE
915,Gaia DR2 355759051733445632,35.0045799093083,50.8051245689014,3.14616393601195,5.19077260909109,-6.07388646729464,1.62552338491372,1.5092388,15.9318378201025,FALSE
916,Gaia DR2 355735133058561792,34.2577686308248,50.4955887317657,1.6472812160982,-12.6439693526818,2.1097659448145,1.60692809111912,4.7361774,-53.2934311167252,FALSE
917,Gaia DR2 355780320411421056,34.5354603288496,51.0153256002177,0.963282299459943,2.34505922653152,-3.0668033803998,1.50439239969767,16.045528,-13.5676822917975,FALSE
918,Gaia DR2 355810763139191808,29.8710665074109,45.4085229982819,3.73819664818507,1.62675732559797,-17.7288093071368,1.59195189842794,0.4863401,4.00036273582182,FALSE
919,Gaia DR2 355712185050763904,35.1477848587111,50.7366625851946,4.74694676536457,10.4669482581215,-13.5274154839707,1.54056982375812,0.42505828,6.05639916378288,FALSE
920,Gaia DR2 355787157998998144,30.0948700744395,45.1675873872698,0.693073979065965,-4.70440359282723,-4.60283301623692,1.37177170228816,630.0376,7.49474508161319,FALSE
921,Gaia DR2 355755027346167552,34.5710394621805,50.678102076784,2.63729311753806,22.7029869016863,-12.6012835623651,1.59437164458574,1.2553377,8.98672428247877,FALSE
922,Gaia DR2 355758776855547904,35.0283085522705,50.7848134054438,2.34125176104428,-1.01597492416524,-4.26673375629435,1.62460426045927,5.608055,-55.5171928537912,FALSE
923,Gaia DR2 355756195577268992,34.7486001640817,50.7375365986574,0.447524229978665,-0.219060587846698,-0.786703160726983,1.45668188421438,166.67639,-48.8772134972313,FALSE
924,Gaia DR2 355756092498054912,34.7425494334835,50.7226505701616,3.18183686759002,-13.6815432936226,-5.54910912818071,1.60554369122248,0.9904432,-68.9944610669576,FALSE
925,Gaia DR2 355748327197181184,34.2800397511746,50.7796347956058,2.22199362236295,8.44686163615843,1.75574153504157,1.57733906563389,1.3549474,-72.327298299644,FALSE
926,Gaia DR2 355725963305583232,34.7542863341233,50.4854078169848,0.944758577441965,-3.3539170775008,-4.42293567523033,1.59616804236422,19.746407,-28.6199969408967,FALSE
927,Gaia DR2 3557356076510808576,162.729396405294,-16.5139163639959,0.600583224999881,-19.2634184666246,3.81050682218109,1.43363012418898,281.17102,68.1367893397853,FALSE
928,Gaia DR2 3557353155934125056,162.757087299335,-16.5148155517657,1.64433881162597,-5.19362897960798,-0.680538395375394,1.53282967796938,46.665348,-22.026587160856,FALSE
929,Gaia DR2 3557510141283027200,163.3610512731,-15.7991892439875,1.17673880534208,-5.02980125167021,1.70946494357225,1.59354050841533,3.301823,-10.2376052341015,FALSE
930,Gaia DR2 3557527909563264512,163.862616500814,-15.6380593117195,1.88964030420751,-8.91717499659006,2.67759908806188,1.50570367223514,90.09984,-14.2663321124784,FALSE
931,Gaia DR2 3557521827889540224,163.492944405123,-15.5641201609602,2.07070256029767,-58.7749849940672,14.8480059489773,1.57310486980235,10.7286005,28.8297639274837,FALSE
932,Gaia DR2 3557351815904325632,162.838395293096,-16.5823553817277,2.85868911107055,-2.49220542088532,1.88505871211464,1.56804544555614,0.53075784,15.4296916664676,FALSE
933,Gaia DR2 3557520968896081408,163.558461197341,-15.5689333057961,1.41808216785829,-13.8698254343177,0.121067420077108,1.59374475623452,2.200654,50.9737167256295,FALSE
934,Gaia DR2 3557544883274020096,163.674534829432,-15.5013529079477,1.54479102286895,-2.95905474833135,-12.1796558680617,1.52706848669521,6.580304,44.0111683840401,FALSE
935,Gaia DR2 3557400430638773120,163.229475311533,-16.0177150187772,3.23936710493311,-12.3211917015041,16.5944454010603,1.56853402378379,0.6640909,21.9690903696786,FALSE
936,Gaia DR2 3557627754667815808,162.864876256713,-15.5240431586221,2.76502448709721,-43.5684595974705,5.03632520120878,1.5875167048673,1.5154699,-9.12734085063541,FALSE
937,Gaia DR2 3557607830314937600,162.902564297776,-15.7693350796609,0.595984976290503,-11.001072096734,1.21105176957487,1.50953718788941,83.454506,12.5019059841389,FALSE
938,Gaia DR2 3557407341241568896,163.016224799487,-16.0283395041392,1.83530421979455,-18.291253399992,10.8132359156077,1.62492522615809,4.048528,4.81724692523689,FALSE
939,Gaia DR2 3557537010598026880,163.950038455242,-15.5085299696422,0.659143964416352,-15.4218677858218,0.992809817954803,1.51066272591557,22.52261,63.2230524564383,FALSE
940,Gaia DR2 3557524988985470976,163.506113830591,-15.5275652513433,1.08991751292383,-26.1610247774556,18.3675217687147,1.49824944095778,42.70389,46.2761334397448,FALSE
941,Gaia DR2 3557603427973048064,162.63996057266,-15.8454891501388,0.684054338343984,-13.1992603466353,9.71899496141348,1.4998919250993,16.72188,-4.72743191356152,FALSE
942,Gaia DR2 3557456166429581056,163.844175621633,-15.7691412393269,0.566711558961039,-15.72798287951,5.65263313221708,1.5138896895331,22.03065,39.8890534772586,FALSE
943,Gaia DR2 3557500108239422848,163.481224590785,-15.7795327635675,1.38904815156208,-17.4091835855725,-17.0749523310334,1.61208552155229,2.5983863,52.3784700822057,FALSE
944,Gaia DR2 3557596629040104960,162.365223909448,-15.7926834697581,1.43620909967693,-15.769552964422,1.49014643496642,1.53355471867943,4.4501376,-4.82967070498404,FALSE
945,Gaia DR2 3557336319662469120,163.445593197051,-16.355336280571,0.926510208577855,-5.14961647742191,0.196923972807727,1.66568804711258,6.3323503,17.3342496951626,FALSE
946,Gaia DR2 3557335529388483456,163.276411119551,-16.3722392531533,3.64234894344975,-11.3224173048257,11.2279949055786,1.58377391415102,1.0038592,-38.7015182872489,FALSE
947,Gaia DR2 3557541168126366720,163.936681573681,-15.3932630093863,1.43074069541498,-16.254652322981,8.50144900601065,1.62335733430396,5.566401,17.7965495792141,FALSE
948,Gaia DR2 3557320926499675008,163.446079414096,-16.5059204269955,0.674731784923023,-6.34003409573589,-3.31301471341712,1.51126208675049,32.065132,26.3043777195756,FALSE
949,Gaia DR2 3557321682413918464,163.365157479753,-16.4848243910468,1.99170755234682,-36.2322454760096,-4.88404963094875,1.62350292311307,4.5376596,-1.85894444765948,FALSE
950,Gaia DR2 3557556737383764608,163.869601543065,-15.2713177781592,1.87102615898437,37.5931939176149,-19.0529831355165,1.50047463461008,61.33226,40.5079277325617,FALSE
951,Gaia DR2 3557658476569125248,161.902993046606,-15.6186341862117,11.490204950369,-118.949865158783,-47.2517504459161,1.60636024729194,1.761509,28.1570311822684,FALSE
952,Gaia DR2 3557482039312577664,163.947804019994,-15.6609148141103,3.53905867249189,-16.6259034936426,-6.49287211552542,1.63323324118384,4.956411,24.5889413307499,FALSE
953,Gaia DR2 3557401633229614464,163.207930611007,-15.9698906125447,1.73222110728191,-10.5161113296592,9.60204048508896,1.5571652895134,3.7812083,-1.76076722997223,FALSE
954,Gaia DR2 3557436821896875520,163.908444999353,-15.96132588866,3.08000159312772,-71.1913771597039,16.7593791695807,1.59051304275138,0.82038975,60.1787550084162,FALSE
955,Gaia DR2 3557545948425878912,163.6092976099,-15.4816491502688,1.13016370513939,-19.0588069326293,-0.52778495651495,1.50451208257486,43.01876,19.3454494542894,FALSE
956,Gaia DR2 3557412804439974272,163.125305280166,-15.987206844181,0.77027661290994,-11.2310169614787,-3.76366875267946,1.46640361468579,43.970623,-7.59440001090444,FALSE
957,Gaia DR2 3557431461777718016,163.950407384973,-16.121907300615,4.58102654018936,-27.9847523103225,-17.4210553954673,1.54349538960622,0.30306938,74.6420098251899,FALSE
958,Gaia DR2 3557477744345282176,164.079909987087,-15.7093255438469,0.643557590998665,-1.9093499088673,2.91361522911721,1.4680855713575,330.5974,20.0731645634877,FALSE
959,Gaia DR2 3557513753351018112,163.400302590677,-15.6538309804669,2.42885361826709,-18.2859792881167,-7.96018752198593,1.62152506252049,2.5664978,-16.9237990723263,FALSE
960,Gaia DR2 3557541992760087040,163.910831208291,-15.3735295639564,1.47012646223199,-9.78178810234702,-16.5423946519809,1.53023063119335,5.9286103,16.2539498815237,FALSE
961,Gaia DR2 3557309622145745920,163.191642670299,-16.5475383153692,1.28925383430689,-18.9425625716192,-0.5738600501103,1.62645696178486,2.1976972,12.2467443280343,FALSE
962,Gaia DR2 3557404347648950272,162.964304819937,-16.1260676147413,2.56746275613374,-13.6799202608656,-15.9082286672844,1.53938837664224,17.089699,55.2345963644834,FALSE
963,Gaia DR2 3557413594713958656,163.140561079711,-15.9504173320686,0.825258283030569,-9.4422328999906,-4.94646969025263,1.36538215576385,322.59964,27.8748322989888,FALSE
964,Gaia DR2 3557581162861830016,162.222480961813,-16.0958995249945,1.48104869411752,-16.5265034350304,-7.89853674208545,1.5903222470872,3.6268907,-8.44484599970856,FALSE
965,Gaia DR2 3557381567141993472,162.87214300818,-16.1371301050754,2.01755594925992,-11.965955900677,-3.01205040061128,1.62740456368605,2.0705755,-3.34051966816396,FALSE
966,Gaia DR2 3557417786602043264,163.101334318683,-15.8717322851972,1.12275092423462,-27.6610330629086,7.36292746047699,1.5313223859868,7.095589,52.4912162296476,FALSE
967,Gaia DR2 3557362703646056960,163.090101829714,-16.3607011701214,4.07668261761888,-51.8069389415998,-16.1267672686669,1.51356848692346,0.37371197,36.9193388493215,FALSE
968,Gaia DR2 3557600305532228096,162.929773350057,-15.8773135891756,6.11425982419637,13.9707028784629,-7.21294845032522,1.41252831402704,0.07678715,-7.76806650721611,FALSE
969,Gaia DR2 3557561749609644288,163.811464956055,-15.1541535994005,0.34477933248558,-10.8635964994997,-0.14689288104245,1.49394648819446,88.61322,-37.9610290751106,FALSE
970,Gaia DR2 3557421909770448768,163.825109493944,-16.279422478668,5.62295853280128,28.1076766814312,-24.1813896089697,1.977484704813,0.2100615,0.955225316976907,FALSE
971,Gaia DR2 3557367239131517184,163.01725982592,-16.2577145128528,3.49034246738512,-62.2263056106691,55.4624620605945,1.6181400054952,0.80652887,74.2979478146806,FALSE
972,Gaia DR2 3557542164558778624,163.892652537273,-15.3712524004254,0.491456143712693,-2.35413025235784,0.668909443698086,1.49590187605332,95.64758,27.3749783488725,FALSE
973,Gaia DR2 3557488670742088064,164.05211644665,-15.5681030159244,3.10550314441857,-16.5667154357939,-3.50246791064174,1.59242381990581,0.8423057,75.0198098879252,FALSE
974,Gaia DR2 3557335185791099520,163.302174634849,-16.3955838216197,0.806919285598539,9.44005144373981,-5.22110284587727,1.55141840293893,11.127787,2.92328517373386,FALSE
975,Gaia DR2 3557366655015967104,162.964671386852,-16.302229466573,3.95258028666917,-5.87283290163372,-10.1797009052385,1.57288650021512,0.75035936,-23.8970430747182,FALSE
976,Gaia DR2 3557377306534223744,162.556148107647,-16.2209008018559,4.15741665063662,-54.4114978307555,-23.2301569171013,1.56284070860822,0.4713761,43.2785732116842,FALSE
977,Gaia DR2 3557556634304551296,163.978148391715,-15.2290708698714,2.65893341285608,2.87791332792499,-24.2575719781879,1.609624619262,0.9948962,26.4507572423327,FALSE
978,Gaia DR2 3557599893215364608,162.843541142887,-15.9124318410651,3.06272557740381,-5.57321877083756,-14.6831825802338,1.54137140348209,0.3404608,14.4927095570178,FALSE
979,Gaia DR2 3557383353848176256,162.607204478728,-16.1760611257216,2.25276943165158,16.5026720156286,-14.5093309621401,1.61231863348607,2.102306,49.4299781737025,FALSE
980,Gaia DR2 3557309793944441344,163.225874893475,-16.5058684085414,17.43892572623,-60.9398690698259,80.9767858151622,1.45629282223562,0.09717678,-14.105031952935,FALSE
981,Gaia DR2 3557423215440474624,163.813060522598,-16.232181399096,1.84663675131797,-44.1921883596985,8.71027424651474,1.51334251130057,33.186855,55.9527564442077,FALSE
982,Gaia DR2 3557547112361105408,163.727036758934,-15.4515555015581,15.3500951055353,-50.0054193632751,17.2922710119595,1.61641132303151,1.1680261,3.00003003251097,FALSE
983,Gaia DR2 3557544951993465728,163.650386759337,-15.5202205464635,3.21254561421636,13.3008936152723,-47.7170441694855,1.61075041318297,1.1715782,-25.4784690484619,FALSE
984,Gaia DR2 3557343432128313472,163.426417862892,-16.2830743286031,3.60010567696033,43.4158215041251,-37.5142782512995,1.61254428159149,2.3618386,4.29159610454297,FALSE
985,Gaia DR2 3557547043641628416,163.749805903162,-15.4473983990016,0.318708197599588,-9.04008283728259,-9.18770107887175,1.53708474807841,40.893276,15.824473564074,FALSE
986,Gaia DR2 3557388752623177728,163.236772313949,-16.2111879721448,4.60921924875759,-73.775121183691,15.150116341198,1.57832172865862,2.9918272,24.5759991285079,FALSE
987,Gaia DR2 3557651467182493440,161.878824478408,-15.7931849828506,1.95487743181021,-29.9019131182932,-10.0952107665858,1.66539838513972,5.8205934,23.8725152961665,FALSE
988,Gaia DR2 3557470460080778240,164.322686743429,-15.7348690447293,15.0087309501407,4.19208660199182,-14.6290790114726,1.61302078791485,1.2452738,23.4726071570099,FALSE
989,Gaia DR2 3557639063316942976,161.9849742724,-15.825794477931,0.621776315259437,-3.30544109525609,0.996314600161421,1.4417688845096,417.85617,28.7855038973384,FALSE
990,Gaia DR2 3557542718610508928,163.985167807765,-15.3691600163101,3.30897099058824,-19.5056664425205,-2.74903020867933,1.51039083541755,0.17727217,-16.2274515222114,FALSE
991,Gaia DR2 3557639063316943232,161.976055880769,-15.8194991580843,0.98754079637401,-0.574913814406028,-1.54363576819703,1.52537753732226,28.08726,41.5492643280888,FALSE
992,Gaia DR2 3557631469814908288,162.818969305946,-15.4502935340936,2.044641239191,-2.94657619654792,-18.5745114133323,1.63967961119644,5.477141,-4.72849674211676,FALSE
993,Gaia DR2 3557642976031149056,162.198937401551,-15.7716239520902,2.45696288373056,-49.6947922083434,7.66283945922013,1.58403960400352,1.3997169,85.5158844100034,FALSE
994,Gaia DR2 3557307698000395264,163.169101582986,-16.5884870199111,2.88196744046966,6.04243829960422,-11.1035077951893,1.44719968889727,266.59763,17.9783074735148,FALSE
995,Gaia DR2 3557536014165614848,164.038526039475,-15.5283693284737,1.0202190035746,0.779597506981883,-11.7811751752926,1.56122014048714,5.075977,9.35431876620739,FALSE
996,Gaia DR2 3557403252432779008,163.271932470707,-15.93010901201,0.865754155987383,-5.85352856807527,5.07583083024132,1.5353384366482,8.851127,44.4026087292151,FALSE
997,Gaia DR2 3557399438501820416,163.374825876915,-15.9729341591456,0.27034020172735,-11.4726916465242,-1.11307322572038,1.46695401233407,535.3255,113.801001053366,FALSE
998,Gaia DR2 3557396998960392064,163.330175683377,-16.0514698368999,2.3605597614203,-23.2876216129174,-6.35750573464267,1.55408779987836,0.56920224,8.03313533983305,FALSE
999,Gaia DR2 3557399713379721344,163.227608195048,-16.0680723147617,1.94454581083792,-0.689473934510286,-4.08909215446151,1.52912547435059,60.520245,-8.87589421582934,FALSE
1000,Gaia DR2 3557399953897891072,163.224538676753,-16.0357579351885,0.326941992033959,-9.68289656965194,4.07707985995934,1.47226407609996,85.51439,26.4438214877307,FALSE
1001,Gaia DR2 3557635661702886272,162.19116122718,-15.8604577516794,2.58271318675014,-9.36295504156819,-18.8905501389215,1.51408277715633,16.923279,51.1918410925873,FALSE
1002,Gaia DR2 3557459842921635456,164.314988534633,-15.8591681347391,1.17366923030952,-15.8591349544652,1.68713574104877,1.48028581536495,71.793564,0.709455458270675,FALSE
1003,Gaia DR2 3557458258077695744,164.119092980857,-15.9227868290944,2.08074384527681,-11.7364744804853,-5.1609536437739,1.61251844816326,1.6542568,-25.7996614322703,FALSE
1004,Gaia DR2 3557351781544587136,162.817050136437,-16.5778176516533,3.13715836143131,-27.0843117123469,4.71725120575095,1.57833626692154,0.5493393,13.8024565065654,FALSE
1005,Gaia DR2 3557358790931228288,162.820686048142,-16.3858860460756,1.31944712204568,-4.24241915475818,1.95369665714602,1.57694409074506,2.6017804,11.7663023268696,FALSE
1006,Gaia DR2 3557308243460431872,163.07528143428,-16.5947923399545,2.0024015324085,-4.33781863835538,-17.0887903411926,1.51904687706354,23.086533,-13.6446023086042,FALSE
1007,Gaia DR2 3557517670361178496,163.257755062738,-15.5992279081151,7.54005402069253,-95.2739087986036,66.9748848988278,1.61257254504006,1.3727715,23.6380510680889,FALSE
1008,Gaia DR2 3557454237988703232,163.728676751621,-15.8224569907315,0.951641309920766,-0.24304357191096,-8.76370908374669,1.53503335733823,10.657795,0.629425335179642,FALSE
1009,Gaia DR2 3557490285649827200,164.210255351586,-15.5046759726661,3.0245630898159,-35.8573933394652,2.05000155071722,1.56468445530863,5.4453,5.7134812190783,FALSE
1010,Gaia DR2 3557437126839000064,164.0257562392,-15.9683444190682,1.04379144888654,-1.73286846518028,3.38983572588531,1.64069414379037,7.8250847,-0.905969122734168,FALSE
1011,Gaia DR2 3557579449170975744,162.640729374616,-15.9083416452246,0.623780076254876,-20.2686817725128,1.66368293293155,1.53703842201834,11.970246,72.0955152347134,FALSE
1012,Gaia DR2 3557501143327065472,163.640788864045,-15.8047922899824,1.14196492252135,-14.5839086198211,15.6678791428995,1.51899423870753,4.846418,18.721082247911,FALSE
1013,Gaia DR2 3557327072597051008,163.757835521429,-16.3776321965645,3.50945208501691,-4.61525703938513,0.453972370463024,1.57151553480912,0.8457788,9.23741444712375,FALSE
1014,Gaia DR2 3557294224687179008,163.195653004913,-16.6963947854375,2.45338993915706,-34.28844773546,-1.94208573474714,1.64200366055381,1.9910245,36.227635350198,FALSE
1015,Gaia DR2 3557615458176792832,162.613623663652,-15.8062569982752,0.640803531911932,-12.3256684273852,8.70047218922136,1.54479162230127,63.348064,4.21624729854029,FALSE
1016,Gaia DR2 3557326969517836416,163.750860201445,-16.3974320882686,0.794124396766689,-5.31419126788819,-3.053766951531,1.53059933922416,16.566097,10.5556881367561,FALSE
1017,Gaia DR2 3557390986006092672,163.010047038406,-16.2320762814444,0.921166761018095,-6.42417816850608,0.640442297939441,1.55518293211255,6.5647974,23.6331705021482,FALSE
1018,Gaia DR2 3557515260884041472,163.165120156648,-15.716877169057,2.10051422420085,4.01111312047226,-9.22197486877285,1.62807127011495,1.3978353,7.97506162477451,FALSE
1019,Gaia DR2 3557572852101198336,162.619954254384,-16.0631912613964,8.22522715605859,77.7325625801895,-68.056737233355,1.45446332465479,0.22950643,11.2295342587845,FALSE
1020,Gaia DR2 3557465512278467584,164.366875389661,-15.8402238086434,3.86286582118269,11.5265030528863,-16.8755972606733,1.57945996036806,5.2461534,-18.4915669310949,FALSE
1021,Gaia DR2 3557484891170895744,164.214187481169,-15.601747203634,0.609994452463215,-14.546402652788,1.64094354255655,1.54378416209594,64.48702,43.8604792956981,FALSE
1022,Gaia DR2 3557315428941488896,163.126791363799,-16.3941191283237,0.388894362088864,-4.84359082798621,-4.78742024205071,1.58616022234485,32.382877,38.9670863053413,FALSE
1023,Gaia DR2 3557437642235074560,164.061638141204,-15.9430863792297,2.04966954226877,12.3917303390531,-6.13777825623862,1.60375397020508,2.3202758,-13.9193980811387,FALSE
1024,Gaia DR2 3557308483978599680,163.103849238354,-16.5500663291698,0.293689368832067,0.495392189893728,-10.9458275057192,1.45242789133327,166.96387,2.30253537966104,FALSE
1025,Gaia DR2 3557309892727871872,163.255435020806,-16.5214562959452,2.56413076277957,-2.56931761875111,1.53226349722087,1.58842201425521,0.59787685,-7.81044646306761,FALSE
1026,Gaia DR2 3557553163970940160,163.636875071298,-15.2976573766077,5.16267503912766,-35.408538590867,0.38861231499163,1.60503083961326,0.93444675,13.2847480934702,FALSE
1027,Gaia DR2 3557315635099921920,163.147804059516,-16.3604593082591,3.75456016587692,-31.9816305154273,1.48336056742894,1.65687774125261,1.8218268,3.65571959971741,FALSE
1028,Gaia DR2 3557536843095283200,164.063999065048,-15.4646937894367,1.99010356925434,-16.4721051100031,0.944474624976719,1.64592561978478,7.9449043,5.68201590200326,FALSE
1029,Gaia DR2 3557550071594485376,163.589252909005,-15.3824997618856,3.69510449883812,-12.1290909124488,-10.2694670787762,1.64003391080054,3.115814,-0.0646401649542305,FALSE
1030,Gaia DR2 3557508423296104320,163.59959357909,-15.6618411708169,0.778336844249448,6.29872925031982,-6.0483631744218,1.51812676202703,7.837341,-7.16492578967598,FALSE
1031,Gaia DR2 3557310030166824448,163.277396482324,-16.4989754329889,4.03857367343691,-47.9126042962818,24.0029322448241,1.54475020226396,0.60152674,18.0112729588447,FALSE
1032,Gaia DR2 3557444789060657664,163.523010787329,-16.0229591531965,1.37212373109542,13.5282802442143,-10.5673356642787,1.62170789119927,3.487081,14.5317351728402,FALSE
1033,Gaia DR2 3557318933634883328,163.636010590615,-16.4818333193102,1.46738813089427,-15.6727545839994,-2.4325272212385,1.60458033058405,2.1845891,-5.03362888976708,FALSE
1034,Gaia DR2 3557602092238560128,162.667746716799,-15.9216081213391,4.83917767117709,25.3237355101156,-50.1879842338153,1.50891014794622,0.21200843,39.7773763552616,FALSE
1035,Gaia DR2 3557524091336796288,163.315421105319,-15.564612830808,2.2422251509342,19.703084522033,-29.4846585167987,1.61586339118,2.4467516,5.63536452727082,FALSE
1036,Gaia DR2 3557318830555667968,163.623038064048,-16.4991352293214,0.306053621641338,-2.04327390874659,-0.262336207833935,1.53248083081221,57.743446,-16.7508671770962,FALSE
1037,Gaia DR2 3557293541787390976,163.413039933746,-16.6126783968734,5.06468233525069,-34.7851741025625,-76.7930630582029,1.61170523136417,0.86968935,13.1191346563346,FALSE
1038,Gaia DR2 3557423967059210240,163.890799209733,-16.2241011917655,2.28605918721336,7.04085384870296,16.100223419602,1.60735637953038,1.20018,28.6381750272896,FALSE
1039,Gaia DR2 3557504609365146240,163.734426334269,-15.6838388339574,1.24755747130901,-11.4293618490405,7.4948180051038,1.62806578409585,6.5450664,8.04019002678886,FALSE
1040,Gaia DR2 3557422936267059584,163.74813168542,-16.2603207255055,0.66308442303044,-2.26420778661994,-3.45684518259601,1.51639459260835,52.31107,7.2229315621479,FALSE
1041,Gaia DR2 3557508187073438464,163.668949652889,-15.6225830181693,1.25310747762671,-20.8902297997249,4.83343406373746,1.51032903708604,63.957336,11.1291273113394,FALSE
1042,Gaia DR2 3557431079525050112,164.073014571968,-16.0887250528612,2.58743022509256,13.6086310394858,-7.02180861994939,1.58779173164082,0.79120946,2.36231436250078,FALSE
1043,Gaia DR2 3557432453914584064,164.012706014617,-16.0326760416944,1.90518892102502,-0.280768845945125,-3.8092184542221,1.61158706835621,3.7611663,-17.6131140648702,FALSE
1044,Gaia DR2 3557316768971363072,163.500695386915,-16.5845335581754,2.10553739839379,1.83397642061768,10.9597885491295,1.5935439281898,1.1120793,-6.19484730730047,FALSE
1045,Gaia DR2 3557426097362988928,163.742470617967,-16.2201638335492,2.33937434956765,-23.7751587864938,-25.2981587684975,1.59897916153377,1.4150244,-4.67291215958593,FALSE
1046,Gaia DR2 3557404523743017984,162.984758364878,-16.1211556528165,1.29441070470487,-9.14050608555233,-3.65538244392745,1.48827989648619,60.401634,13.1586145943514,FALSE
1047,Gaia DR2 3557576253715296640,162.538283970152,-16.0321314549011,0.933065229234851,-13.3385066146701,-1.54945621592571,1.60721318895775,5.1004705,13.089554396038,FALSE
1048,Gaia DR2 3557426784557755392,163.750481071814,-16.1839884337173,1.71153772211959,-25.154463699079,-3.50986789735739,1.63728572437644,3.2139847,35.8041752585763,FALSE
1049,Gaia DR2 3557529043434631168,163.79469640446,-15.594140098393,2.60978560383276,-16.3944697462115,26.185808984125,1.5960219432858,0.8865166,53.2095400035268,FALSE
1050,Gaia DR2 3557605700011104000,162.783004083601,-15.7746494118289,4.75761116059745,-40.1860632359775,-40.6923522016608,1.50073011334744,0.22419097,42.2014993272934,FALSE
1051,Gaia DR2 3557348517368699392,163.407476149525,-16.1525193641791,0.728740572009939,-16.3802549582817,3.5994707112342,1.53490366485891,95.70922,48.5626882805393,FALSE
1052,Gaia DR2 3557454242284193536,163.727196065415,-15.8369492386923,1.69895466586822,-26.9039822504013,3.67132239617758,1.52031509152224,48.06116,37.633866994499,FALSE
1053,Gaia DR2 3557335701186264576,163.30187233738,-16.3523608991151,1.13546704703486,-6.74318536910826,6.7238131031781,1.51913906857205,53.98297,4.51066220248697,FALSE
1054,Gaia DR2 3557326144884115968,163.603962025068,-16.4161277578375,1.76940146542909,-19.8156766402578,-22.6219082660372,1.65431421106824,2.586848,34.2885269662195,FALSE
1055,Gaia DR2 3557286081430385152,163.063106047493,-16.7871365623364,1.46452715247358,11.4899109129473,-10.4415757933249,1.57837352812121,2.9695175,74.2520619185069,FALSE
1056,Gaia DR2 3557527080634039296,163.843011887138,-15.696930317878,0.235179955060091,-3.93445962319723,1.48956797573408,1.50806512833579,71.54196,35.7107798252684,FALSE
1057,Gaia DR2 3557329237260568448,163.568260370822,-16.3814275733665,5.72596092208713,-45.5776379933897,-13.7665059176798,1.55088805450678,0.30718392,-28.4301844089295,FALSE
1058,Gaia DR2 3557653116449955072,162.059655991433,-15.7090848660181,1.99249529555206,-11.9557197261809,-0.549553114338347,1.62270554019403,1.4221442,16.3186592453111,FALSE
1059,Gaia DR2 3557498291468746240,163.363672135873,-15.820361022958,24.2811281053035,-329.813796418283,38.8478900529377,1.58701400613461,0.82086456,27.4156382442704,FALSE
1060,Gaia DR2 3557328726160324224,163.768736292456,-16.3080158576651,1.1079040016086,-2.07727267644195,1.10079825511342,1.52578247328316,30.83478,11.506696836852,FALSE
1061,Gaia DR2 3557304262026420480,162.822194959526,-16.6320088401667,1.26486586963103,-3.12147305884465,-6.35812546269492,1.62431696283803,11.120717,-12.6999794088039,FALSE
1062,Gaia DR2 3557454203628965248,163.708659704444,-15.8390690251889,2.70203186930257,-7.83700309367863,15.9423541993437,1.58231165098488,0.7945784,-16.1949900465535,FALSE
1063,Gaia DR2 3557446266529405696,163.713866341999,-15.9663726133943,2.24404798039114,-27.1821078603692,-10.0141667800831,1.60318442570003,1.5680401,52.8240867508992,FALSE
1064,Gaia DR2 3557496436042872320,163.422549266786,-15.9065767550101,2.74873982191093,-11.8961886445623,1.90399681153576,1.63530061740986,2.2939925,6.29185391139922,FALSE
1065,Gaia DR2 3557329069757708544,163.728967727087,-16.2773256618729,0.979089516222908,-19.2139710199535,11.7583830384725,1.61420096612869,9.277184,21.5779102798212,FALSE
1066,Gaia DR2 3557619134668810112,162.655689693984,-15.6854855506666,1.37577214016857,-17.0132373940373,11.5569604476192,1.49238949529521,41.037632,39.7400647581214,FALSE
1067,Gaia DR2 3557488116690330624,164.129827311465,-15.5699969041083,2.84960351387982,17.1173935401597,-15.9559551636306,1.60464928995255,73.90959,3.33083174936387,FALSE
1068,Gaia DR2 3557362914099916800,163.103658840922,-16.3293116265115,0.505663025723964,-8.88040660849606,2.0517557541454,1.52420957329754,56.905853,22.3642791644389,FALSE
1069,Gaia DR2 3557361436631083392,162.901251613867,-16.4044218405776,16.4689710751889,-199.607747905358,-28.526449700892,1.57570866514513,1.0788203,37.2474690459479,FALSE
1070,Gaia DR2 3557448293753969792,163.833110096803,-15.9717239223639,0.954154270631806,-10.0996478823533,2.88293571839869,1.54744811577467,13.219324,6.49374335240705,FALSE
1071,Gaia DR2 3557617485400530176,162.662046185673,-15.7557774124962,6.49853923290469,-24.920508480764,-50.6312210521882,1.61261848360821,1.1757503,31.4307160834896,FALSE
1072,Gaia DR2 3557592742094415360,162.480137580478,-15.8400495022387,2.29169321696661,-27.0694953579131,23.1653691895054,1.63406272961237,3.49961,16.7642346303411,FALSE
1073,Gaia DR2 3557304914861454720,162.857627881291,-16.577584188647,1.48241568819009,-8.19396856607265,7.53087837670426,1.60098061772062,2.0166821,1.70892294478941,FALSE
1074,Gaia DR2 3557622364484220416,162.645909473548,-15.638607394926,0.76412878244886,-5.81654851020902,1.73300889793053,1.65776845809197,7.5798526,27.9655701371748,FALSE
1075,Gaia DR2 3557307801079561984,163.170200632057,-16.5694520015641,2.3144502165804,14.8523788714572,-41.5936664469761,1.64547017560091,1.2148618,-10.5104868477502,FALSE
1076,Gaia DR2 3557654834435862656,161.826805405084,-15.7472792246354,4.49267310483819,25.8291605807699,-31.153338964107,1.54825584696351,0.3101815,23.6599969476795,FALSE
1077,Gaia DR2 3557650092793011200,162.262590834849,-15.5735138964911,1.78896293867578,-6.58743095689591,-17.8931284773177,1.54343228138122,7.1508894,11.6050454169978,FALSE
1078,Gaia DR2 3557348689168287360,163.384766196482,-16.1386101429617,0.944282717324101,-14.5976187579385,3.77491989374055,1.47810961191115,91.023796,49.670581953733,FALSE
1079,Gaia DR2 3557285737831337856,163.088863719183,-16.8268859835527,2.64647641580234,-27.758082442939,-33.2861263140211,1.57921291751198,1.214114,16.2513121228146,FALSE
1080,Gaia DR2 3557538114405603200,164.076880089654,-15.4583145049442,4.20396146410703,4.51412059432916,-1.47676110638736,1.6212941779789,2.051679,5.72182780843159,FALSE
1081,Gaia DR2 3557343260329623936,163.502515664851,-16.2413304982728,2.04216848988883,-19.7800540037868,22.9186230437419,1.63066302964198,3.9304283,-25.4051893780205,FALSE
1082,Gaia DR2 3557646450660737920,162.202614287431,-15.7286074547944,2.75056610825342,0.852180124727392,-3.28985951189496,1.58858703766731,3.0320265,6.69799278111659,FALSE
1083,Gaia DR2 3557397067679868288,163.286554989276,-16.0571544458714,1.60045674661579,-2.73952060835196,-1.63642209071771,1.67960723944063,5.621776,-18.2624677361285,FALSE
1084,Gaia DR2 3557645969624399872,162.187325143374,-15.7517947914666,0.449754077584194,-1.60187318496706,-2.21066050652436,1.52580679377563,71.16179,51.1960182250244,FALSE
1085,Gaia DR2 3557461457829318912,164.075151863425,-15.8962047124122,1.35871977617736,-20.1374761468,11.8169691887639,1.60855192862861,2.924726,30.6295422897904,FALSE
1086,Gaia DR2 3557349410722795008,163.474417179608,-16.1211292180746,3.81089722182187,-8.29214354368859,0.667788079763824,1.52877048503633,0.24893007,-3.12486101030077,FALSE
1087,Gaia DR2 3557458228013912704,164.148760535334,-15.9238130993107,2.20725485496434,-3.15520693707999,-16.313590536628,1.61196480777686,1.6248869,5.12215469186382,FALSE
1088,Gaia DR2 3557658540992627200,161.888799209107,-15.6027728749619,2.6976816092893,-21.5840737443541,1.14312207736145,1.61384861162909,1.1880805,25.1706599983911,FALSE
1089,Gaia DR2 3557331303140671616,163.567829580393,-16.2701183394957,5.67418240376647,-18.2875650181697,56.9503220570167,1.52415503388974,0.19440746,-22.8948720313594,FALSE
1090,Gaia DR2 3557774165808150784,162.789894085253,-15.3394786875635,6.06995811011262,-90.0888488450255,-16.0544382557155,1.4206189837957,0.09562305,-1.42065701201192,FALSE
1091,Gaia DR2 3557666478092945792,162.082591901907,-15.4874733004776,2.73068999633207,-62.6469453511329,-42.9337768593346,1.60039054859888,1.0785829,72.3876015832897,FALSE
1092,Gaia DR2 3558035265460944128,170.009197682943,-18.1619766132497,2.33757041970228,-55.0804470774652,10.5404967837506,1.60713760284003,0.9849159,22.3343575256809,FALSE
1093,Gaia DR2 3557659984102397184,162.1244351637,-15.6129946952219,3.60870846614871,-28.4638021922746,-72.9843334918052,1.5824864508511,0.9807835,11.0157586879787,FALSE
1094,Gaia DR2 3557726745073741184,162.884489220528,-15.3831116154176,0.694598103563482,-5.84634701866189,-8.60472285338271,1.54388030986163,26.745497,39.5980872402213,FALSE
1095,Gaia DR2 3557951462058698880,168.8389248213,-18.751664225743,2.50339300767888,-15.1512831853557,21.549258810808,1.58999490223145,0.61099964,-16.5273521331324,FALSE
1096,Gaia DR2 3557807426034878720,162.725796745236,-14.8912595964613,13.4411343096115,-122.215545800289,21.6181057372053,1.65671398516707,4.613245,4.05890834524418,FALSE
1097,Gaia DR2 3557973933327505664,168.565160983479,-18.4582962460078,2.65297364473306,-22.535207078151,4.44543549535969,1.64499852067216,8.224109,11.3670791552514,FALSE
1098,Gaia DR2 3558067872852555776,169.368334030366,-18.1544689069828,1.43120098306177,-29.8504751266872,4.90067606199136,1.61362113767832,2.8528268,27.0950562160753,FALSE
1099,Gaia DR2 3557764437706488576,163.309478658773,-14.9538121968363,4.83922180649637,-50.8875947850176,-11.0313450297481,1.50922453517099,0.21327679,10.8792449880312,FALSE
1100,Gaia DR2 3557713314711633536,163.262111023822,-15.4575177112953,3.01034938977607,-41.7996423514888,-25.6075729864528,1.56381263985485,0.3937439,57.2847078803043,FALSE
1101,Gaia DR2 3557896623916254592,168.939372435557,-18.9692800438376,3.60683441746291,-7.44167438035671,-4.35368292125906,1.54856559749993,0.39856946,0.872563253340363,FALSE
1102,Gaia DR2 3557713349071371392,163.246084646081,-15.4634489839465,1.22680099881219,3.53667605252986,-1.29782600837916,1.50447680409003,55.22753,14.4871295963507,FALSE
1103,Gaia DR2 3557960017633561088,168.909127005584,-18.5615453875937,1.71788635639308,-0.702507167705102,-8.12883302218225,1.52885803715075,14.178785,55.0316678665549,FALSE
1104,Gaia DR2 3557898444982392192,168.914236532478,-18.871900797603,4.66194128452584,21.754062751109,-34.9621856845871,1.43233989815269,0.21490839,55.2024719186755,FALSE
1105,Gaia DR2 3557948885078230400,168.427366771151,-18.5585006320341,0.436918139062095,-8.09409106250789,-4.29650996634823,1.49527351682894,37.065693,25.5692907608412,FALSE
1106,Gaia DR2 3557960086353038080,168.908667563875,-18.5534712624324,2.9042947757925,-39.1989421407119,-17.8664241553628,1.59813616221571,1.020817,44.1792495981537,FALSE
1107,Gaia DR2 3557983622773731456,168.682075031233,-18.3027771178484,1.53555314462164,-28.228575271563,3.08087833810874,1.54650456698985,5.559737,-5.31753126284796,FALSE
1108,Gaia DR2 3557902155834135808,168.824042347226,-18.8352703651373,9.24764320821582,22.2691926907889,-63.6347401127084,1.60064093633381,0.7218059,-34.7038109314828,FALSE
1109,Gaia DR2 3557896589556516096,168.93110515802,-18.9659357103883,1.12293217632177,-20.015222360522,3.89945822510417,1.53937147556814,7.2824483,-6.79255917122138,FALSE
1110,Gaia DR2 3557817837035732864,163.30774743424,-14.8761600967567,0.530987327506631,-17.3720800669604,7.65340628536732,1.52540023873214,12.689009,83.3808899589331,FALSE
1111,Gaia DR2 3557901984035441024,168.795485953438,-18.8759153839935,1.75720451109143,-9.93872262015539,-11.1728316976342,1.59823244359865,1.9508024,30.2316233689724,FALSE
1112,Gaia DR2 3557705343252328448,163.245861517255,-15.5966977559387,1.70404768458692,10.7477707199223,-7.43283143922686,1.62706993013007,2.4914603,-9.83941407476285,FALSE
1113,Gaia DR2 3557811136886747008,163.208844357662,-14.9681759972516,1.70952214640152,-14.630175959233,-5.38349861213558,1.55043593637489,28.24667,-18.9439174315339,FALSE
1114,Gaia DR2 3558007571511702144,169.159668331777,-18.5459418960867,2.54582770282969,-20.3283415955571,1.26156786734484,1.58191783947701,2.1693995,-4.00304265544575,FALSE
1115,Gaia DR2 3557810930728316544,163.227947176849,-14.9823632631801,2.10264541446665,-19.7786521473198,19.2123910870301,1.60407142876608,0.8365154,40.2968627765312,FALSE
1116,Gaia DR2 3557779629006559232,162.709752796047,-15.1956613628498,0.866944347903295,-0.743040052325843,-2.24848265640121,1.54486230265608,14.242403,10.9100941793474,FALSE
1117,Gaia DR2 3558017982512441600,169.48949395134,-18.3168273113836,2.75535796512646,-28.8283769950617,2.32607410867879,1.62147256938392,1.2515466,-5.60156999864764,FALSE
1118,Gaia DR2 3557776845867751296,162.827849133919,-15.2474256954103,4.53067736946111,5.23628515515084,-49.9068833461749,1.54587132614537,0.30161464,47.0894404120296,FALSE
1119,Gaia DR2 3557712318279220224,163.341625077769,-15.505436854287,2.91153167447869,-5.94902105929441,-9.23753568551267,1.62784539786191,3.172,31.0887499982546,FALSE
1120,Gaia DR2 3558053540545047808,169.835804984521,-17.9635717406609,2.4692603534617,4.02162303629128,-24.7229826609232,1.6169866673846,1.870892,-12.0343095202788,FALSE
1121,Gaia DR2 3557752072496556032,163.636876897412,-15.0969946090256,1.95627314499504,-17.9571937102145,8.3792875828223,1.50282984754124,41.22998,23.3612674537833,FALSE
1122,Gaia DR2 3557779796509778560,162.676186772094,-15.2007666945322,1.84176642171125,-35.6185444196572,15.4448335396142,1.63580486787635,1.7125119,13.5670925514605,FALSE
1123,Gaia DR2 3557775913859343616,162.848468121868,-15.2796914277931,1.40848377144064,-11.3304174131798,9.19953111881947,1.62487060640929,3.0515974,31.604719447012,FALSE
1124,Gaia DR2 3558056499779132544,169.10614365957,-18.4234648924886,2.26595227990129,-29.5025045746765,-7.35569617849464,1.67494864365813,1.281727,40.2557823816041,FALSE
1125,Gaia DR2 3558035024942768128,169.982930245271,-18.2013278737725,4.08867920436087,5.24579869223969,-38.2542963854225,1.53096785244008,0.2568622,13.2375076351718,FALSE
1126,Gaia DR2 3557966339825375744,168.940181342358,-18.4239282955897,1.10010839645026,-3.33688148029833,5.08844165189185,1.6441642933095,4.8148212,14.1261931830758,FALSE
1127,Gaia DR2 3557970909670572032,168.679343244555,-18.486876718346,0.366579179461191,-9.05237843396961,-2.51909854509993,1.52210720092029,54.076107,26.5741006043769,FALSE
1128,Gaia DR2 3557799042258723456,162.55148590001,-15.0055209593754,1.69223557816714,-28.1911609033049,19.6928831638885,1.62004403775945,2.5294127,-14.2175747774532,FALSE
1129,Gaia DR2 3557822578679629824,163.247249874665,-14.7894431430875,3.15887218536054,-46.0966819734846,12.5689449862247,1.62449480549744,3.1273897,8.67478696830617,FALSE
1130,Gaia DR2 3557711798587969408,163.318977961568,-15.5394621258944,2.06123200402611,-30.2212283514962,-6.00529121818258,1.59588542402203,2.1487787,42.1862667561476,FALSE
1131,Gaia DR2 3558005166330021120,169.38686666286,-18.5065953167833,3.21859899744681,-10.9452651886925,-11.5370310690321,1.56309263191817,0.6070702,58.3236895542862,FALSE
1132,Gaia DR2 3557711970386660864,163.313004166356,-15.5243892225533,10.5412419141769,-144.493123516142,63.1441624307782,1.65857616111987,0.2632803,5.77755372591407,FALSE
1133,Gaia DR2 3557819967339514752,163.402218312185,-14.8106897696264,1.53047809551169,-13.3623247678424,5.74673136098302,1.56928715960947,1.858781,6.54677113561904,FALSE
1134,Gaia DR2 3558019288181022592,169.461661775448,-18.249852147872,2.37498992865214,-19.6581226844325,-2.01968436645009,1.62571917283121,3.4641888,21.7203930437672,FALSE
1135,Gaia DR2 3557799278481429632,162.592823008479,-14.9894480026116,3.89135565528034,7.20391715865586,-46.397185098274,1.65507169606406,12.875486,45.1698529232115,FALSE
1136,Gaia DR2 3557798797445092736,162.590991945014,-15.0216010834198,6.61755966787559,3.0124354485655,-24.9186676633929,1.59604793228758,1.6987821,20.1775227173005,FALSE
1137,Gaia DR2 3557691457622737664,162.17214080454,-15.3804168328689,2.2567288327064,-10.1702980961906,3.82661004274397,1.62989721381362,3.066655,-0.842815798314145,FALSE
1138,Gaia DR2 3557732624884569600,163.252619804617,-15.2162727109696,0.470798562437507,-9.8410572482363,2.09063607773032,1.52495250965249,20.183332,5.52858235698127,FALSE
1139,Gaia DR2 3557732899762475392,163.192429542765,-15.231853591437,0.999142308681702,-28.9907149452408,-3.21576901522527,1.51073652075468,51.06901,39.3834799573101,FALSE
1140,Gaia DR2 3557960872331016192,169.045408236444,-18.5526736494239,2.88265199481322,8.19451558903047,2.39546978581811,1.6204651953849,1.5415052,9.88439435998781,FALSE
1141,Gaia DR2 3558062508436622848,169.060523775329,-18.3166732739011,4.79662441516786,-50.6733652028669,16.3380023222449,1.53212354499461,0.27543187,-5.43831900553128,FALSE
1142,Gaia DR2 3557788459459337984,162.847463742245,-15.0636420234755,0.46075046811724,-13.7298318890863,2.90342526171532,1.4771614707305,149.76027,117.209757393988,FALSE
1143,Gaia DR2 3558057049534907136,169.193884165611,-18.428042936031,5.28206228419395,37.2637361851118,-28.1665936562207,1.6299729488111,2.3933935,40.2916278895407,FALSE
1144,Gaia DR2 3557668166015392000,162.407106735578,-15.6625400376349,1.37099282098774,-7.60721528610138,2.61639660145062,1.57055262650862,3.7779021,-10.2793707110493,FALSE
1145,Gaia DR2 3557848589001995776,168.640990166471,-19.3323253766623,7.01744751928375,-13.9832178113638,-57.1835686305137,1.52306882439379,0.3203258,11.3898612059165,FALSE
1146,Gaia DR2 3558025404216006016,169.649236505674,-18.3710146917011,4.78010049081989,64.1350810148675,-67.1766106372843,1.56028027864925,0.438331,18.0149036103266,FALSE
1147,Gaia DR2 3557996232796865280,169.782335369637,-18.512002225151,5.18027639437244,-35.0501828066897,1.12175337360144,1.67954895408244,4.7660937,9.14072241217574,FALSE
1148,Gaia DR2 3557749010183967232,163.653607823021,-15.1221498354903,1.37168409002862,10.4555944977076,-5.82942524809451,1.4860891179969,72.90427,-1.53860481887388,FALSE
1149,Gaia DR2 3557994033774879872,169.691380349121,-18.5953473661187,1.81003218392212,-10.6183466149855,5.73018624098846,1.64197886607105,4.4368925,-0.241789037083837,FALSE
1150,Gaia DR2 3557837830107491840,163.287327314815,-14.6360546833554,2.53954834004491,3.64980009782601,-10.9223461202191,1.5342731508774,0.6034059,-22.7652321426785,FALSE
1151,Gaia DR2 3558007395416657664,169.237899802698,-18.5200196912283,1.57011874008156,3.49152945454219,-3.68248579955584,1.63646057150662,3.7321696,-13.0331387534889,FALSE
1152,Gaia DR2 3557891607394523648,169.358435434782,-18.8197263822295,3.244403135798,-35.0086911403208,-24.0053699398249,1.60341265926955,9.285072,-0.192169176504994,FALSE
1153,Gaia DR2 3557988398777748608,169.535023876135,-18.6543628965265,0.349191948057792,-6.56935814693063,0.141136884537296,1.5021124432495,150.65419,143.143145537598,FALSE
1154,Gaia DR2 3557962800771093248,168.810116760528,-18.562164255643,4.29057577110264,-56.033741891967,-3.8869145916071,1.64387776191306,2.0214496,29.460620844726,FALSE
1155,Gaia DR2 3557701662465029888,162.432653090007,-15.1758187814667,0.4729581229199,-4.02879233153387,-2.54994528652431,1.52396543594621,50.062836,-8.99607128532227,FALSE
1156,Gaia DR2 3557696920821136640,162.561749758556,-15.2796286427549,4.91398105073562,-28.9456055381112,-5.76831962256704,1.51622658292497,0.2323074,-33.9412401154758,FALSE
1157,Gaia DR2 3558002756851980160,169.353689517337,-18.6124545994774,0.433308266581846,-7.09294945030239,-4.2834445765739,1.4984355133558,61.779808,30.9430752622023,FALSE
1158,Gaia DR2 3557671460255010048,162.45019425145,-15.5458348182997,2.22314419052312,-3.20779821398354,-12.2197136105241,1.64580056970337,1.6731751,-30.2400704192958,FALSE
1159,Gaia DR2 3557926375153208064,168.61837695782,-18.8395624948129,2.4567269111158,-19.7531170433803,-1.62748539955361,1.62744440575866,1.1984617,22.3017924436668,FALSE
1160,Gaia DR2 3557738843997266688,163.538367261383,-15.3356517410434,2.97370069304809,-36.2929782582973,-5.6199880760751,1.58268411866995,1.7213728,39.6502631644157,FALSE
1161,Gaia DR2 3557740218386784000,163.481425043742,-15.2780593647769,1.01018904212331,-1.3523992407289,-5.58854087195948,1.54860369399222,13.093749,-10.8166340712168,FALSE
1162,Gaia DR2 3557687093935966080,162.232362687652,-15.4629976648026,3.1239318109962,-38.0157599798909,-12.4035477152427,1.5992361879618,0.764677,10.1115973109255,FALSE
1163,Gaia DR2 3557813920025488640,163.09332532975,-14.9203484747739,0.697636131591738,-14.4894491901272,-7.17467475216505,1.49153498173336,40.477077,66.7530545381501,FALSE
1164,Gaia DR2 3557694897891855104,162.495057922741,-15.3233142666801,2.77297591297341,-40.4975690976332,23.3634356093901,1.6074127077116,0.87839377,-10.0211214101173,FALSE
1165,Gaia DR2 3557836249559623040,163.096481271368,-14.7020173079732,5.12143361568455,-69.129450653876,6.93892508912564,1.62539550567002,0.98795855,65.9780706362651,FALSE
1166,Gaia DR2 3557827767000052352,162.950773113197,-14.8466833859301,3.47519470646295,-1.72518524391323,19.5033051682283,1.59876466849599,6.4340577,-10.6418420979683,FALSE
1167,Gaia DR2 3558065158433169664,169.243056550703,-18.2701518895392,1.96721413146917,-18.6784844658748,-5.4371382405388,1.61544149211247,5.2143126,4.95247392914429,FALSE
1168,Gaia DR2 3557698608743562496,162.344261689044,-15.303551629524,2.51737923253665,4.19810276780303,-1.55019757853443,1.52044434760853,7.024354,37.2575175258734,FALSE
1169,Gaia DR2 3557681497593889152,162.504699736346,-15.4169445196144,5.30786682962125,-32.7203491642516,1.67844535987596,1.57146618830119,0.6290653,11.6606989385384,FALSE
1170,Gaia DR2 3557893909496976896,169.225725469439,-18.7972165380165,1.87359851577373,-15.4166165688678,-14.8315759122445,1.67432808021288,6.970434,-19.6347326670845,FALSE
1171,Gaia DR2 3557941252919920128,168.466954396551,-18.7543869293257,1.86275902661794,-9.61772420121213,2.52015873862427,1.56737987452811,1.8426708,5.91234455689424,FALSE
1172,Gaia DR2 3557906450801478528,169.047928009147,-18.7743246790988,2.41104367328732,-14.8005068248021,5.88495675325822,1.6262927130605,1.5482273,7.09174287889392,FALSE
1173,Gaia DR2 3557697303073544704,162.535108472161,-15.2435299704376,7.13957429268007,-3.40491485096465,-17.8786798984677,1.59995712450023,1.8772991,-16.3267366266854,FALSE
1174,Gaia DR2 3557895799282589568,169.229582047388,-18.7522982737674,1.63494606719251,3.84897196259917,12.7306398601645,1.63607625457484,3.9878666,-1.49850873282657,FALSE
1175,Gaia DR2 3558025679093891072,169.722668347817,-18.3611368860204,6.58969440887879,-44.7413844337511,0.881145830420754,1.65780329687724,3.0071888,8.8380848831089,FALSE
1176,Gaia DR2 3557719293306114944,163.323696736979,-15.3138843264257,17.6703067334541,-137.129066188046,55.076955514998,1.45961223835216,0.14735457,13.8663188550792,FALSE
1177,Gaia DR2 3557719293306114560,163.316061284738,-15.3196682023981,17.6340676814986,-137.051430579866,55.4558494750519,1.54492728718696,0.29181263,13.9872050857,FALSE
1178,Gaia DR2 3558025885252323072,169.726804737027,-18.3212862196789,1.62461464746204,-14.2774249781374,14.0053704710979,1.55957118296994,8.104359,77.7895444239561,FALSE
1179,Gaia DR2 3557906107204097024,169.12704299732,-18.7656729571143,0.615180596104898,18.4710086045976,-27.4645370745811,1.55750249056874,66.83044,42.1201526684725,FALSE
1180,Gaia DR2 3557916586924186368,168.479782912405,-19.0388215771968,3.53549862181534,-5.88290397969508,10.5578897264297,1.47326947874729,0.34460875,3.47724171155372,FALSE
1181,Gaia DR2 3557948399745499392,168.381953778425,-18.5950599060187,2.53896267400666,-29.7633945408066,7.93940678997733,1.62291928156129,2.1340485,9.9826416628224,FALSE
1182,Gaia DR2 3557699021060423680,162.338521017348,-15.2705511647766,0.433047840719781,-10.7737270214301,7.16189450198703,1.52414358383234,66.21708,-12.5630342676888,FALSE
1183,Gaia DR2 3557934621490416512,168.366100242337,-18.8403472910435,3.9534820418521,-36.4852359769237,5.4655312915544,1.58134625678348,0.5752035,-0.931076093467121,FALSE
1184,Gaia DR2 3557892565171485056,169.181968383187,-18.8602545614275,1.6684540651022,-10.5863902416209,1.23318408200822,1.62027011421932,3.2600207,-4.67237303480529,FALSE
1185,Gaia DR2 3557751277926697088,163.730575000673,-15.0422277268174,3.94159895044406,-33.3991657944365,2.58635494459471,1.54549470087147,0.51309025,13.6099137891122,FALSE
1186,Gaia DR2 3557714070625879808,163.387400647439,-15.4460844454857,13.6075447081878,68.1110462769266,-61.372907537561,1.56090988622308,19.81634,-0.908922231573548,FALSE
1187,Gaia DR2 3557851578299239040,168.741262652462,-19.2387718232409,3.58341544507078,-39.0385107237062,0.167198478300868,1.61195185728041,0.966292,-5.73334114104664,FALSE
1188,Gaia DR2 3557914456620402688,168.373268654757,-19.1125261981536,10.0003861378644,10.2687401337643,-38.8151368905496,1.80600075710466,0.40443373,29.3259807462088,FALSE
1189,Gaia DR2 3557835016904860032,163.126561640879,-14.7602123621792,0.287393192625011,-7.39521615037544,1.34417015950739,1.50879194229561,56.26356,30.9299971373985,FALSE
1190,Gaia DR2 3558057354476241536,169.157698183709,-18.3983185607473,2.54886959264088,-36.9828937585814,-6.19362168027087,1.57959355364811,1.169442,37.3754262094456,FALSE
1191,Gaia DR2 3557908340587097088,169.217556127123,-18.6791364749678,0.474445960430327,-12.5306967132929,1.90597825896121,1.44253261197553,270.98712,56.9398709145524,FALSE
1192,Gaia DR2 3558034303388229888,169.82385342176,-18.193830887405,2.84225504691209,-22.5441910723412,-43.4862282496117,1.55294523655053,2.6199281,57.0994956439359,FALSE
1193,Gaia DR2 3558062615812526208,169.053514872235,-18.30142985885,3.12542467127529,5.7607929125281,-5.69916605991419,1.66648395360088,2.9978564,-4.09975625936896,FALSE
1194,Gaia DR2 3557922767380680192,168.413043943212,-18.8532382888994,2.30057189875526,3.30982004663812,-2.10343044198586,1.57613145724374,1.2841005,3.71417485270765,FALSE
1195,Gaia DR2 3557704239445529728,163.114101897929,-15.6350251125485,2.09252127470278,-12.2338886363441,8.90478546658963,1.63761200581173,1.9626935,28.4524525676843,FALSE
1196,Gaia DR2 3557969981957634304,168.680266518825,-18.5205078081347,2.29554724828132,-60.0968905480023,15.5341266748198,1.62349339408207,1.6916459,28.5444329542075,FALSE
1197,Gaia DR2 3557747262133169408,163.642218752036,-15.2158448733356,0.452701815990333,-1.5472313681133,-3.67182870356212,1.49230418004259,150.06065,9.29246897374042,FALSE
1198,Gaia DR2 3557954279557193216,168.700029058397,-18.7042558834348,3.21067117500524,-20.7325387616348,-18.8110267793183,1.59250239490408,0.9766916,5.27353716437104,FALSE
1199,Gaia DR2 3558020318974735360,169.87690803521,-18.4559791426112,0.844780449318663,2.01821586135671,-7.15430541232044,1.54877140830014,8.324219,4.27315718187263,FALSE
1200,Gaia DR2 3557949572273032960,168.736201713458,-18.798828303923,7.01180483559141,-28.5537782592477,-31.1514163413581,1.67384571931442,3.6784437,-6.73034468177,FALSE
1201,Gaia DR2 3557823746910678272,163.194461913941,-14.7380816823696,2.21725538309639,1.2943548214974,-42.8762554333722,1.60507369505435,1.2982558,8.95272786637136,FALSE
1202,Gaia DR2 3557751488380196224,163.59238369719,-15.1452253737955,3.44180298861511,-29.4403673752113,-10.3526988841316,1.61927428498901,1.6303811,22.6343670788096,FALSE
1203,Gaia DR2 3557816905026827520,163.149483212278,-14.8315760697606,1.44756478796968,3.33048082196457,4.56550502187637,1.62873468824162,3.677566,25.0558921885242,FALSE
1204,Gaia DR2 3557723347755196416,163.099441342089,-15.4238453663653,0.591837990955902,-8.13441345800298,3.18017358090264,1.51100987799564,11.879687,43.3910028941184,FALSE
1205,Gaia DR2 3557837795747753600,163.284125186968,-14.6441983756731,2.35266311505341,-44.8721802711006,2.21203158717503,1.64911244843731,6.2443585,20.3178835597243,FALSE
1206,Gaia DR2 3557747979391817216,163.681707334271,-15.1550135213812,2.31775607500532,-8.74864540798473,0.115075497204903,1.63024423283349,2.8740535,29.2519807546516,FALSE
1207,Gaia DR2 3557765743376549632,163.436824120675,-15.0243076403248,1.92003204684988,-10.9015050376706,-0.909924752893622,1.57803785888934,1.1734269,-2.40486259852588,FALSE
1208,Gaia DR2 3557748838385275520,163.669362574838,-15.1225700417417,2.25067460921398,5.35741329704234,-12.1910185533302,1.58889030811005,0.78793067,-8.0078868085555,FALSE
1209,Gaia DR2 3557965824429297920,168.870779540897,-18.4622539661173,4.45529183467666,100.097206997337,-58.6625490514672,1.56598549426428,0.3551729,43.5449751882374,FALSE
1210,Gaia DR2 3557967027020129280,168.608909194688,-18.63439833163,2.97998056911662,-22.5786989334871,-2.14858935726415,1.4873135327732,6.2416415,-36.9185041687624,FALSE
1211,Gaia DR2 3557819000970868224,163.31240439159,-14.844571379337,6.6084974970201,-80.1857001152773,-20.3476518486586,1.42953478894303,0.10793135,29.8166958232622,FALSE
1212,Gaia DR2 3557736885491244416,163.142150846055,-15.1670049510868,4.32273668840364,-66.5663694963313,34.2013966723322,1.62121574516054,1.649996,4.22365608749371,FALSE
1213,Gaia DR2 3557987608502394240,169.585146912944,-18.6679762795106,0.841670004103194,-10.0255888950549,5.6399459273374,1.52742633777796,71.8716,-25.984171865309,FALSE
1214,Gaia DR2 3557818043194164608,163.37669599461,-14.8645827998411,2.34516850036789,12.7590983891244,-13.6306099398648,1.55938359669126,0.92106164,-14.1885666387219,FALSE
1215,Gaia DR2 3557726062174430848,162.814083336983,-15.4311369271196,2.00724312600405,-6.65126743557356,0.876490641203396,1.65988638679719,5.0289392,-2.49362312004915,FALSE
1216,Gaia DR2 3558054335115708032,169.799435347093,-17.9511638271022,3.32026464165059,-34.7300471409811,-12.8935273960341,1.60194653978261,0.58769166,36.3320060596735,FALSE
1217,Gaia DR2 3557755332375822848,163.67180755239,-14.9910079980684,1.30750293702859,-11.2202268248981,0.19152649911805,1.52069288441766,4.9409847,4.69011610861705,FALSE
1218,Gaia DR2 3557722797999378048,163.056837131463,-15.4631522299881,0.39096950616206,-7.35332893572603,-1.40907280360893,1.5434268909342,30.345112,23.4142530752142,FALSE
1219,Gaia DR2 3557876622252053248,168.657618384185,-18.9405971524278,2.13779765486078,-11.3222865025169,-2.41683342820803,1.6266136856711,1.9993534,6.54225162425241,FALSE
1220,Gaia DR2 3557721629768272256,162.990039433504,-15.4528188568674,4.79112297682921,7.43780140395398,-41.1600944283904,1.57890365149606,3.798273,6.95537726107479,FALSE
1221,Gaia DR2 3557754301583672960,163.705215616372,-15.0246217730493,0.996947637146801,-22.1875014149783,11.1782976018316,1.54362556316699,8.955239,73.0045376860091,FALSE
1222,Gaia DR2 3557883051819643904,169.186518314592,-18.9552609828035,4.55317777613779,-124.503417044097,12.1129901009836,1.53062947918579,0.30590978,12.0585427076961,FALSE
1223,Gaia DR2 3557783717815436544,162.89323704824,-15.1483214917616,4.95596443061243,-98.9479067247209,12.8479422149594,1.49995720519845,0.20195372,27.7828033524589,FALSE
1224,Gaia DR2 3557774268887368704,162.798188355464,-15.3147921784701,2.92599592946349,-10.6108944275769,-9.37864448527644,1.62988362132188,2.0240688,-38.4671463961744,FALSE
1225,Gaia DR2 3557951805656032128,168.804894732416,-18.7201150866037,2.48501782589825,-2.7713976387619,1.27276108523405,1.64995516101694,2.026962,-4.03247621180533,FALSE
1226,Gaia DR2 3557907923974532096,169.200171049463,-18.6992649023808,1.01926544244639,-10.344962224902,3.57911397529343,1.64197901037012,7.329525,21.668182609539,FALSE
1227,Gaia DR2 3557910638393862784,169.050330378341,-18.6712389407131,0.970853748389391,-10.2131076008948,11.5125547636461,1.61453103029312,9.331001,11.4628514589103,FALSE
1228,Gaia DR2 3557752583596756736,163.53954272025,-15.1067343710018,5.7534461735203,3.13517831568623,-24.741250110944,1.60526493999341,0.17195198,24.8047538927778,FALSE
1229,Gaia DR2 3557721423609839744,162.982785196375,-15.4823624135791,2.23672533769053,-31.5268437419902,10.6068516587667,1.60846667698594,1.2018996,64.7169225165123,FALSE
1230,Gaia DR2 3557724275468131328,162.988579851804,-15.3917250417532,3.82990815065142,-3.24228791883655,3.89626179364469,1.55903682702048,0.38256878,-2.03527173275735,FALSE
1231,Gaia DR2 3557791689274691328,162.652086324206,-15.1802170618446,1.87401396743234,-0.502904786749825,-16.0584043587156,1.61492918751185,1.9722395,30.4846950231577,FALSE
1232,Gaia DR2 3558029458665150208,170.017653890663,-18.2732993672175,2.62893512693091,41.1918300514422,-50.5978260746408,1.60515053641189,0.81102115,27.4843154306306,FALSE
1233,Gaia DR2 3558068525687531392,169.196270999136,-18.2179186943352,1.46176974269353,-0.495432993852181,-6.27973531636634,1.53024174510863,6.511673,44.4005220692657,FALSE
1234,Gaia DR2 3557769355444893184,163.387115082426,-14.9709537973942,1.8110238754813,-6.47141336329875,-11.070553980407,1.6038354206185,1.7106886,61.0180653433027,FALSE
1235,Gaia DR2 3557709603859841408,163.136419570174,-15.5408799765988,1.60728124344112,-0.17601029284085,-4.62886116591989,1.62116958112294,3.135396,11.4529337633874,FALSE
1236,Gaia DR2 3557882192826181504,169.148792084276,-19.0265356270845,0.771501016441049,-15.398364844072,1.91889921773946,1.47188388541237,39.574253,49.5822467884475,FALSE
1237,Gaia DR2 3557980805273875712,168.721481769617,-18.3699397256541,1.82390715081861,-40.4573430229485,0.783363427705935,1.58633397895435,8.220338,19.2012298715782,FALSE
1238,Gaia DR2 3557792376469456640,162.523205556061,-15.1762674676999,1.91606329711985,-8.00530057553517,-5.87579111190241,1.50719285492484,23.728584,-19.5448065297551,FALSE
1239,Gaia DR2 3558034543906429568,169.887968376263,-18.1895582061815,0.509335516842668,-8.38644916003262,1.76358424440914,1.51828492563859,54.116276,59.4570187554959,FALSE
1240,Gaia DR2 3557749942192768256,163.810684100626,-15.0896583587897,3.2305811336992,12.8402957801859,-0.565016521890835,1.52568743864906,6.063702,-2.1615985790409,FALSE
1241,Gaia DR2 3557943524959041280,168.526563282238,-18.6811576548455,6.41335526402337,-86.8398463787959,-4.17746203184587,1.59808362359484,0.9877595,3.47660229414047,FALSE
1242,Gaia DR2 3557797663573726720,162.623103861312,-15.0663833416153,2.79422583250555,-39.1022833125125,15.8912003189117,1.59577404131104,0.9623331,42.0096742663143,FALSE
1243,Gaia DR2 3557831404836357120,162.875167618731,-14.7860497106906,5.85292069230409,-40.5693242614739,9.56542331073441,1.51022501663598,0.20911178,10.3184373521131,FALSE
1244,Gaia DR2 3558062203495668480,169.1652963761,-18.271520093236,0.694631007046289,-4.94180154218732,3.8444873494507,1.53339582854881,51.32195,5.97054820441673,FALSE
1245,Gaia DR2 3557754477678233472,163.682384203534,-15.0094706380417,3.70218016887495,38.7117021916887,-47.5030729585317,1.609305482343,0.6850632,10.3082408863591,FALSE
1246,Gaia DR2 3557796362199111680,162.543681284932,-15.0758985827781,1.50781896279962,-12.5268915240587,2.52666940477927,1.5225132982241,14.670174,-28.8241456508237,FALSE
1247,Gaia DR2 3557762861454339456,163.300784784862,-15.0320468483297,3.80156337854885,-16.3907901061138,-4.70140180750499,1.53515762416424,0.2637301,-30.0442152728805,FALSE
1248,Gaia DR2 3557943731117472000,168.52818245158,-18.659028586614,2.79929609405502,-30.0133261913841,-22.4041971332104,1.58024567966736,0.6903627,57.597300109805,FALSE
1249,Gaia DR2 3557846802295649920,168.850124570035,-19.321617144336,2.29011153125812,11.3457322301557,-29.4336300154982,1.60108594347969,5.0759068,15.1904641446561,FALSE
1250,Gaia DR2 3557793098023966336,162.605133194037,-15.1045669416329,19.6616425784957,-262.072207258713,-88.0813601038925,1.6196340776607,2.1385398,43.5971716260844,FALSE
1251,Gaia DR2 3558028668391165440,169.996959443992,-18.3189027027113,5.61289314715334,-57.8462290447251,9.65742140789299,1.62051550308812,1.1920594,33.4208587549505,FALSE
1252,Gaia DR2 3558061997337236480,169.155174082996,-18.3001692899786,0.501192530677336,6.30612841797408,-5.7506246185702,1.4836853500763,47.37139,25.5692411308116,FALSE
1253,Gaia DR2 3557843709919194624,168.75552785746,-19.4599952573694,4.158781760441,14.1078363789489,-10.1449682223704,1.62979259674412,1.394451,-7.68796594010361,FALSE
1254,Gaia DR2 3557822406880938112,163.281205421282,-14.7956993143175,4.54917050780222,31.1445030320779,2.28643788698538,1.61939575362199,2.8678625,-7.35218275670135,FALSE
1255,Gaia DR2 3557673629212813824,162.250020005877,-15.5592841270585,4.09155469000266,-11.0748091003645,-6.4992360514633,1.62478481333125,2.4467816,-17.1502032286159,FALSE
1256,Gaia DR2 3557707748433963392,163.010747525535,-15.5867940832681,4.25180302232562,-43.9171090095548,-35.7513920228276,1.56214350547498,1.1052848,72.6209560184652,FALSE
1257,Gaia DR2 3557954520075362944,168.699990372545,-18.6793811654755,0.500057229189469,0.653398062981376,-1.34306143806778,1.51267965456037,38.148914,5.85248337379116,FALSE
1258,Gaia DR2 3558117385235510784,169.512438652994,-17.7959657153091,3.15183781236959,-52.4117442664274,-3.64218244104974,1.56385364706565,0.5848184,-8.5868436061161,FALSE
1259,Gaia DR2 3558275886708676608,168.865440080662,-17.9893943855031,1.83658049436017,-11.754693602033,-28.6809636328536,1.59994795173313,1.1917096,55.454465553302,FALSE
1260,Gaia DR2 3558460879540237312,170.26364801553,-17.6623649483398,0.538370283936357,-4.77429404334908,-11.5835387387939,1.50987609640191,136.09676,19.8122523880232,FALSE
1261,Gaia DR2 3558440126258257792,170.148819770752,-17.6866968132087,3.07284749160257,-14.1991699247532,-8.16027829141531,1.61284491073259,1.7397934,-8.84979791161411,FALSE
1262,Gaia DR2 3558437824155716352,170.04780315648,-17.7750510202639,1.99708617508718,-6.74667477201142,-3.98421860393426,1.64882108775091,2.5417995,-14.081626211909,FALSE
1263,Gaia DR2 3558259978149818624,168.173207141476,-17.746488438395,1.45726404066664,-5.64545308422101,-7.27902249871874,1.45967692784293,99.572464,30.8332318501232,FALSE
1264,Gaia DR2 3558294337888132864,168.731019272487,-17.7727839939591,2.95994238159432,38.548905422854,-13.4541258126627,1.60405585379322,0.7474839,2.6473616950631,FALSE
1265,Gaia DR2 3558283338475649152,168.909164791313,-17.7652888083081,0.38410401866619,-8.77450887355106,-7.9558064882989,1.50811887669554,65.58208,78.9975530308276,FALSE
1266,Gaia DR2 3558299899869538304,168.805590776088,-17.6429964069419,2.45629879103357,-27.5489589165136,-46.2012060970479,1.61648341041933,1.4037999,82.3002631619344,FALSE
1267,Gaia DR2 3558374499157762048,168.859821183472,-17.4429881431146,4.46326703190189,-18.1325244739487,-7.18457737610237,1.60420023469957,1.0137157,-8.31109388435133,FALSE
1268,Gaia DR2 3558247677363480064,168.189556156812,-17.7904607923717,1.90472896629123,-24.1532583936649,21.0299158204519,1.53729550240598,60.750996,14.1176972599051,FALSE
1269,Gaia DR2 3558111337921551872,169.333556094397,-17.8769635769335,0.502146684575422,-11.9845411781386,-3.32650626576753,1.55228224348439,70.45816,-18.9210101702875,FALSE
1270,Gaia DR2 3558386971742799104,168.929024539232,-17.2405015767803,3.01814060249007,-38.8155764256705,-35.1846868034598,1.59574059220577,1.0801889,24.8097368693526,FALSE
1271,Gaia DR2 3558294647125835392,168.862295241597,-17.786958865847,2.95996440557885,-5.290938466658,-5.12694675139605,1.56877376703805,0.6066075,24.6814487903988,FALSE
1272,Gaia DR2 3558095566801633536,169.308740499223,-18.0660993679367,2.68948760821427,-7.33884282991916,2.40268827533697,1.61252648930518,1.2299557,42.289610890642,FALSE
1273,Gaia DR2 3558293444534931072,168.71326211811,-17.83842188406,5.39491925322962,42.6028732190456,15.5807803219849,1.57468679694134,0.62504244,-20.6511503720922,FALSE
1274,Gaia DR2 3558291142432459904,168.601721450232,-17.8015367678589,2.89915275052533,-52.4544416156711,4.68541621021425,1.57057353182198,5.5866017,34.8745081366728,FALSE
1275,Gaia DR2 3558260562265368448,168.111022851774,-17.7561240120903,0.277266065416724,-8.8410901673484,-4.77437054003257,1.4615407240822,147.50261,230.782736944127,FALSE
1276,Gaia DR2 3558381164947010816,168.943879435606,-17.3463773251675,0.527392889538037,-3.49873483829085,-3.34397478760771,1.42571080494892,446.08905,-6.21271641221186,FALSE
1277,Gaia DR2 3558085533758030336,169.173321594192,-17.9930630093041,1.87934203441658,-16.542317229365,1.08405006344427,1.6422732541291,1.342864,10.2683348950784,FALSE
1278,Gaia DR2 3558328079151325696,169.163943818988,-17.5213208758956,0.330114959009978,-6.49125078073717,-0.658036814829748,1.48694532788864,82.91328,119.205303478787,FALSE
1279,Gaia DR2 3558332099239361024,169.024799230606,-17.4725765250861,4.30855314970855,4.25447514036091,-5.23936065302635,1.60642929108165,1.8750447,-7.24351703492145,FALSE
1280,Gaia DR2 3558110547647570304,169.422393211078,-17.8892817671455,0.354939362540767,0.206917957162647,1.05994452121143,1.52037473970241,35.52287,24.1695567757832,FALSE
1281,Gaia DR2 3558104637772571648,169.461194441092,-17.9004863883964,0.579667066551584,-14.4576733924413,4.90916217657794,1.5183096038611,53.05514,9.76860640688866,FALSE
1282,Gaia DR2 3558269564516811776,168.76173227258,-18.0477180368911,0.345296574890644,-9.95671539876836,1.73737979282835,1.51872112808179,42.33615,18.9480103082163,FALSE
1283,Gaia DR2 3558391571650972544,168.647417684989,-17.3026934864007,0.702554657798901,-10.8654787846555,-6.94590201767196,1.49920277720526,22.959074,29.7166301970856,FALSE
1284,Gaia DR2 3558362919925862912,168.418692955411,-17.541385942685,2.54263259033105,-34.4069922610576,2.09703710074665,1.54796752628748,15.784959,27.1052040203211,FALSE
1285,Gaia DR2 3558462082131168896,170.423825396208,-17.6034518000913,1.54248869851565,-16.912070806968,-2.88149286421345,1.56769255788476,2.6355944,-2.95440976642614,FALSE
1286,Gaia DR2 3558460020546866176,170.390625290911,-17.675033806741,2.65044573987095,-21.8873247129684,9.04517399852878,1.611742384094,1.5974166,-6.01158927417601,FALSE
1287,Gaia DR2 3558328628907098368,169.063828826703,-17.5260118575628,1.13220342213369,-0.893427352225106,-9.28567473842293,1.50345423761111,51.134926,-9.09799365239066,FALSE
1288,Gaia DR2 3558361232001999488,168.279976781635,-17.5120123708897,6.23127848122349,9.25226606671708,-50.8856811006292,1.58089809402106,0.7418821,17.851567440637,FALSE
1289,Gaia DR2 3558395351222191744,168.501932337805,-17.2223617741881,3.10393040830573,-37.7302228668324,11.2749860410441,1.60767430926549,1.1128435,25.4492806008095,FALSE
1290,Gaia DR2 3558433769706653184,170.232570463368,-17.8174290406454,1.24570923331586,-1.16718112508827,2.00736384178437,1.63015320067491,2.5182803,1.69641436316681,FALSE
1291,Gaia DR2 3558462150850626304,170.420197501106,-17.5865317842018,0.6094584803378,-14.6251399860019,-0.989814743579538,1.51254712152528,13.632568,84.703503863725,FALSE
1292,Gaia DR2 3558181844104854144,168.322857842301,-18.1897841763876,2.86894085806709,-45.8620107905625,13.0970199777239,1.59931696942048,0.7507474,14.8605884106354,FALSE
1293,Gaia DR2 3558231803164395136,168.08671591601,-18.100512140303,2.30837179046786,-51.9585853788224,-9.84911042882575,1.57588398937622,1.1508235,41.3984441730222,FALSE
1294,Gaia DR2 3558097112988468864,169.461793959454,-17.9861242272561,3.09825425011441,-11.8955430683607,2.56282068096889,1.62771496366276,7.0265846,19.3804109487495,FALSE
1295,Gaia DR2 3558128105474024192,168.214197817209,-18.6755639168167,0.732441097597676,1.85075538181406,-8.08293760241773,1.49681198057737,58.05427,16.8693095623185,FALSE
1296,Gaia DR2 3558455175823740288,170.616169099881,-17.6303556476634,0.483306587031275,-3.88926849761555,4.55937678304247,1.52040192609854,32.180454,55.3196767723955,FALSE
1297,Gaia DR2 3558142467844672768,168.247137654646,-18.3970292785663,1.62297287790635,-7.95002518230965,9.9173165956657,1.56891488523069,12.505719,-35.3217236111027,FALSE
1298,Gaia DR2 3558128311632453120,168.159269732963,-18.6760230579019,3.41267294217444,-10.1151635920575,-11.8818456241994,1.54823049376334,54.72064,22.3693182122019,FALSE
1299,Gaia DR2 3558331412045914880,169.175687795383,-17.4033463786815,0.916690002350746,-15.3285130180228,-1.813706389949,1.53266162771594,6.034929,17.0972728585573,FALSE
1300,Gaia DR2 3558200054766026368,167.604897393818,-18.4232228900894,3.87655113873135,-22.8103348675206,5.88369472905971,1.60630601566004,1.110691,2.71603033216955,FALSE
1301,Gaia DR2 3558331583844647296,169.212265519492,-17.3714082023358,0.731181982461636,-0.938208164015197,-4.80517726232801,1.54351829809281,82.20708,16.002151978298,FALSE
1302,Gaia DR2 3558127555718208000,168.175467226962,-18.7235300560266,1.9803265295023,9.55825087798516,-8.51600266218388,1.63989313091795,4.079561,9.0153410359444,FALSE
1303,Gaia DR2 3558175070940168448,168.443297923617,-18.1975015268234,0.596138922084097,-12.109704164808,4.82291430067822,1.52812629230017,34.9799,2.18831747599292,FALSE
1304,Gaia DR2 3558450777777254656,170.703014108756,-17.7135229463832,2.92085411189616,-48.5727172666193,-0.173365563075812,1.56271158045883,0.7104821,27.5526367073723,FALSE
1305,Gaia DR2 3558433907143964544,170.190098099062,-17.8115089606767,0.944044564805988,-20.9151579002609,2.00812956062232,1.51257386083565,103.17361,-16.0794399998279,FALSE
1306,Gaia DR2 3558360274225982976,168.104845855673,-17.5494446660997,5.23012107504259,-39.7130480024755,9.85532080108187,1.61320776333728,1.2893786,25.1962820299667,FALSE
1307,Gaia DR2 3558188578613581696,168.423926014665,-18.0950835689959,0.544934671413292,-7.63092128806389,2.01509403522587,1.49661082658792,44.623493,31.3554763875178,FALSE
1308,Gaia DR2 3558452564483651584,170.665548450308,-17.6319769752208,1.39816194099982,-43.0278022719202,8.1713569227599,1.59034923463236,3.0697808,-11.0868623715478,FALSE
1309,Gaia DR2 3558367038797778944,168.487990505392,-17.3524170267084,2.03203164408265,-11.239407452514,-3.93519636584458,1.63490392473051,4.6873374,11.2105665227126,FALSE
1310,Gaia DR2 3558125391054686848,168.055360129287,-18.8052409853194,2.89026856565931,-34.6316883358731,7.70927203074965,1.69539817472863,3.665855,9.04434390682262,FALSE
1311,Gaia DR2 3558125287975471616,168.046443288213,-18.8073284573381,5.4797227920625,-46.2610027056371,11.1533130491564,1.54811452722512,0.4654927,3.44987934818058,FALSE
1312,Gaia DR2 3558368207028886016,168.281585487077,-17.4404391884372,7.26842933580145,-40.4345538438852,19.2469448101497,1.52484147224319,0.30252832,-1.89746771945642,FALSE
1313,Gaia DR2 3558098654881749376,169.450929540826,-17.9240830041024,0.562981030283404,-8.45585286965365,0.854552197172623,1.49137046953407,21.45995,39.1879819392253,FALSE
1314,Gaia DR2 3558219811615584896,167.509696459559,-18.1887542751385,1.96600441759457,-33.7389120193662,1.90758097226893,1.61807857921161,1.6707971,25.5119912299014,FALSE
1315,Gaia DR2 3558242832640420480,168.270546766452,-17.9291274069866,1.40902265260946,3.90518688304151,8.55204860543992,1.60582723941097,1.9832164,12.1377307222345,FALSE
1316,Gaia DR2 3558097589729860224,169.511441513776,-17.9483289488321,0.443018770513273,-2.98661454150151,-21.6101551293754,1.53794869620545,45.61125,128.499801273467,FALSE
1317,Gaia DR2 3558242076726176512,168.273443256129,-17.9298071738541,1.14318004304748,-4.84479915650553,-2.14297744729196,1.58994218873801,4.9711046,7.04567501336748,FALSE
1318,Gaia DR2 3558182187702193152,168.292353849366,-18.1661360415617,19.1008939597974,-341.73461806338,-195.790413963463,1.63578362920004,1.3510734,-4.15036726010136,FALSE
1319,Gaia DR2 3558349687130432384,168.495769270241,-17.6217986049537,6.77911556576115,-38.9115537139604,-0.309488765430928,1.53640432235026,0.25594774,20.0770143343376,FALSE
1320,Gaia DR2 3558443184275034624,170.494190389831,-17.8059878704125,1.9881399100614,16.7839213626503,-1.2323795693935,1.63334805109774,2.8664527,31.580266920917,FALSE
1321,Gaia DR2 3558273133633358976,168.791469765592,-17.9956501765551,2.37571609648923,15.2845468622591,-10.2619641281383,1.63320539032392,2.703835,-0.187361568576648,FALSE
1322,Gaia DR2 3558323303147641216,168.847249420495,-17.6285708981922,4.49517643335335,13.0605770047002,-11.7753891935625,1.58837353747566,0.76137155,-4.57107290556102,FALSE
1323,Gaia DR2 3558453213021940736,170.752565078899,-17.6157744602495,1.6738127763376,-12.9096543020825,3.90928201975212,1.60990146273131,2.216839,-9.3046804111888,FALSE
1324,Gaia DR2 3558319179979036416,168.921223113579,-17.679580097317,4.8743683113514,-10.1470189958482,-41.9892762761329,1.56642312143057,0.50783676,10.9241582756268,FALSE
1325,Gaia DR2 3558359449592257664,168.071126332693,-17.6041836830597,0.533093572244778,-9.35740049725598,-8.61877698088423,1.51179267560102,35.69416,85.1265695613771,FALSE
1326,Gaia DR2 3558442664582256768,170.534336386196,-17.8257589489649,5.22414013041529,-11.7934386141942,-1.48517787457012,1.63746867183729,3.8738313,26.6305330970261,FALSE
1327,Gaia DR2 3558324845039069440,168.841422411846,-17.5538093570024,1.75842574911699,-25.6080439561954,16.9530884755163,1.63311467482819,2.7715948,8.77080804618797,FALSE
1328,Gaia DR2 3558093848814770944,169.541361240463,-18.0350236600797,2.24595902209181,-17.0824310319086,4.05168819009292,1.53412155965153,7.347663,-21.8119047023448,FALSE
1329,Gaia DR2 3558429337300328576,169.961934388081,-17.9050822650277,1.07777793411427,3.93542887233515,1.10689382347974,1.32443007395052,933.454,17.5262519211309,FALSE
1330,Gaia DR2 3558417685052465280,170.428468828142,-17.9512778875759,4.71784331400994,-40.5528560785386,-14.9626623520376,1.54725075427892,0.4538001,35.0745028247762,FALSE
1331,Gaia DR2 3558095425066345216,169.398572928921,-18.0367824601565,0.835868090126991,-11.5637363817673,7.14539289063037,1.49188145425664,23.016535,10.5338533677621,FALSE
1332,Gaia DR2 3558366733856831360,168.499870353035,-17.3845108782635,0.567824418576233,-2.44413549392529,-3.94459939572116,1.5396983511594,15.2526455,59.3038967540481,FALSE
1333,Gaia DR2 3558092027748632576,169.429462058723,-18.074730407299,2.31095205831853,-35.9671129725508,-20.3310659191411,1.59008312887869,1.1607007,15.176000637466,FALSE
1334,Gaia DR2 3558336115033678592,169.079343260787,-17.3084471049181,1.77962504947434,-2.44972646260159,-6.82980121952632,1.58959350617564,3.083076,-22.8552783489256,FALSE
1335,Gaia DR2 3558303408859165184,169.195862903157,-17.7902393199988,4.04231735719973,-4.80301503936767,-28.7439563752132,1.60855224691776,0.7478732,-22.9617009089852,FALSE
1336,Gaia DR2 3558353814595202176,168.564941091779,-17.4395958677196,1.17775756696858,8.18108468697322,-2.28313724103449,1.61284637099252,3.0739698,6.26673481007388,FALSE
1337,Gaia DR2 3558265815008542848,168.065781380569,-17.6018882265327,0.630108993193496,9.38827137791638,-3.04562173202293,1.65679519561808,20.25636,3.54905880518509,FALSE
1338,Gaia DR2 3558420021514674048,170.278871968442,-17.9328234063248,1.85169680994146,-16.7864857792967,7.57566490147617,1.66102821009376,3.5631828,-9.62420654180798,FALSE
1339,Gaia DR2 3558100445884543232,169.62606436652,-17.9656222270236,4.27928335016094,-20.7105434250634,-17.2157159122227,1.65644137650615,2.2004633,37.1820317486884,FALSE
1340,Gaia DR2 3558257882205785088,168.103485343586,-17.8188261103894,0.710608270131583,-7.91487192235219,8.72274764053473,1.5400329736374,9.333908,-12.7511568273133,FALSE
1341,Gaia DR2 3558213283265300096,167.546096341413,-18.3417091899232,1.38616929887329,-18.790775633075,9.18722397697252,1.57513539410429,2.8490188,38.8453861430944,FALSE
1342,Gaia DR2 3558440194977735552,170.196929469527,-17.6900190271033,0.227424514250609,-3.04563288500681,-1.64079028463713,1.48351620472533,178.27396,1.10573149505429,FALSE
1343,Gaia DR2 3558102335670157184,169.695814033502,-17.8897434354143,1.08928349884504,-9.62363996895216,-0.788178075246044,1.52182303583013,66.27368,5.64860597325471,FALSE
1344,Gaia DR2 3558131197850425984,167.923032021842,-18.6514628601226,7.93305827533068,-73.5523107220579,60.9480671664584,1.61225653800708,0.72939676,4.92942377446304,FALSE
1345,Gaia DR2 3558409408652197376,170.286152230978,-18.0758456844074,2.11544132351015,-21.0339244275236,-3.58737284333747,1.55728182005449,22.699427,-5.96715919768862,FALSE
1346,Gaia DR2 3558419166817904384,170.376684805567,-17.8922369550502,0.823782204267549,-33.2018038342633,2.29615049404149,1.5172920884668,25.533289,69.7998433935839,FALSE
1347,Gaia DR2 3558177922798449024,168.571842175504,-18.066591728202,0.442763599198822,4.76764128925716,-7.20877425417886,1.52238367725003,50.853115,-21.6043805478987,FALSE
1348,Gaia DR2 3558308734618617216,169.137405075962,-17.6485234701693,2.68667170630108,-41.1895200007777,-4.38089713915897,1.62323922196023,1.9288138,27.2855751345414,FALSE
1349,Gaia DR2 3558100239726110848,169.550990026864,-17.9723927278028,1.02629330573278,-6.7214827750187,1.31998367202111,1.50389508905811,115.13626,21.8328760174864,FALSE
1350,Gaia DR2 3558416349319352832,170.350527737928,-17.9770460952994,5.4598333607273,-45.9782932261532,-28.5908702261465,1.53773716929167,0.4295565,52.4507941633189,FALSE
1351,Gaia DR2 3558107455271179136,169.627015055816,-17.7656201574136,1.94830877192689,-20.8099529866428,-25.1567884587798,1.61446399348007,1.6570942,-5.79948517284368,FALSE
1352,Gaia DR2 3558289630603963904,168.480911301905,-17.8802265027573,0.468320729127305,6.84646775486921,-8.94351946671949,1.46351549964605,445.05447,-13.9240378473251,FALSE
1353,Gaia DR2 3558142192966719360,168.181979325323,-18.4129098719897,2.18381620603778,-20.4484417578247,-3.50706503914835,1.60150171192792,1.1126857,2.07822991525491,FALSE
1354,Gaia DR2 3558390510795784832,168.488795777477,-17.3484242795786,0.611682107256782,-9.55148674390834,-2.8115040345349,1.50855590716698,46.224464,31.7718049989965,FALSE
1355,Gaia DR2 3558156520977616000,168.008607488482,-18.3928864431564,2.02268483820632,-26.7151386633957,0.943755406844995,1.58001568910422,0.8845714,28.4496255172627,FALSE
1356,Gaia DR2 3558356460295025024,168.28493941079,-17.6078581908534,4.14302554705564,-66.2496115177417,29.4479662870145,1.61996166788099,0.98402566,-6.55998082509152,FALSE
1357,Gaia DR2 3558191220017199104,168.300131472865,-18.1193968177871,2.52409793760813,-10.8205776520072,-6.96223351334499,1.5691086455508,1.0855508,-0.414630817804895,FALSE
1358,Gaia DR2 3558128272975874432,168.148701037889,-18.6786250370626,0.456572607036394,-4.99711470330642,3.25957664300961,1.53600660372355,42.787567,3.82357120613512,FALSE
1359,Gaia DR2 3558415971362229504,170.328938433717,-17.9857950276684,4.85967076003652,-32.5151590806873,29.6469490143432,1.52427491448937,0.1945578,-2.09588502927696,FALSE
1360,Gaia DR2 3558405457281994240,168.806004365811,-17.0145657828258,1.16631865254492,-2.28167803948931,-2.93265100001813,1.53294946314129,4.962363,7.20564560587216,FALSE
1361,Gaia DR2 3558415765203797632,170.312702805247,-18.0136816704713,0.67668445990657,-23.4541388828219,6.29660614721943,1.54661775059525,52.993687,11.1933019021518,FALSE
1362,Gaia DR2 3558459573870238208,170.353902283178,-17.7111187910307,3.94594838626313,-19.3545532308608,-3.47660540974489,1.6399180377394,1.2551225,7.53798038485594,FALSE
1363,Gaia DR2 3558179198404946176,168.207516796664,-18.2973706978313,8.60626919324389,-40.72967837342,-14.4492649302678,1.38082178994774,0.12929098,17.4351278808718,FALSE
1364,Gaia DR2 3558149747812347520,167.854706918541,-18.474028817591,1.09685218175088,-7.18550270530401,-5.58372775962248,1.63834390868192,5.3691897,39.9302944989342,FALSE
1365,Gaia DR2 3558141638914096768,168.273753357118,-18.4133508948611,3.92631044121577,13.2113718854357,0.232943502935283,1.64371168186586,2.9395902,13.8142725702649,FALSE
1366,Gaia DR2 3558146865891130368,167.987936667226,-18.4771568727568,1.91144005149923,-21.263655854893,18.70970678876,1.6035910118695,1.6693552,26.7777790256428,FALSE
1367,Gaia DR2 3558314747572833920,169.196602527398,-17.6071674938157,0.995488504591166,-14.3061379050522,-5.06842620226808,1.49787900278274,9.803256,30.2850412964961,FALSE
1368,Gaia DR2 3558259217939423104,168.062837636139,-17.7632976557149,2.30133852803895,2.98892181564953,4.14208614011192,1.60756691207299,1.8415685,23.9364984916928,FALSE
1369,Gaia DR2 3558454175094614528,170.755547375573,-17.575449227282,1.83409296907039,-26.9060416090373,-2.16422946220199,1.52327190731867,3.225467,-11.7232117019505,FALSE
1370,Gaia DR2 3558153424304356736,168.061383053438,-18.410560415063,1.62501679446824,-35.503351153692,-5.74769995309439,1.5211915481921,3.6904738,36.0573900381704,FALSE
1371,Gaia DR2 3558257534312243840,168.039651169517,-17.8469740357087,0.380043556697585,1.14630649334589,-8.46403600231013,1.54550961596282,60.302437,72.5646206242985,FALSE
1372,Gaia DR2 3558403876732468480,168.619289374421,-17.0785056984309,4.81997688426061,-8.04043743070627,-3.09590487586208,1.59781480854922,1.9132991,36.0460868121706,FALSE
1373,Gaia DR2 3558231523990304896,168.109278097206,-18.1202459102569,0.656767858085332,-11.9757175324882,-4.61024627836072,1.50537557228368,52.083855,40.303272933502,FALSE
1374,Gaia DR2 3558233070178530560,168.164362216793,-18.0992064342942,0.322770902189238,-13.1726188973127,-9.29889604106048,1.49836880859783,99.02374,34.0293479210266,FALSE
1375,Gaia DR2 3558232073746118400,168.024778797658,-18.1146184537612,2.70495160676595,-16.4118279255913,11.6088096263263,1.58068183045961,0.79324955,22.6845171987734,FALSE
1376,Gaia DR2 3558305023766870144,169.172084661713,-17.7167545188415,0.922308877339707,-4.00195429487862,0.770252923966421,1.63203835603321,6.6964626,-14.5658504167856,FALSE
1377,Gaia DR2 3558165106615401600,168.276939333738,-18.4084839775479,4.80972576602953,13.3789932233525,0.219585626870496,1.63053511788974,0.62303805,13.7404852700289,FALSE
1378,Gaia DR2 3558404598288532864,168.772870328913,-17.0810326006762,0.211594884241412,-1.76898748710916,-0.950133560213393,1.51979934481576,190.1582,91.5232408225642,FALSE
1379,Gaia DR2 3558401540271817472,168.772868963414,-17.1003120448443,1.55133486920473,-23.672635735041,-1.46970015239802,1.6282775597999,3.7183633,31.6463056131078,FALSE
1380,Gaia DR2 3558195450561214080,168.407115683251,-17.9166395556983,0.524837791378981,-7.42625053992471,-1.14383730357135,1.50894156344467,22.605385,58.2228870031759,FALSE
1381,Gaia DR2 3558142914521208704,167.901399312306,-18.6536852898106,3.07129058853259,-37.8577219529033,-15.2398536442186,1.51466323861245,27.84099,21.3946813557549,FALSE
1382,Gaia DR2 3558402261826330368,168.667891287139,-17.1782028892143,2.66080005872307,-63.3752994816819,16.2636779793278,1.50417939412791,51.85068,-19.6377153910479,FALSE
1383,Gaia DR2 3558115014413559168,169.303592437433,-17.8270648863175,11.1552872620412,-55.0228603458864,-4.78213361164186,1.57766117196296,0.5285931,12.0904730431226,FALSE
1384,Gaia DR2 3558172395176841344,168.688624582694,-18.1888895509107,1.93017017405567,7.20381939269973,1.4200869451463,1.60476473211497,1.8611609,25.4075414999336,FALSE
1385,Gaia DR2 3558328560187625472,169.140033638458,-17.472608241102,4.81778889587579,48.0456060670452,-38.6308871658351,1.49109822683387,0.16366093,7.68119744959634,FALSE
1386,Gaia DR2 3558073748367729024,168.911536661322,-18.2802466040779,0.51579743225175,2.61230632229266,6.44095971388673,1.5447894259953,60.966404,28.4868124400655,FALSE
1387,Gaia DR2 3558192048947108608,168.323866036579,-18.0577364015547,1.29484020646368,-5.36054818938245,-8.10940036783363,1.52725001767544,10.481888,36.396349799136,FALSE
1388,Gaia DR2 3558080585955670784,168.864723702427,-18.1083282819137,0.4646864849677,-11.6631146932768,-0.683040977211287,1.53387491316865,56.028915,33.3096946664108,FALSE
1389,Gaia DR2 3558076290988374272,169.026815234979,-18.1883846859245,0.622268845273237,-15.6244372241304,6.64053604270449,1.53800577476043,13.794192,17.7341843759529,FALSE
1390,Gaia DR2 3558078971047964800,168.837069420245,-18.1469006044173,43.5894902894691,143.895881569247,-734.228992075934,1.45141631567392,0.10149955,7.48960389329038,FALSE
1391,Gaia DR2 3558076016110465024,168.953407490754,-18.205584939105,5.30118000101171,-20.0692595352215,7.09043492547675,1.53965814796056,0.3643226,19.5304420470066,FALSE
1392,Gaia DR2 3558087487966413184,169.037993340229,-18.0098018215647,0.70299533730466,-9.96775996883335,-1.56955857485076,1.51397365735685,20.612938,41.8926801494848,FALSE
1393,Gaia DR2 3558079761321962880,168.98666724098,-18.1344818317857,2.05610413049009,-4.04800848364129,1.79634536238615,1.66037506528756,4.6219807,2.68983408073516,FALSE
1394,Gaia DR2 3558463284721994112,170.41612540192,-17.5666545549006,1.78949623997914,8.12677248117331,-10.2439321226107,1.60729653437993,1.7315623,7.49919984084426,FALSE
1395,Gaia DR2 3558212974027710464,167.842543683263,-18.0828614918904,5.70144875317336,-73.1316827176035,-8.83475294389201,1.48949351456232,0.15099742,50.3302151793738,FALSE
1396,Gaia DR2 3558170367952281600,168.530356087895,-18.3042185626944,0.693278099458996,-4.74571513474207,-1.13223122156046,1.5674789504729,12.124452,16.4676037140648,FALSE
1397,Gaia DR2 3558147243848192896,167.768426932033,-18.5855898651616,4.53855987777255,7.74905928513815,8.37099683577142,1.65721979693882,1.6516275,-0.251827010744488,FALSE
1398,Gaia DR2 3558354604869150208,168.292907934282,-17.6577793827186,3.18880463063906,6.00835872122161,-7.75367604119405,1.57593131795003,1.1333326,17.2219801648884,FALSE
1399,Gaia DR2 3558078936688219776,168.831701872334,-18.1476689124569,43.560771924949,149.77230374858,-737.5854772293,1.4388100892937,0.10248582,7.56318140497877,FALSE
1400,Gaia DR2 3558208266743551488,167.949699299781,-18.1925353593833,0.529222204179195,-2.74881403305976,-8.66752783479785,1.50444465562534,19.313948,39.6423241167514,FALSE
1401,Gaia DR2 3558207613908524160,167.999420353799,-18.1755523060462,2.97446195018798,-17.0962248447295,9.13901581570706,1.59196590039095,0.7571206,2.9594483123442,FALSE
1402,Gaia DR2 3558253587238430592,167.813796353102,-17.8925656870692,0.429339943319868,-15.6682569121514,0.276916513374188,1.51939555052146,25.593027,33.4384355376554,FALSE
1403,Gaia DR2 3558333542349689216,169.018702482119,-17.4149856097837,3.15941358056335,-26.3702288843617,4.86877247261907,1.57354575963548,0.5017976,-4.20412175108951,FALSE
1404,Gaia DR2 3558192285170733696,168.271066630844,-18.0707562672864,1.34362505955631,-3.89768298808105,-3.66517757006602,1.63971047837519,4.7611485,-5.19058675365903,FALSE
1405,Gaia DR2 3558088488695503360,169.167064769678,-17.9840647329975,2.2414102281021,-4.54427727550681,-28.5529884079099,1.63664178454782,7.586434,0.0462575503995666,FALSE
1406,Gaia DR2 3558089794365562112,169.069663626405,-17.9324279954601,1.71913523844587,-9.33618885849079,-5.36544407037278,1.63355500413761,1.9348238,-27.7908253421813,FALSE
1407,Gaia DR2 3558198817815491968,167.819173108732,-18.3398429287672,3.28657198346723,-41.6951743054268,-7.48309230927634,1.46457908656442,0.4347314,34.6612223810914,FALSE
1408,Gaia DR2 3558088866652626432,169.145560812466,-17.9420684998231,1.52529578227121,-3.8112065465789,-3.17657846997298,1.58367640241142,5.5723324,-0.0814784752841007,FALSE
1409,Gaia DR2 3558434834858542336,170.171386098422,-17.7913146396818,3.20015334965453,-52.8450279281661,30.5316558562933,1.59733841296168,0.859638,122.208864025139,FALSE
1410,Gaia DR2 3558251800532076672,167.950649014437,-17.8911929549585,5.38071990506721,-7.53230069291882,-22.1700630106288,1.61417704323925,1.882985,-5.69419667711063,FALSE
1411,Gaia DR2 3558376285864153600,168.668670721423,-17.4537446036454,9.91397159004846,-100.859836584362,-42.2771390398137,1.56116401699768,0.4578221,3.47089312078905,FALSE
1412,Gaia DR2 3558209469332756224,167.858785881408,-18.2096299655025,0.722213158629318,-13.6840103546375,0.837068996219869,1.51808370902822,50.110825,10.5330890168869,FALSE
1413,Gaia DR2 356003005875482880,29.9172125820681,46.4878937306786,2.35512052564944,-4.30804383435032,9.10153432121647,1.51051715390558,51.63887,-27.0274867390506,FALSE
1414,Gaia DR2 355924184635129856,29.496725231733,46.4722438220105,2.26973121493602,17.3013329218636,-19.6154645716344,1.50431902536576,84.59671,7.43578127852384,FALSE
1415,Gaia DR2 355861817412581760,29.388581934361,45.6695936191492,1.05732140627678,-0.253975858175273,-4.26994115565226,1.51814442040836,11.034344,-47.7234813626846,FALSE
1416,Gaia DR2 355874152558653056,29.2258648181506,45.7405065909273,1.48257012602868,-7.02539559305086,-0.909421183674983,1.65046311705311,3.5475488,0.371961393750679,FALSE
1417,Gaia DR2 355855533878264192,29.5292819885296,45.4970791427586,3.27435628857636,6.94007889925004,-4.7580536321542,1.51732560339678,59.99726,-61.4498973152186,FALSE
1418,Gaia DR2 355956757667671552,30.2537007318337,46.3808364050962,0.600296910948446,2.59626353904755,-3.93351093234313,1.51720539294828,16.55463,-32.535374370444,FALSE
1419,Gaia DR2 355958441292350592,30.2635770543048,46.4249262016898,2.78602481138108,56.6559014767978,-30.7949634514173,1.57575717186612,0.6268982,-7.23945408241368,FALSE
1420,Gaia DR2 355955451997785472,30.4032636589533,46.4123823799336,4.32497893362671,82.7346990593249,-6.31542243277709,1.55093784386607,0.39229563,24.8110752373691,FALSE
1421,Gaia DR2 355875423868970368,29.2751186472674,45.7803057086229,0.838837516681243,-5.21215649935364,-5.7338778148577,1.48754322461444,106.64175,-53.7761414548816,FALSE
1422,Gaia DR2 355853334854776704,30.0995216303033,46.1006640606627,0.301582919927313,2.69613509368722,-0.492553668248143,1.47611472104826,172.55437,-84.299917956801,FALSE
1423,Gaia DR2 355985959148791296,30.3337980463185,46.6829241728823,1.03842315204782,4.58709791247474,-4.57810335657126,1.55749320469062,6.359501,-23.2577062321675,FALSE
1424,Gaia DR2 355965141444012928,30.6401287719662,46.3474665810121,9.38670016798383,-46.9235037666052,-34.6329234662243,1.60473157401966,1.6842175,-12.9223413957965,FALSE
1425,Gaia DR2 356004930020833920,30.1405662300733,46.4640971995513,0.637573786374311,-3.3327041782847,-2.21191020080931,1.53078346269327,58.165565,-72.6449952050588,FALSE
1426,Gaia DR2 355824232156582656,30.0855800931932,45.533615973611,1.10641040890304,6.58611268787879,-3.98974912777119,1.50973200353817,46.659718,-11.1921571931023,FALSE
1427,Gaia DR2 355920645582193664,29.615365108511,46.4525588918055,1.70305560842643,12.3838973234989,-8.23641981710174,1.56987624111695,1.0559721,-37.2056932497746,FALSE
1428,Gaia DR2 355926345001701888,30.4565710576377,45.8664082604865,0.405507393437082,0.535700450888787,-4.80042504998714,1.49644311274876,62.544308,-96.3554529627899,FALSE
1429,Gaia DR2 355914392109715456,29.3806510188903,46.2152560161495,0.855373300238286,7.02099899741531,-6.79840625559972,1.42405170193169,1198.3215,29.7152833892327,FALSE
1430,Gaia DR2 355944040266956928,30.1998823815003,46.097524660628,0.539030588334436,-1.18111763452512,-0.264353770160741,1.51759298374277,65.35921,8.73044761796196,FALSE
1431,Gaia DR2 355968229522487808,30.6517726118072,46.4894751190659,0.354139350589918,-2.70738289011538,0.301231757524407,1.51048315237153,64.24554,-65.4744938451424,FALSE
1432,Gaia DR2 355974345555914752,30.7820291356299,46.574326250467,4.28007827652694,-8.33763816560058,-5.92020095605992,1.64543730729387,3.7986007,-37.6917441510602,FALSE
1433,Gaia DR2 355964621749960576,30.7696786097829,46.454891311939,0.415921102125718,-0.226253541474812,-2.55194127849568,1.50431866621137,133.34608,-24.1366806186838,FALSE
1434,Gaia DR2 355868934176112512,29.5093588266001,45.806998621679,0.792511619714695,-4.97569678578721,6.07673400108806,1.62337935191794,6.7937646,-27.807384442378,FALSE
1435,Gaia DR2 355993660026765184,30.5497561716709,46.8271535954037,0.472999258295411,-4.38357954677794,-3.21156148969388,1.51315593415827,54.80974,-16.3385539220274,FALSE
1436,Gaia DR2 355923463080741120,29.5811636322382,46.4355468524654,3.82876266731465,-17.2461373157195,-4.99456467765691,1.58687514000671,2.0631585,-19.9554017988909,FALSE
1437,Gaia DR2 355892947335528832,29.8041649444565,45.9604776388533,1.88023382822175,7.06862625181407,-4.57615915033608,1.65999509369757,5.8760567,23.7704846221258,FALSE
1438,Gaia DR2 355919305552400256,29.7171817561683,46.390923120592,1.29451909574119,16.4829949989533,-4.4851338526162,1.63884723727853,3.7899444,-30.6789627449774,FALSE
1439,Gaia DR2 355869758809826048,29.4873677912386,45.8295389607025,1.94522455245915,10.4606306081029,-2.38840887779873,1.63964630323394,4.7882595,27.7710582929154,FALSE
1440,Gaia DR2 355929540457369344,30.3806962972575,45.9152940578082,2.0983693121153,23.3790766306357,1.21332222421529,1.54857992351976,1.5865338,11.1882936904417,FALSE
1441,Gaia DR2 355908791472375808,29.4496474356855,46.0834476389474,4.00222835633833,1.45128161619506,-18.5601928870019,1.66883241096357,2.290306,-7.63607307986007,FALSE
1442,Gaia DR2 355994003624143616,30.6300296033322,46.8649676984367,1.7747985143885,20.7396470525305,0.698950737199492,1.42393962860767,13.526491,26.6919113937622,FALSE
1443,Gaia DR2 355840415593241088,30.0651298103287,45.8313704500822,0.622131759053094,-1.10670507062646,-0.0656757689545265,1.52246232707973,26.26228,-20.929794566823,FALSE
1444,Gaia DR2 355843645408645888,29.8295294462374,45.8538274195068,5.40449077604247,40.8887308029944,-28.5071493438048,1.51615491953574,0.32426307,-47.0483921583833,FALSE
1445,Gaia DR2 355866799574638208,29.6854683049725,45.8273929587172,0.665638819906901,-4.07275905522612,-1.90616808578794,1.48612820232666,154.55197,-43.3604178644254,FALSE
1446,Gaia DR2 355867903383934848,29.6284369280046,45.8676294214281,0.600050090195146,-4.33668399245907,0.0778930394911407,1.52984344119617,93.46482,-48.5715110038922,FALSE
1447,Gaia DR2 355853708514307584,29.9818747525197,46.0450542055646,1.14504220139884,3.71699700249008,-4.20211028339122,1.51932400418035,7.38829,-20.6751177948722,FALSE
1448,Gaia DR2 355887140539741440,29.150522589437,46.0155852755885,1.08529146343605,2.9410365555499,-5.38604521323645,1.62427779126125,10.073134,-29.799694451387,FALSE
1449,Gaia DR2 355879929289798912,29.1994152335875,45.9022111001927,2.32448920086714,2.28609125824559,1.56421842498926,1.65031914271053,2.060332,-27.8231566633034,FALSE
1450,Gaia DR2 355982591893124224,30.3520969731342,46.5209426042456,0.312927895980936,-3.55352063114946,-2.01249448015612,1.45743736866283,257.65463,-58.7858450938715,FALSE
1451,Gaia DR2 355966545895310592,30.6114156864915,46.414329508363,0.46874620815878,-5.21294716154532,-1.82530871849396,1.52719036565601,54.9656,-95.2465278863536,FALSE
1452,Gaia DR2 355845908853702016,29.8719376397958,45.9736243646374,1.78023174663394,4.60184331469615,-6.50194346222814,1.65963805300592,3.360887,-15.4151429750805,FALSE
1453,Gaia DR2 355966133578451200,30.5287125817584,46.3680034504383,0.779116624806695,-1.36594880114997,0.0353420150309849,1.42733387360851,406.5952,20.7345141185445,FALSE
1454,Gaia DR2 355845462177107840,29.8828245446574,45.9002044953296,2.09550319423096,-5.93936056470719,-13.3283261678779,1.62052580604033,2.1124134,-29.3591379541367,FALSE
1455,Gaia DR2 355815607862254720,29.7402055653026,45.5549693460629,2.04295154141063,-3.37463214240307,-1.66409859284991,1.65007626096136,6.7158985,2.5919342216087,FALSE
1456,Gaia DR2 355904904524468864,29.7287818373076,46.2084972326438,1.13994606783672,-5.33882580175703,-29.5578296008255,1.5479466423703,6.357557,-20.0056535450651,FALSE
1457,Gaia DR2 355934698715863808,30.6755121753569,46.0956044054843,1.09355230324845,-8.88058849021386,4.94218560342995,1.64065199894628,9.926235,1.86119452857309,FALSE
1458,Gaia DR2 355885495569764608,29.3596985794663,46.0726000445323,2.00177039320398,25.2018632990933,-19.088702301908,1.60039108246628,2.0820534,-28.5135480924927,FALSE
1459,Gaia DR2 355855911835107712,29.4132016037874,45.4554890377614,1.59016975545567,0.00732695680342643,-4.97686343621194,1.63689578282415,10.817228,0.0252312800936032,FALSE
1460,Gaia DR2 355938684445509632,30.4739792901068,46.1443065709129,0.567659601726078,-0.151047479576606,0.551394232324128,1.65734662007268,39.437164,33.9215899125526,FALSE
1461,Gaia DR2 355894807059043328,29.5844610974699,45.958025097495,0.472122250629281,2.11746629445305,-4.85876907555454,1.47068210889617,34.641674,-64.7684666466607,FALSE
1462,Gaia DR2 355822479810082176,30.3697092046959,45.5828778015241,0.381606223644722,-0.15738344688888,-0.961433366895432,1.5251503559574,44.802303,-19.4682394153384,FALSE
1463,Gaia DR2 355967443546467712,30.7291247248626,46.4341853706478,6.62004423284326,29.5014588481362,-18.0770666492054,1.40611278874738,0.18890643,-2.27355025422127,FALSE
1464,Gaia DR2 355904805742834176,29.7149510475171,46.1950258400116,1.60918106350325,0.980369534910178,0.718258744200316,1.52807749990206,52.982243,-47.6878031455767,FALSE
1465,Gaia DR2 355924077260307968,29.4674746611787,46.4379880103487,0.26482516069644,-0.931046035804087,-3.167245072524,1.46318445638353,118.599075,-50.968740896655,FALSE
1466,Gaia DR2 355916659852567040,29.5734023516667,46.2275061130415,0.502709577570257,0.66700007584038,-1.1384144125176,1.40300928065111,1014.8623,11.9919426525217,FALSE
1467,Gaia DR2 355821586456719232,30.1880459715583,45.5483735137984,0.484676021989783,-0.350429435346667,-2.96539410781498,1.46556306518903,160.82211,-49.9868771765993,FALSE
1468,Gaia DR2 355925421586534912,30.4751949437401,45.8392152137338,2.82452215951891,10.7766276285741,-5.65608464914856,1.64814441200494,3.7440925,1.77899836272663,FALSE
1469,Gaia DR2 355911505891817472,29.5332380409477,46.2047487161673,1.97502619212776,6.17006381321618,-6.50250233622664,1.66683940265454,10.295958,7.93167763883788,FALSE
1470,Gaia DR2 355919202470893824,29.7225140900414,46.3537768942154,1.43433062889246,-2.54045464802354,-1.91977290537353,1.68552412020502,3.1296573,-33.0658963311876,FALSE
1471,Gaia DR2 355904118548064512,29.7639545375307,46.2006812045828,1.40456870533906,9.17709606477987,-0.729021547001637,1.6555567579861,4.3514977,-18.4443833715943,FALSE
1472,Gaia DR2 355922844605335040,29.4216973150647,46.4429766481671,1.37868016744175,2.56279334986592,9.9198776971694,1.52585990971726,4.936535,-58.0743172392232,FALSE
1473,Gaia DR2 355890855689149312,29.7357003353132,45.8998408027764,0.527188200568844,3.43585490540683,-0.302117310044716,1.46940640725842,70.3321,-32.7956215956819,FALSE
1474,Gaia DR2 355949817000554880,30.1665060908961,46.271580297363,0.661732740558446,-5.59740989732528,-4.91566231935246,1.46312238504807,432.84076,-51.9000711661228,FALSE
1475,Gaia DR2 355952600139365632,30.3146562224558,46.2502869135172,1.07436225345454,-2.15456418182516,-3.69513304949705,1.64272301196899,13.399572,-4.35035883190483,FALSE
1476,Gaia DR2 355856388573925504,29.4512731062448,45.5055900216758,3.78116043591737,-27.2723767852092,-5.80052876972595,1.63385019981705,1.3856342,-23.0580320685702,FALSE
1477,Gaia DR2 355940196273981696,30.4805624720041,46.2438166199831,1.49101580163097,-6.80873150500152,5.06465496350221,1.55254176002927,2.016869,-98.397915435944,FALSE
1478,Gaia DR2 355998367310847232,30.1108677838911,46.3563165990541,0.352813117268996,1.20530086933579,-0.515728541377691,1.48897242624148,66.122536,-44.1467440466631,FALSE
1479,Gaia DR2 355951878584861312,30.3480997090724,46.2413077085503,0.853627402073876,4.29159285683062,-5.03087999294156,1.51464402232404,12.879587,-34.7061541364639,FALSE
1480,Gaia DR2 355982042138397312,30.5158212265424,46.6283872911423,2.05697403377863,-2.77347202814441,-7.55109827634961,1.64924300102483,4.106795,23.8241482389115,FALSE
1481,Gaia DR2 355891955200762496,29.6784005460973,45.9401280562289,4.1130814214964,29.7789592819867,-12.8758312336942,1.60461526131803,3.3841758,1.7654709301686,FALSE
1482,Gaia DR2 355944628680093440,30.1892063300895,46.1199234471623,0.714136423658836,0.73761102323166,-2.33369889770755,1.53712098953964,26.388885,-40.5906656871872,FALSE
1483,Gaia DR2 355995373716885760,30.5492809885536,46.9356535840432,0.760611349724415,-0.802589543055125,-3.30840199871269,1.51712585340024,41.466106,13.2335197482995,FALSE
1484,Gaia DR2 355944353802190080,30.2247876061051,46.0929902960857,0.358871109635153,-2.37451258845084,-1.91502770800699,1.50862500057515,62.670383,-29.3628567159699,FALSE
1485,Gaia DR2 355934045880845696,30.6530175071299,46.0222557721364,0.691776044517907,-5.59361971751212,-3.76822471085416,1.53683082276194,54.623165,-73.3039729499369,FALSE
1486,Gaia DR2 355974143695421312,30.7938043602982,46.5602984346886,0.686567498197892,-1.88168518190375,-0.305182050161266,1.53651695502861,25.326391,-18.0353617856655,FALSE
1487,Gaia DR2 355946789046022016,30.2931807432893,46.2353688656069,0.365970393442834,-0.927323110713356,-6.47470629079018,1.52496535481476,69.8486,-17.214751831556,FALSE
1488,Gaia DR2 355848971168042240,30.1940933135114,45.9629980700362,1.48216043223747,-4.69643288221356,-3.55381483742886,1.6258052256396,3.2612712,-28.0975639168591,FALSE
1489,Gaia DR2 355947029564189824,30.2616743842544,46.2538505871776,0.740805415015912,-0.197742143395359,-3.61589136922971,1.52031011051374,20.787855,26.2765742060119,FALSE
1490,Gaia DR2 355950259379595776,30.209889567384,46.2800163421894,3.98756648734403,12.6966273299922,-15.6088535746391,1.65498503674525,3.1757495,17.6444441152659,FALSE
1491,Gaia DR2 355932667193556736,30.461210179251,46.0986299724215,0.70205926832832,2.32329356297709,-5.7309542707344,1.52849077828647,11.441256,-6.45204560421026,FALSE
1492,Gaia DR2 355830343893340672,30.3028345865366,45.726681258611,2.0533720430569,-5.42416727584015,-6.85835452742259,1.59427415240128,1.4402695,-49.4925015624947,FALSE
1493,Gaia DR2 355826461242908032,30.1573681139473,45.6354152306478,4.43055201844404,0.586029061826451,10.5880071358514,1.57844918344638,0.54369813,-9.37090584355436,FALSE
1494,Gaia DR2 355825567889710976,30.028034898999,45.6292038566242,3.76504562113975,14.9926458872039,0.224186487418102,1.61613498259086,1.1439933,-6.30407383136486,FALSE
1495,Gaia DR2 355864742288082432,29.5380837605793,45.6785082280561,1.23843899831254,0.131576530804414,-8.71305938023164,1.63895609782765,14.034953,-20.5819899338897,FALSE
1496,Gaia DR2 355942219200817408,30.5283039673443,46.2910652034227,3.37729409487345,-14.7189232973101,5.29077902653991,1.60365410446783,1.3963044,-21.0557372658233,FALSE
1497,Gaia DR2 355945861333087360,30.3310059367328,46.1860067952404,0.325650179636332,-2.46923289237647,-4.88936126484897,1.46096683354392,170.69188,-44.3767176315546,FALSE
1498,Gaia DR2 355841235930399360,30.03667593236,45.8379465589006,3.5095171344214,2.63443570568932,-11.6655645342781,1.63367114382594,2.4739528,-15.4920979112907,FALSE
1499,Gaia DR2 355975891745229568,30.837180306204,46.624721354139,1.00194095772829,-9.94279105611729,-3.36751915514433,1.52348860026445,60.246452,-63.6333674475329,FALSE
1500,Gaia DR2 355976166623136000,30.8054000571623,46.6377005683692,0.443744777055668,0.856473198953248,-1.1835232256592,1.53420324602031,64.03168,4.37500262678063,FALSE
1501,Gaia DR2 355861649911404288,29.399044265655,45.6349526172035,1.85693371468166,4.01584512881345,-0.591175211877444,1.63320702355705,2.4985635,10.454548040243,FALSE
1502,Gaia DR2 355837387639708416,30.0005454637218,45.6525237249147,0.466685946510692,-5.21005182055315,-3.88461729227442,1.49032334956113,178.47084,-99.1682844122659,FALSE
1503,Gaia DR2 355861237594540416,29.3212121556293,45.6646038655279,1.56156879818488,1.25353605753701,-9.20504539695493,1.54378093406528,2.458536,-50.6294372160231,FALSE
1504,Gaia DR2 355939268561126016,30.5323735849067,46.1911330688642,2.49525170927738,1.76284745467258,-6.15888854345497,1.60820920023218,1.0857798,20.7343907308962,FALSE
1505,Gaia DR2 355921401496328832,29.5313962421493,46.362961834208,0.362997454078126,3.27254562549061,-2.55067666560449,1.42957413785449,658.27673,-54.3411430149239,FALSE
1506,Gaia DR2 355850105039389312,30.1302847978751,46.0260883885253,1.00691912893839,-5.09133394504161,-3.38672415017072,1.66187657140526,6.8645463,-32.0727679182385,FALSE
1507,Gaia DR2 355871579875752576,29.4445426360869,45.8853986465249,1.41872873317599,8.79189645098098,-7.0457952770429,1.51736345897308,6.533178,-12.3926940058896,FALSE
1508,Gaia DR2 355820413928960384,30.2556373967827,45.491934198567,4.5827398340267,19.924474871789,-12.7531179803431,1.59667612748557,1.6825224,38.1705274790458,FALSE
1509,Gaia DR2 355882884229671552,29.3247223494673,45.9207570350577,1.31662800632055,5.47492075105782,-0.343812973791549,1.59653390507956,5.278489,-2.29680066052921,FALSE
1510,Gaia DR2 355990357195078784,30.6099245440657,46.7710185122692,1.7262601442981,0.754484582607831,-13.1816614232662,1.62047540150833,2.5731661,-25.3525521647927,FALSE
1511,Gaia DR2 355996679385651456,29.9270229575231,46.2650420983176,1.41789634394366,-6.99120118433627,1.16622013528842,1.64944716388043,4.7326984,-26.1515887874968,FALSE
1512,Gaia DR2 356000287158178560,29.8453975605143,46.3437131497933,2.96187001324225,9.34507862090993,-20.0441565987288,1.6518948325971,5.3978467,4.47494124436513,FALSE
1513,Gaia DR2 355991731584614144,30.5403159826902,46.7505448366532,1.75699962953373,6.03762235566939,-13.2005192299969,1.60749834441904,2.9191182,5.2667146080416,FALSE
1514,Gaia DR2 355855907537589632,29.4108093529259,45.461926905545,0.347686832755085,-3.2464359548251,-5.10948049235538,1.48038032836962,126.1675,-18.4753188160857,FALSE
1515,Gaia DR2 355991834663828736,30.5568079976927,46.7688698759773,1.27338110139081,-5.02997593021009,-15.5340254737112,1.63221162996173,5.836923,-46.3989559159042,FALSE
1516,Gaia DR2 355871751674439424,29.4573388387251,45.9142212271827,3.96952408581804,0.975235943104981,-0.351006119594585,1.61975821503172,1.563306,-13.4155026940199,FALSE
1517,Gaia DR2 355924218994868096,29.4732391357337,46.4769093733893,0.566334718889572,-1.43795220815165,-0.458595116527874,1.66070737119124,49.259476,27.5089828047974,FALSE
1518,Gaia DR2 355858209640057088,29.5120289789048,45.5788615123959,0.647721115650556,-2.9801659086722,-2.49490922415396,1.50251321084361,27.615835,-63.6881787172057,FALSE
1519,Gaia DR2 356000562036084352,29.9105973356705,46.3731473983529,0.311427650382318,1.03475481655066,-3.09709983648788,1.45885454070683,191.69731,-51.128799615023,FALSE
1520,Gaia DR2 355858106560842368,29.4701491952168,45.5653494183976,1.23457336132544,0.575990320359257,1.96739743471946,1.60367178008022,4.7534976,-27.2906577694534,FALSE
1521,Gaia DR2 356002520541168384,29.920284803012,46.45405512122,1.26308692657377,-4.36307630999004,-2.56312944639962,1.66183015125109,8.453433,42.7217417309747,FALSE
1522,Gaia DR2 355884842734748288,29.339765035431,45.9884608829303,2.20735667657229,15.0349483043545,-1.09026337151485,1.63107798540227,1.5106537,30.0733093443694,FALSE
1523,Gaia DR2 355860683541218304,29.2923644441374,45.6168359363891,7.27707554861531,36.8544075298319,40.8744040592683,1.56110460116996,0.2550272,45.5143489358096,FALSE
1524,Gaia DR2 355886251484024192,29.2898649515916,45.9794476977676,1.11697965001874,0.432358374640055,-4.17266499657012,1.62840069886104,6.490028,-30.0995128796882,FALSE
1525,Gaia DR2 355842202299666304,29.8886935929487,45.7667232261613,1.19455250104846,1.46379580735802,-4.4824958159755,1.61488394092663,15.627998,13.6587905837695,FALSE
1526,Gaia DR2 355838079131294592,29.9837383254374,45.7024963655261,0.330106274460265,-2.07037976791204,0.216837734835116,1.43899281892268,276.57657,-40.9933199815316,FALSE
1527,Gaia DR2 355881097523271296,29.118419002506,45.9693793729797,11.3794114555314,20.2137848780215,-51.21881114799,1.61521917521366,5.184081,-43.6517770268075,FALSE
1528,Gaia DR2 355839797117978368,30.0474973156121,45.7602963101883,1.19768665894322,0.296427658896831,-9.15455408755525,1.64286613343376,8.099218,-37.4570268463378,FALSE
1529,Gaia DR2 355969436411292160,30.8421137679678,46.4286667730518,0.663003658577412,6.76568778706635,5.46870703525531,1.52076981619751,12.74536,-225.206776418856,FALSE
1530,Gaia DR2 355978473022485120,30.5592406360639,46.4445007645888,0.642628301099003,1.33164917406996,2.63406316320782,1.5387804588845,61.22183,-25.4618735070515,FALSE
1531,Gaia DR2 355971429276096256,30.9781849698422,46.5103868083474,2.41237252082748,-1.52865520630471,2.56669863300262,1.49180123227982,1.2619894,-74.0968742717095,FALSE
1532,Gaia DR2 355901575927431552,29.952885306111,46.1590420071819,0.883845299410907,-2.3634221804544,-6.47414108438015,1.50436306566903,46.348854,-39.8489534957341,FALSE
1533,Gaia DR2 355853163056092672,30.0742811534336,46.0648416977749,0.513963961156183,-0.685936683107761,-0.527946330849102,1.65964337420199,27.915918,-41.9954495630047,FALSE
1534,Gaia DR2 355865498202303360,29.5541924761118,45.7350591175773,1.92957034169855,3.50340669875791,0.256800094175308,1.59446588665672,6.835214,-9.36428771241981,FALSE
1535,Gaia DR2 355822376730867456,30.3203125915695,45.5681707066864,1.61646740653977,3.98897548092736,3.02534257370078,1.52719319326087,14.331949,-29.4764232594309,FALSE
1536,Gaia DR2 355940402432409344,30.4781278557743,46.2545093556763,2.79640126288164,-4.58105035162145,-0.273626657983108,1.61821444285421,1.9055967,-4.67120067451017,FALSE
1537,Gaia DR2 355816393838463360,29.6877223867965,45.5752791677101,2.3020027737455,4.99996637412061,-5.02844023390787,1.64033545131498,2.3196206,8.20003346000679,FALSE
1538,Gaia DR2 355856599030143744,29.458450811971,45.5302558294306,0.657506138057689,0.0437894427159089,-3.59579414227943,1.62689021642327,16.32184,-40.1787731031789,FALSE
1539,Gaia DR2 355848348396240512,30.1947062088089,45.9339057017649,1.98496239702932,6.42586930976261,13.5807065144367,1.59755836375505,1.6132927,-63.0790762631919,FALSE
1540,Gaia DR2 355823682400922752,30.2539385744648,45.6291160489036,0.341745657918072,-0.325549735145282,-0.367198805692118,1.52349440181098,49.99415,-25.5979212916039,FALSE
1541,Gaia DR2 355936416702777088,30.6801933825067,46.1279332352018,0.983441948106603,-1.47774539122679,-2.74219803748637,1.65574664245719,6.752861,-37.1428594240342,FALSE
1542,Gaia DR2 355869999327793792,29.4407489847025,45.8516223651081,0.479687604126403,8.81148191318867,-5.09399238700143,1.47393912421327,251.96149,-212.380940180944,FALSE
1543,Gaia DR2 355865944878897152,29.6720468893834,45.7396541769397,0.968053549246146,3.19995326022799,-3.34811890047927,1.54024339029461,132.46028,-8.13072489626868,FALSE
1544,Gaia DR2 355922427991032064,29.4368662694845,46.3909037538157,1.12538593639979,-1.74813272922071,-1.56806246576167,1.657099170034,6.846521,-8.94529421506612,FALSE
1545,Gaia DR2 355920022809346432,29.5949525710555,46.3809397129144,1.53532500694636,-3.12857414197375,-7.66949390157608,1.54257705419235,5.1024094,-47.6502858447361,FALSE
1546,Gaia DR2 355919198175625984,29.7185681291581,46.3615614035977,0.481379154830718,0.58187822095275,-3.1571679713529,1.50794071600303,51.7903,-41.8403115281758,FALSE
1547,Gaia DR2 355852372782118528,29.9222952502625,46.0524623079504,1.26396034621526,4.5318353057803,-5.59205104542068,1.62056355330712,8.851369,45.1131790685985,FALSE
1548,Gaia DR2 355963384799381632,30.8183381015862,46.3697197317262,0.952556401229783,-0.0118887314447822,-3.10370132029372,1.52846172557286,6.895055,12.5840253033649,FALSE
1549,Gaia DR2 355920710004115968,29.4831549959368,46.2937776593685,2.61000411996993,-1.73039120314955,-3.53505839575387,1.58490394611994,0.77697736,-22.6479751356282,FALSE
1550,Gaia DR2 355902121385662464,29.8621227573398,46.1719979452881,4.1247642150701,16.5727402178014,9.92525000122038,1.61611738117962,1.2166711,3.1371001653885,FALSE
1551,Gaia DR2 355964037634409984,30.7586406021108,46.3993565294161,1.63481991971404,-0.853959072059381,-1.87137193175065,1.56170443129427,49.603092,-23.9916341242341,FALSE
1552,Gaia DR2 355902052666186240,29.8697507051961,46.1505542834361,1.88206726015118,8.71966325959565,-3.46844634200598,1.36726340121804,704.9879,-34.7170268715573,FALSE
1553,Gaia DR2 355963629615522432,30.766543853981,46.3518084567413,1.76302038038167,6.66802671333386,-19.4663854289378,1.4511887725365,519.2566,-37.0884121156125,FALSE
1554,Gaia DR2 355964484311008128,30.756538240023,46.4201874012398,0.439384718947541,-2.65595399986937,-1.43382910499115,1.50163174912668,49.574463,-26.1142807351463,FALSE
1555,Gaia DR2 355968508698339456,30.6171559683021,46.5195505931278,0.5214356141158,4.81795710330874,-8.1154586498996,1.53904633106129,37.592445,-78.2424446235901,FALSE
1556,Gaia DR2 355898174313355776,29.6367188623117,46.0982028565443,0.403295914548126,-1.82316009052718,-0.209324647065794,1.46740758850908,54.249317,-76.9177725584851,FALSE
1557,Gaia DR2 356003005875486976,29.9280730382536,46.4773457324866,3.91560388195417,46.9936271446931,-25.8282165409504,1.54170951298363,0.31221175,3.99499605031664,FALSE
1558,Gaia DR2 355887106180003712,29.130046211409,45.9998191856837,3.1944380850133,7.83412603646396,-10.133615707878,1.61556815168963,1.0894895,16.2227089681341,FALSE
1559,Gaia DR2 355907447145105024,29.7424496611597,46.3406807611667,0.336263468149088,0.356539301597433,0.965453790400322,1.53023876641631,68.817795,-45.214538480245,FALSE
1560,Gaia DR2 355970707721593472,30.8035146922649,46.5137260279551,0.792309214692662,-0.76727515073368,-2.05665628788916,1.5293917998765,12.351117,15.5902205234273,FALSE
1561,Gaia DR2 355937958592991360,30.6781221829137,46.2232939020333,2.69514283264323,18.8748377261172,-6.85153508812236,1.59828026192562,1.3985968,16.3853487089177,FALSE
1562,Gaia DR2 355840140715344640,30.1008938346866,45.8024483933632,6.27832293804464,43.9240782999821,-60.2699890607043,1.51167973373461,0.23095733,-31.2501690410326,FALSE
1563,Gaia DR2 355867349330452224,29.5977114671115,45.819028598107,0.517213867562645,4.47733970464842,0.395281284088662,1.5357982974662,67.77565,-46.6454933232367,FALSE
1564,Gaia DR2 355982424392179968,30.396097656039,46.5062595886526,0.908933154706035,-11.0343703922651,-0.653054022549955,1.49701573314022,87.98878,-27.0817108573831,FALSE
1565,Gaia DR2 355980152351700992,30.5521891331274,46.5020070899171,0.447005709188355,-0.650360044754621,-14.2971624188604,1.58759938690123,37.97695,-307.936471988852,FALSE
1566,Gaia DR2 355910711320253312,29.5653878233344,46.2067805176803,0.620246549374574,3.86093413809288,5.42254230098493,1.47668275781846,47.211494,-66.020107639815,FALSE
1567,Gaia DR2 355843709830452480,29.8072805274673,45.8730076743763,0.566298508153891,-6.78552880602113,-1.1523327080139,1.50908680140026,34.41128,-99.2223569693437,FALSE
1568,Gaia DR2 355970020526828416,30.8916675626637,46.4929795573388,0.418204246058147,4.97697460470608,-4.63422212249255,1.43860658414736,728.56586,-0.758799876912382,FALSE
1569,Gaia DR2 355914941865525760,29.4205049580285,46.2599452652413,1.3530575799519,5.2842706855708,-5.74455050232967,1.6122090396367,4.265059,-22.2938658601232,FALSE
1570,Gaia DR2 355952492762589568,30.4074318916158,46.2914969038375,0.917819970276792,10.57395439141,-1.24650548885889,1.59026303848458,17.147942,1.51663517855278,FALSE
1571,Gaia DR2 355973692721063552,30.7758423210657,46.5225102987021,0.577327112013991,3.09661677292816,-2.93543185356347,1.50651312894949,34.072098,11.7025788898086,FALSE
1572,Gaia DR2 355966034797204352,30.5842448443188,46.3892374611887,4.74563603601289,38.8409209949053,-15.1642202549991,1.67292408583008,8.127402,10.3944000227271,FALSE
1573,Gaia DR2 355891538586258560,29.6598604404203,45.9121783072456,1.61026447661362,11.2337038638659,-5.19206613937548,1.6306433408613,4.0670824,24.5044112613379,FALSE
1574,Gaia DR2 355931121005332864,30.2837299802627,46.0188758183933,0.375516191907435,2.28312787241365,1.21938173670356,1.40295815151226,762.6622,-59.0600367966691,FALSE
1575,Gaia DR2 355954902241803008,30.3723011959079,46.3618897491506,2.20321263920593,31.1213993762012,-8.69269599391098,1.64340166898132,3.4025187,-13.6182441152667,FALSE
1576,Gaia DR2 355896039711979264,29.5629948936126,46.0035913366154,1.8194720947129,5.19919602938128,-7.43751382564159,1.61691730017789,2.1094291,-5.56483156639447,FALSE
1577,Gaia DR2 355899475685811456,29.8892962500945,46.0810896993455,0.289741043496058,0.119268944549619,-0.0434367249807474,1.53806455049588,67.3417,-1.96395349671474,FALSE
1578,Gaia DR2 355903152177815680,29.7476179864265,46.1065118715075,1.74896767166388,-0.165823841844171,2.99358074718472,1.6080761589816,2.858833,-54.6872147615617,FALSE
1579,Gaia DR2 355894012487413632,29.7814886560093,46.0349461901377,3.70906638850695,54.1758147656237,-14.9455357208473,1.59638772076154,1.603922,45.0674426501077,FALSE
1580,Gaia DR2 355963835773946496,30.7852340389068,46.3823707603944,0.881351754902631,1.34611330664561,-7.75096148866579,1.60202091553717,6.5233006,-22.9145051421767,FALSE
1581,Gaia DR2 355834677516931456,30.1810842998281,45.8256927829588,1.52463889264995,1.48635342985939,-5.54816007021894,1.62971271994981,2.6548965,-19.7740864341463,FALSE
1582,Gaia DR2 3558783826721160192,168.895905344992,-16.903721648901,3.46253869606429,-36.742499673871,-1.24872358337845,1.55766613911949,0.5999426,72.5048812116527,FALSE
1583,Gaia DR2 3558600551876475264,171.010935806573,-17.0695834281596,1.27527368324533,-5.00260661262275,-5.96255145455751,1.5418639614334,21.547676,-25.9148349333958,FALSE
1584,Gaia DR2 3558514579514645120,170.278282463618,-17.4707538740673,4.19792452295703,-12.4897202813303,-26.116573003719,1.57354822119121,0.5383689,8.59186481415134,FALSE
1585,Gaia DR2 3558617628666464000,171.209214918904,-16.6793492538852,0.82478690213899,-18.9841287288467,1.50859595125462,1.55648289399646,53.53764,66.9163185991477,FALSE
1586,Gaia DR2 3558642745635067392,170.394858278958,-16.874519518009,0.410731638857101,-9.90826236956404,-0.858096203388039,1.52073211902382,68.880775,33.6970553978493,FALSE
1587,Gaia DR2 3558608763853900416,171.007081602059,-16.8448845689865,1.09246514338429,-7.16109122158146,1.01674656884892,1.55870940235859,6.114289,-23.8238752467891,FALSE
1588,Gaia DR2 3558596944103989248,171.241047513116,-16.9801063176253,1.65592943733666,0.955673860213523,3.38191419115062,1.71739071428455,2.7924178,-5.99978511573051,FALSE
1589,Gaia DR2 3558590278314740480,171.175016402785,-17.0664713152331,8.01253429163079,40.9145210669306,-25.8428182500212,1.63411937761628,1.136919,29.4679465769303,FALSE
1590,Gaia DR2 3558797978636390272,169.555004369036,-16.7365259722917,0.685291895762915,-6.45945454062805,-6.7011153461371,1.50407169424115,38.26138,38.8697109905691,FALSE
1591,Gaia DR2 3558472183894244992,170.601951050395,-17.3981625399268,1.01419322443507,-12.0076454355237,6.77405191303959,1.6564547799829,5.1908565,18.5892553392066,FALSE
1592,Gaia DR2 3558597528219545856,171.306010517423,-16.9284617481179,2.20540880166937,-44.2816939165032,11.4589949444437,1.59007418592844,1.8149364,34.2415911912189,FALSE
1593,Gaia DR2 3558826497219232000,169.347125585618,-16.440367622675,1.01217473685552,-11.2900618853597,6.35668983884889,1.50987111821722,9.337796,11.9709425061006,FALSE
1594,Gaia DR2 3558472080815028864,170.595347675271,-17.4125184700459,1.9636213466914,-9.65281582191447,-3.07325570609266,1.55353875409944,27.361107,13.7740124056471,FALSE
1595,Gaia DR2 3558601273429662336,170.988984536228,-17.0582796415204,3.47760054634246,-46.2175815112502,1.19994086231776,1.58362016616781,2.8062575,56.5484436777818,FALSE
1596,Gaia DR2 3558638656826196736,170.381486793678,-16.984668484516,1.52829365731574,9.0366437953848,-6.55377773479835,1.60800259507143,2.2584589,25.5507708373847,FALSE
1597,Gaia DR2 3558490600713855744,169.876090165792,-17.6143806255035,1.97075767158104,23.0173123379857,-23.7395383972378,1.6454713767782,3.1724756,16.9587646157194,FALSE
1598,Gaia DR2 3558598868249345280,171.398611075154,-16.8783500954484,0.274916881034224,-1.68435254767485,-3.09883995805238,1.4453595335505,321.91238,114.05093374836,FALSE
1599,Gaia DR2 3558643742067479936,170.353500434483,-16.8579376927174,5.4807440426752,-158.536309993527,33.091747879444,1.59429934125962,0.9553048,29.1325733049286,FALSE
1600,Gaia DR2 3558642676915590784,170.408468629001,-16.8799606450432,3.36301357782764,-28.1966951930346,-33.7282253664713,1.6084592021176,1.1669676,19.6348016374379,FALSE
1601,Gaia DR2 3558808801953974144,169.520284584695,-16.6236590850968,1.38982344934884,-1.52946842986716,-18.1763129910525,1.66198433061266,7.882956,-7.07455744649041,FALSE
1602,Gaia DR2 3558761389810150656,169.248825326227,-17.1231397770014,2.15848051740056,22.0019126159998,-38.3365558374415,1.5824830146661,2.1363165,39.4821373538567,FALSE
1603,Gaia DR2 3558780837423919744,168.798886706468,-17.0007056712501,0.862583530379219,2.53012049046073,-13.0051583465466,1.50802794888041,29.291052,36.545559808559,FALSE
1604,Gaia DR2 3558600242638829056,171.024306671729,-17.0962679239892,0.626387962734008,-4.90440929489577,-1.59573483186593,1.51942209329697,27.43869,-50.8964574628289,FALSE
1605,Gaia DR2 3558727579829623296,169.893230752242,-17.0630780849739,2.62979078941179,-68.4578400593603,1.71558046482433,1.61273073360408,1.7827164,18.5496003232863,FALSE
1606,Gaia DR2 3558488848365480576,170.09713285979,-17.5908930585697,3.74759623906327,-43.7485585736648,-10.1047975201488,1.61669988726986,3.6482034,30.4701487558069,FALSE
1607,Gaia DR2 3558726033641395456,169.894841437368,-17.1216672636079,4.1029883077633,16.2073488388109,-26.5666367891624,1.64088647257325,1.478592,10.3863125398821,FALSE
1608,Gaia DR2 3558619793329847680,170.495410221983,-17.1425229746571,2.72651458451163,14.2924955407543,-18.471568693565,1.60547034686723,1.2685354,15.3744714932152,FALSE
1609,Gaia DR2 3558700053382054144,169.738555742841,-17.2614546820399,12.8129025891293,-198.544476447715,93.4960943211108,1.5265446552784,0.2836045,43.8966234936701,FALSE
1610,Gaia DR2 3558701462131328640,169.566913363883,-17.3182241526556,6.17736186871699,-52.6906727027515,-3.08626134326579,1.45935003753536,0.13281973,85.3506316920718,FALSE
1611,Gaia DR2 3558650510935941632,170.408333804012,-16.7623078068668,0.942915247097484,-17.9270046077354,-0.0404406515485626,1.54287986821729,6.961113,26.1692215424338,FALSE
1612,Gaia DR2 3558601651388127232,170.959715398841,-17.0263785375491,2.43788513494622,-24.1639134289595,-10.9068819739679,1.58671099214824,1.563423,30.563475756982,FALSE
1613,Gaia DR2 3558558564276218240,171.150624665004,-17.3066915514897,2.10518417082354,-34.9629503527283,0.664947190355502,1.606109472897,1.061057,-14.9383783562437,FALSE
1614,Gaia DR2 3558622061072585088,170.614480970372,-17.0573628566651,2.95040021619684,-6.08543808102802,21.6729119112155,1.58453754883395,0.5728126,37.4091586573398,FALSE
1615,Gaia DR2 3558868038143059072,170.611483400802,-16.4597655730607,2.41173901393797,-34.7541770812077,0.256831138527793,1.59504701906915,1.492448,17.7424413384248,FALSE
1616,Gaia DR2 3558627867868371200,170.643374446364,-17.0343778706907,1.49677001480343,-18.5747510080308,1.59406044020943,1.60975092985644,5.3993487,-10.4975618703044,FALSE
1617,Gaia DR2 3558632884388591488,170.57151295186,-16.929822984395,3.01877344054345,-60.8323794948034,-25.7337937403014,1.56615987287945,3.6110408,54.0296053208304,FALSE
1618,Gaia DR2 3558583234568371456,171.25502954766,-17.2028297493695,2.03799156563032,-2.23387652094352,-7.01233053999885,1.6673620427855,6.3282933,-9.2337607977956,FALSE
1619,Gaia DR2 3558528087188509312,170.330554021463,-17.2126164319371,7.57255257675793,51.9381787561382,-53.7916563844605,1.57002284132132,0.62512213,44.8334025347631,FALSE
1620,Gaia DR2 3558739330860151680,170.021042931826,-16.900723256106,7.21388854560887,-81.4876984411574,84.7442340603461,1.56318478121072,0.3559578,51.4546856561027,FALSE
1621,Gaia DR2 3558849728699073792,170.121762374703,-16.6158526199368,2.62677129789761,-11.4456943510234,4.74478871693796,1.60370239488596,1.2388134,1.75802928344256,FALSE
1622,Gaia DR2 3558580790730251776,170.852363500553,-17.0617495108413,5.50801726136398,-49.7044312171046,12.1181109046743,1.53983880764961,0.36581498,6.7786353498031,FALSE
1623,Gaia DR2 3558583990482613760,171.151803687342,-17.1940728896553,2.70051222378128,-59.1555829380388,12.6438424923408,1.61821098417408,1.21366,44.0547173338847,FALSE
1624,Gaia DR2 3558736307203175040,170.028764456633,-16.9158014172223,3.59118142040529,-18.8672552270561,13.1513268546671,1.65443932192261,4.4742203,-14.5015399244069,FALSE
1625,Gaia DR2 3558739296500414080,170.039636772361,-16.8981151818392,7.23913389527948,-81.704705672347,85.3938557911389,1.46573139105678,0.15836827,50.8202777162966,FALSE
1626,Gaia DR2 3558745206375409024,169.727107371894,-16.8905937672324,1.95977391236787,-39.2052800731113,-10.6193511566959,1.58881978068751,2.707933,65.8265550986423,FALSE
1627,Gaia DR2 3558843647025382912,170.194749225179,-16.6227075607994,0.293013424714603,-1.88825394010075,-3.59746429528564,1.48481281304638,60.767353,21.6296431126357,FALSE
1628,Gaia DR2 3558777298368885760,168.891595129126,-17.0461323317326,2.93006333774723,-30.0246914447726,12.3676660874111,1.36167672722654,2.8589396,3.17628867389094,FALSE
1629,Gaia DR2 3558887764929458688,170.234236335538,-16.3082138501647,1.06791362761102,0.29640413554939,-8.20165335565907,1.49012666051249,14.045996,23.0864375845807,FALSE
1630,Gaia DR2 3558521730636906624,170.412938441401,-17.3508214178007,9.31661947670855,92.7613459642395,-83.4897807192924,1.58855254915529,0.6037239,-10.891079788102,FALSE
1631,Gaia DR2 3558714243953997312,169.248448706238,-17.159733913558,2.6648507024183,-41.8959852267566,12.9276699962166,1.55934004005926,0.74720573,28.6959357283645,FALSE
1632,Gaia DR2 3558859005828438016,170.207498560546,-16.4741455093218,1.10751577231083,1.03079130141207,2.78102807611742,1.51611981870179,13.19262,44.5010852961654,FALSE
1633,Gaia DR2 3558675112508643712,170.625586858829,-16.6800739963117,2.31179618910241,3.50338110298704,-3.67094998709123,1.57409169433493,3.9043064,-15.0756604406862,FALSE
1634,Gaia DR2 3558797948573738368,169.540081817218,-16.7460943433641,3.23276365263277,9.01508256587922,-34.212276658065,1.57786880056294,0.5944604,-17.8861850575299,FALSE
1635,Gaia DR2 3558691330305637120,169.597703035034,-17.3995526888683,1.58636086862285,-13.7011434791583,-6.76026301266563,1.63067589738755,3.1959062,9.96092139496959,FALSE
1636,Gaia DR2 3558878316001450368,170.638622783338,-16.3103963068014,0.913566281237342,-3.46259316272731,4.1632640330255,1.54380393334157,11.612058,-10.101842126401,FALSE
1637,Gaia DR2 3558855909155417344,170.205058741002,-16.5733948827683,1.86234327455317,-19.0635221454868,-15.0965693871062,1.56270017491219,2.7312946,23.8118664818817,FALSE
1638,Gaia DR2 3558513827897008256,170.105974101419,-17.4749802403583,1.85577535472911,-34.7987183312486,-4.28313460889435,1.47134878134962,82.715675,57.9894154129852,FALSE
1639,Gaia DR2 3558811417591124352,169.294486012539,-16.770987381134,1.1136647494807,-13.6109907914294,11.5962866649361,1.5283464389873,50.154434,14.404340959784,FALSE
1640,Gaia DR2 3558874467710750080,170.636689070696,-16.3767255002969,1.97691720032337,2.23586671076103,-18.5129259717918,1.52442547349293,64.192894,9.978915821325,FALSE
1641,Gaia DR2 3558608935652646912,171.034844025591,-16.8168391436368,4.60805874988424,-16.5093588475108,-8.05090909129268,1.5996003818897,0.6683068,-8.48203368751899,FALSE
1642,Gaia DR2 3558651335569689216,170.558553681325,-16.742278055804,0.931023934180625,5.36783726125579,-13.0766943084404,1.51721664583762,47.288994,0.953727999332276,FALSE
1643,Gaia DR2 3558677380251379456,170.69622994656,-16.5978889322396,0.939538534647849,10.0392635421962,-6.91822273014303,1.52286860879731,51.52448,20.757037769164,FALSE
1644,Gaia DR2 3558524612560738304,170.362524532221,-17.275285565612,9.21026427795347,135.270539869846,-273.243174684793,1.55516129374259,0.2590587,159.673250685889,FALSE
1645,Gaia DR2 3558920269241835264,169.691019514809,-16.3423256939402,3.9230214909063,8.46814252060585,-19.7218433244928,1.59420821912144,1.3254302,-23.5715284798331,FALSE
1646,Gaia DR2 3558728129585430272,169.722521263691,-17.1401672162499,5.83026479761711,-63.2348458623599,6.37274018740032,1.61822106719585,1.7896206,3.18272905238293,FALSE
1647,Gaia DR2 3558627313816459904,170.734305402579,-17.0354597448096,1.66747672709068,0.528796569957205,-8.49176560420285,1.63629095263654,3.4483445,24.8096895749358,FALSE
1648,Gaia DR2 3558753040395739392,169.864377832613,-16.8226523843188,1.09132137321739,-4.62871918703335,-2.24785240517665,1.60619969698293,3.8341575,6.43914038281646,FALSE
1649,Gaia DR2 3558578664723074304,170.756913763121,-17.1384390102,0.459958156569846,-14.1676424006354,-3.20644963146563,1.47781907814538,125.40586,89.7537510621407,FALSE
1650,Gaia DR2 3558536161726900736,169.880631155881,-17.2335524126579,0.20636685695619,-1.91064729632547,-9.13927673730288,1.42084915192658,458.6493,94.2528386261677,FALSE
1651,Gaia DR2 3558608420256569600,171.026935270497,-16.871321924359,0.679512430052289,1.1566723463854,1.38723816341695,1.55531574619987,209.90833,199.586975182155,FALSE
1652,Gaia DR2 3558579695515226240,170.727403618271,-17.100102656187,1.40805369259978,-42.9919340887571,10.5395452157087,1.626375012178,3.5471468,36.2031545263802,FALSE
1653,Gaia DR2 3558916249152468608,169.936602484776,-16.2336701627787,3.07590210610979,-9.04310327584049,-30.7749558316625,1.4966112548363,46.899853,30.8808464416961,FALSE
1654,Gaia DR2 3558880411945494528,170.729782156766,-16.2397120054116,1.63836237653265,-14.025487517252,5.58362340776501,1.53812482113597,5.5404143,-7.95533001945213,FALSE
1655,Gaia DR2 3558720570442917504,169.37530475753,-17.1045286671635,3.21819629216811,-54.1550961577627,12.9257573173357,1.58539909121596,0.5552013,-7.59475234963162,FALSE
1656,Gaia DR2 3558510460642596096,169.814251483117,-17.3599385542058,1.52352043811103,-15.2343358406822,0.738069006813072,1.63281753394715,2.163148,33.9396698774932,FALSE
1657,Gaia DR2 3558510460642595840,169.814030846845,-17.3710553314913,1.2594263031919,-27.2706588621871,19.982702452534,1.61482385657934,2.7405894,18.7981866517926,FALSE
1658,Gaia DR2 3558932226430810496,169.801314009047,-16.1630436353679,0.394881461300953,-13.6120402343595,-14.3025080144227,1.56865584369886,75.07323,92.3761213070136,FALSE
1659,Gaia DR2 3558868111159147648,170.614775695002,-16.452742423552,0.664117438317748,-10.3066182825479,-6.82571212804693,1.51908730897352,85.52241,0.298320688531081,FALSE
1660,Gaia DR2 3558628898660573440,170.78651539145,-17.0030974998304,1.39659901696611,-4.22365872833835,0.792014467131699,1.61406971502242,4.0594487,-27.8432780309701,FALSE
1661,Gaia DR2 3558629654574819584,170.779637257723,-16.9639910793806,4.35296540752351,-25.8886227523713,-1.65603351548812,1.62513026866032,1.51986,9.14952268410683,FALSE
1662,Gaia DR2 3558478093769077120,169.844140917612,-17.7836239602207,1.71717104333669,-17.4553897539116,-9.02173897920816,1.63436503569616,3.9212832,18.9266124647109,FALSE
1663,Gaia DR2 3558553169797191936,170.70350508783,-17.4299603532845,1.87686171398341,-43.051081782984,9.43228383477683,1.60192567587094,1.8505721,31.3268546796411,FALSE
1664,Gaia DR2 3558905322755655936,169.722542942675,-16.4663628074148,2.48345158338962,-10.1151976299153,0.973143701740614,1.57784425938345,1.0554683,-12.7137610037287,FALSE
1665,Gaia DR2 3558705864474880896,169.303579222177,-17.394488374034,3.50272562485407,-39.126801776024,7.3806355075846,1.62187928654765,1.7350191,7.06640215277729,FALSE
1666,Gaia DR2 3558904772999839744,169.682058112228,-16.5089589096686,7.34144576967853,-19.5794591343209,-9.61180077338594,1.44380353854434,0.12397236,44.2110989981056,FALSE
1667,Gaia DR2 3558674803271003008,170.771656096905,-16.6048005578429,2.65963442926464,-27.7187931116771,5.74393450158397,1.66469313780179,68.14311,6.01859841420738,FALSE
1668,Gaia DR2 3558864778264522240,170.589238927754,-16.5665987275381,5.88065560905962,-39.9534619377915,0.178693593898747,1.61227098597327,0.8883435,7.8657900557891,FALSE
1669,Gaia DR2 3558865018782690304,170.549123797655,-16.5605871975257,0.518232851019423,-17.9226598832338,-3.65620335389178,1.54143991952926,24.165169,63.8165595483378,FALSE
1670,Gaia DR2 3558798360890542208,169.345142011156,-16.8530067351551,0.366438776616133,2.47966115158434,-1.89695135909023,1.53548515256188,40.066914,17.5966841879436,FALSE
1671,Gaia DR2 3558869107591556736,170.463812171446,-16.4996672949401,1.1058614163833,-28.3007804543396,8.49778769746369,1.55684128039965,5.505273,-19.1943648248218,FALSE
1672,Gaia DR2 3558706242432004608,169.284002131195,-17.3556598266299,3.21221622470176,8.82718446426452,-15.1162134183259,1.59565535604217,6.8569183,24.9018143021909,FALSE
1673,Gaia DR2 3558802724577385088,169.64653152695,-16.7532213039938,2.89268111801465,-49.7450153563978,-54.8459555028323,1.55450995147035,4.707733,8.54008217024801,FALSE
1674,Gaia DR2 3558555712417888768,170.847942089128,-17.3327564379032,0.959799357498529,-5.10989183700451,2.71665669691361,1.52758100621071,33.915283,11.3018182255811,FALSE
1675,Gaia DR2 3558554922143906688,170.879151359764,-17.3357264880156,2.31970685876087,-23.7297075457841,6.55871225396454,1.6158828261896,1.8461946,26.14891343059,FALSE
1676,Gaia DR2 3558614295771835776,171.1537977697,-16.7925495061653,2.08354106797458,-17.6758309222895,1.01679932564034,1.64344334939339,1.9100744,6.81394875370163,FALSE
1677,Gaia DR2 3558550489737654400,170.954492418253,-17.4290508559431,2.27924001669512,26.899659272843,-73.9477547874062,1.61357945015454,1.2261014,78.5356153300596,FALSE
1678,Gaia DR2 3558474142399263104,170.382774887119,-17.4193045430658,2.66921706788119,-19.1841594354758,-21.7031353409162,1.60829892089361,2.0146067,42.5770346677436,FALSE
1679,Gaia DR2 3558731359400818816,169.733958818642,-17.0322668573727,0.672388746676592,-2.19103078962474,-4.65786597766283,1.51446816825113,48.84572,-6.29280143346002,FALSE
1680,Gaia DR2 3558927278626921472,169.804384158723,-16.2457378550507,1.17994162846213,0.889247566986791,-4.52244167169559,1.30675197166789,1196.3177,-5.48123978016273,FALSE
1681,Gaia DR2 3558741323724942848,169.62848958489,-17.0608962985462,0.694190972560256,-11.6395060903213,-6.71027608463282,1.5063364571571,54.905903,42.2487243289264,FALSE
1682,Gaia DR2 3558775855261910656,169.27522347001,-16.8405926252749,6.25996801866573,-52.9769790256028,7.79884915807589,1.61205479255283,1.3449563,11.6750271201621,FALSE
1683,Gaia DR2 3558508914454342144,169.672905292578,-17.4499031643748,0.393947162843935,-2.94806299969996,-6.38773678274706,1.52468837263044,36.04243,10.6369102279753,FALSE
1684,Gaia DR2 3558544300688016128,170.04289378733,-17.1154215990932,2.0457507692061,0.291901638511808,-3.98101290463732,1.64465380535263,1.6989208,-8.45372973022269,FALSE
1685,Gaia DR2 3558536329228716160,169.8884396608,-17.213246837925,1.82839389848658,-8.3688724935382,-8.08231831176249,1.6246472633804,3.2724705,31.9611726201966,FALSE
1686,Gaia DR2 3558511457074982400,169.732205557614,-17.3521106835537,1.32796734095441,-22.7684987231476,0.712984423397798,1.64051796073571,3.6067734,3.6658246977189,FALSE
1687,Gaia DR2 3558500668117128576,169.534180805746,-17.5764273734644,3.36910512593576,-12.8880192998704,-5.73925228257586,1.50435227574102,44.429523,6.90510995895579,FALSE
1688,Gaia DR2 3558543544773772416,170.111664272485,-17.1486738549226,1.05078814939612,5.91631941325928,-1.46592208300888,1.51094447397188,24.571665,12.7771959164306,FALSE
1689,Gaia DR2 3558521558838212992,170.370860032798,-17.3813490783406,2.78064144854872,-10.8574229752086,-16.6767099187674,1.65291599703732,2.571967,6.55359412985413,FALSE
1690,Gaia DR2 3558566741893891840,170.677976516418,-17.3141785846443,3.93229087599962,14.8938694514335,-28.5372416051097,1.63075646920488,7.495452,3.55051907923365,FALSE
1691,Gaia DR2 3558727854707499904,169.743494465732,-17.1657102240137,0.864596058684818,-10.6325878193453,1.43307270568491,1.60460326697218,9.370068,1.3475495071047,FALSE
1692,Gaia DR2 3558697034022173056,169.621780718702,-17.4000473789137,3.90207546244933,6.12226692740072,-18.3463269258803,1.52487250168728,0.29609472,-2.26675041212252,FALSE
1693,Gaia DR2 3558520970425666944,170.159678411962,-17.2765786326561,4.21028106496065,-18.7947431714711,-1.996252028005,1.57627308442173,0.54971755,-1.07242454119355,FALSE
1694,Gaia DR2 3558529182403135104,170.277325060861,-17.1757145561028,2.56752630797984,-11.2743194904577,0.976920824476462,1.61591905129193,1.5369625,3.33762608679398,FALSE
1695,Gaia DR2 3558701706946592512,169.51828149178,-17.301675990594,2.16765857779432,1.14452809266346,28.8004454321655,1.53991939273741,35.567387,-8.48670320183131,FALSE
1696,Gaia DR2 3558728851139913088,169.69120484291,-17.1342954686357,1.78472982582049,8.69389014738405,0.319334014371082,1.59857730703374,2.5986564,-12.3542677971221,FALSE
1697,Gaia DR2 3558824233773551616,169.534941618103,-16.4567129432661,5.06248886331959,-4.46667393359507,-21.1921207907558,1.60359043607128,0.89914477,30.7038216389889,FALSE
1698,Gaia DR2 3558499362447068288,169.500585349549,-17.6188195209243,0.65237283102044,-9.19905361471413,0.262041804102034,1.51183645887263,47.787415,14.6227648028752,FALSE
1699,Gaia DR2 3558666728732535040,171.005862240824,-16.6602604093704,2.53851991815054,-52.8116351279953,-13.5806765532922,1.56504103356655,2.316366,35.3961661812969,FALSE
1700,Gaia DR2 3558901921141600256,169.875230241196,-16.5084073716545,1.97276602191344,-15.3150788993057,-8.0016535696068,1.59919995472167,0.9167918,62.639009469714,FALSE
1701,Gaia DR2 3558697274540341504,169.597421721761,-17.3904656275406,4.16848214137596,-60.9822100498025,-22.4739711070376,1.60650901471856,0.81181604,13.8284693927471,FALSE
1702,Gaia DR2 3558682259334283648,171.022037136273,-16.4879484110177,0.89749616451686,-31.2980309083003,7.56531906530869,1.53890126813778,37.771908,34.0949818232212,FALSE
1703,Gaia DR2 3558766097096205824,169.153660044347,-17.0233321966703,2.88099759716348,-15.138303030737,-9.12124348678594,1.61673386286448,0.9988129,-9.09812241475349,FALSE
1704,Gaia DR2 3558899996996249728,169.867946444258,-16.5670613087172,0.325682320273707,-5.9416987070986,-3.38470882513316,1.50349523537724,65.59877,58.3176709534497,FALSE
1705,Gaia DR2 3558762661122367744,169.179382034682,-17.0761553597037,2.95655132460895,-27.7353351278557,32.0710757342723,1.63794052432619,1.5553902,9.16445813987822,FALSE
1706,Gaia DR2 3558500461958697216,169.462254316838,-17.5755232120025,4.6343599249684,-12.1263121956256,-29.9809530026328,1.63470938483772,1.2856162,16.4568497962252,FALSE
1707,Gaia DR2 3558822309628200320,169.554652306158,-16.5415283245302,2.18886165571769,-4.42242145629558,4.16964735909296,1.6125375057796,1.3997918,-11.4573696838316,FALSE
1708,Gaia DR2 3558654977702002688,170.836782688813,-16.8258660556446,1.62220739814406,-15.5403751707857,21.3738936167494,1.62636746954291,2.7963843,0.424732857240723,FALSE
1709,Gaia DR2 3558515099207395840,170.312282202411,-17.4366296587911,2.58441675622353,-44.7918815288583,22.414476867052,1.6240054069288,3.2446756,-6.1966922033529,FALSE
1710,Gaia DR2 3558863025917775104,170.100977889126,-16.4333531892908,1.43767362239847,-12.6431926928951,-11.3621048028769,1.62359557759516,3.8491826,82.3450512774145,FALSE
1711,Gaia DR2 3558497644460172160,169.746812129968,-17.5929414228142,0.978712053213081,-9.3941902912432,-3.97363361774817,1.5121350226404,26.798712,-4.52963957502184,FALSE
1712,Gaia DR2 3558493864888958848,169.898060992228,-17.50524908564,3.8314348819455,-19.9110977708644,6.62260460883377,1.64771230441088,5.846518,27.6447383717584,FALSE
1713,Gaia DR2 3558527296914461056,170.264417991476,-17.2245405603171,0.891285339396125,-7.01281482377288,-0.931684324801912,1.62196215628597,8.677447,-11.2332893564477,FALSE
1714,Gaia DR2 3558661471692559488,170.841555634645,-16.698645567384,5.03558893587809,59.1790681661332,-80.0630683031698,1.53046792914731,0.22103176,-21.60211272343,FALSE
1715,Gaia DR2 3558467785847661184,170.328604439017,-17.4775433053922,1.75495088115515,1.54613636946906,-6.88893033928153,1.59743381183267,1.3424122,16.9051162756588,FALSE
1716,Gaia DR2 3558775271146355840,169.212485573219,-16.8920756075739,4.13030741432263,-55.4320416087004,11.5829751042277,1.66106627401245,0.83766025,42.4586192333042,FALSE
1717,Gaia DR2 3558846842480989056,169.955175768299,-16.7484821435918,0.586997009744361,-13.5830850860205,4.93246413754012,1.53708892894906,14.381465,-43.1633066594945,FALSE
1718,Gaia DR2 3558496304430369920,169.639283552179,-17.6444078671964,3.4348952342684,-17.8838318452335,-13.6029918622464,1.6683233720028,6.922302,17.9529924956804,FALSE
1719,Gaia DR2 3558526850237859456,170.175646239563,-17.2707785836174,3.54311644462925,-21.2750614634933,7.52467876923226,1.62016848230393,1.5604534,16.8582787144576,FALSE
1720,Gaia DR2 3558812482742982272,169.225568219176,-16.7313771339748,5.60843259778171,-3.97135394572469,-53.1231193230714,1.58186335665926,0.5470628,36.8365553678288,FALSE
1721,Gaia DR2 3558486718063455488,169.990321412595,-17.6656473678949,2.91138497673345,1.37646436116961,-14.4916890797533,1.63054839334122,2.9046516,-2.62142379205417,FALSE
1722,Gaia DR2 3558707857339710464,169.259832397481,-17.288011456145,5.88012553101803,-36.6876361866751,8.44251686961347,1.56093599292655,0.40328863,23.4870471930956,FALSE
1723,Gaia DR2 3558785957024957696,169.148068838312,-16.8467516332326,0.275415978969397,-6.72860192149518,1.09188650486822,1.50209736113216,50.82851,120.383466136754,FALSE
1724,Gaia DR2 3558818736215370496,169.304910873938,-16.564865767584,3.01263854848658,-20.2790985535613,-0.265914834478178,1.58303597743091,0.57346576,-2.89641118081652,FALSE
1725,Gaia DR2 3558818770575108608,169.29059351907,-16.5623460620713,1.80970028873919,-7.56026488291199,11.1264620296668,1.6050387839008,2.0984604,18.6414999716054,FALSE
1726,Gaia DR2 3558910889033327104,170.107022824801,-16.3410167074223,2.7866588960553,-9.78120303707707,-6.2628153943605,1.5898020613731,2.4838026,-23.8162825113829,FALSE
1727,Gaia DR2 3558816674631066240,169.24234586187,-16.6308439782626,13.1555904902238,-51.9703408428605,-15.3110728618437,1.62603423147923,0.34615362,40.6291256483083,FALSE
1728,Gaia DR2 3558801453267000320,169.397683405919,-16.7479921610747,2.5190032148421,-35.7104826671742,-1.473766429723,1.62062005068892,4.6454806,20.6522319513175,FALSE
1729,Gaia DR2 3558854126745531520,170.027058513955,-16.5349319046255,5.66999961272754,-46.1933195068816,3.44535721287539,1.59776361059377,1.3297305,49.7911594513119,FALSE
1730,Gaia DR2 3558747611557024640,169.638364751172,-16.9276099717236,1.04247539373944,-14.1455062242233,-22.962441185832,1.51614622921317,43.637035,-4.64137838498876,FALSE
1731,Gaia DR2 3558792107418128256,169.138656549865,-16.7427526183823,1.24236296652619,-10.2620225620545,2.92462099920505,1.57556901367904,8.484399,-33.8844988758176,FALSE
1732,Gaia DR2 3558792519734989440,169.129106543691,-16.702207084973,0.551851846614835,-2.68650154192357,-7.81395676691121,1.48723876209275,64.37012,1.60648238763169,FALSE
1733,Gaia DR2 3558793550527141760,169.100154592266,-16.674072049097,1.83130110367517,-25.66014961265,-12.9346434406759,1.60458935763319,2.1702318,13.2100352484213,FALSE
1734,Gaia DR2 3558659405812093824,170.773246346663,-16.7473188535956,1.15552511300123,-12.556917266471,9.97474395452536,1.63945176269638,5.8689704,-0.182742067733304,FALSE
1735,Gaia DR2 3558819251611444864,169.218527515266,-16.5760420101794,0.255247083376596,0.41206553025157,-7.63203958193002,1.49053301986558,387.13187,184.454922327603,FALSE
1736,Gaia DR2 3558770701301151872,169.329152778908,-16.9679778921776,1.15881659246108,-18.3730333195712,-8.12716132405916,1.61587299719904,2.9349413,5.22791782294514,FALSE
1737,Gaia DR2 3558711636910882176,169.150822834095,-17.2647159386789,2.27505096673386,-45.3551663480782,7.22437479121806,1.62963056181075,2.5442805,24.1245358652324,FALSE
1738,Gaia DR2 3558768158680509952,169.311487637873,-17.0273961489186,2.71503626900413,-20.8421985573326,-4.43172026294175,1.55709098169691,0.6385339,8.2953043852337,FALSE
1739,Gaia DR2 3558937483470835840,170.283455150958,-16.1830308450851,2.63790166563155,-14.1308789715277,-10.9209498474008,1.64015894407668,3.221862,-8.70988461417715,FALSE
1740,Gaia DR2 3558593989165368832,171.476617515364,-16.9904177478068,7.24362544554357,-80.0963514490063,-26.1331841694212,1.5514714876206,0.27476767,-7.4575669003573,FALSE
1741,Gaia DR2 3558645318319358592,170.444333714268,-16.9003688419521,0.613326365834346,0.135254338437286,-7.37291777231835,1.52239789257845,20.013115,16.2935661373306,FALSE
1742,Gaia DR2 3558835469407644928,170.162991983998,-16.7891055913318,2.23168226506759,-21.378723168089,0.537029807413294,1.61863295977703,3.3135893,-8.02605172267024,FALSE
1743,Gaia DR2 3558643222375317504,170.326956348959,-16.876242274662,1.31903196228286,-13.4891191644079,-10.2290069897978,1.64280834926713,4.941427,16.3860110975377,FALSE
1744,Gaia DR2 3558794203362249728,169.452840900785,-16.8972673240269,2.10925792708581,-32.587217223981,6.49970352217173,1.6077360088306,1.4470704,34.8279921964254,FALSE
1745,Gaia DR2 3558595496698270720,171.449953673257,-16.9320231791892,0.346544388272804,-2.00483959290369,-0.35547435465732,1.49145548663177,678.9142,225.057509001445,FALSE
1746,Gaia DR2 3558829422093689216,170.203633511565,-16.9026537698856,0.470537411641181,3.76803703567953,-4.83386487652091,1.4892213412983,125.15731,9.49533957784263,FALSE
1747,Gaia DR2 3558754930181348480,169.741893089756,-16.8069593742845,1.13755884577293,10.8376398493251,-6.87402340666677,1.56126424191338,4.810921,11.3895475965187,FALSE
1748,Gaia DR2 3558853130313157376,169.967022982184,-16.6233650198015,2.27073071099681,-34.8139666340847,2.77084677361008,1.62390053871728,4.4348493,16.6564629466376,FALSE
1749,Gaia DR2 3558676005861844352,170.643703209816,-16.6119551160564,1.22517924740717,-5.74149142310318,-8.94013340693532,1.59815588249327,17.436764,29.9708625113866,FALSE
1750,Gaia DR2 3558804442564294400,169.6233389557,-16.6817457691215,3.17005526446927,54.2736578584724,-49.5369824654569,1.59291437975266,0.6483379,1.39296757829597,FALSE
1751,Gaia DR2 3558708956851342464,169.398117351473,-17.2574245896412,2.27281372838765,26.3456255778676,-110.665353178958,1.65073857640241,1.3543555,186.282042812051,FALSE
1752,Gaia DR2 3558616868455533056,171.184429128799,-16.7236818071981,2.71272391277522,0.944037157847318,-5.61405323255833,1.63734684449282,1.5585412,-10.9341678042769,FALSE
1753,Gaia DR2 3558803411772142336,169.64829086903,-16.7198626196509,2.18341975754044,-7.53978061296023,-7.28158511884681,1.63918102027416,2.0770538,1.38214066565982,FALSE
1754,Gaia DR2 3558675937142366720,170.641201652834,-16.6278685755391,0.733380428409854,0.28155768354788,-1.73671732902872,1.48764920742084,89.37598,93.2499787014846,FALSE
1755,Gaia DR2 3558709609686370944,169.3719679558,-17.2532337612293,1.65419429658685,-27.7298738356459,3.51769737071093,1.64693531312463,6.747537,21.4524613939013,FALSE
1756,Gaia DR2 3558646971882913792,170.634949256383,-16.8229307852431,17.3545589432642,-74.2456635913779,-34.1790947195839,1.35385463672448,0.044676162,13.2237499688327,FALSE
1757,Gaia DR2 3558703493652946688,169.538348385748,-17.1988241954109,0.428195455344997,-2.34041842885407,-2.14533797889711,1.5137906757501,53.12164,-34.0169535457172,FALSE
1758,Gaia DR2 3558805851313568256,169.66554568495,-16.6635742956042,3.85389145579521,-19.6881789972154,-3.45642923336404,1.56627037436998,0.5883885,10.2454028869744,FALSE
1759,Gaia DR2 3558687928691067520,170.824712627989,-16.3786715631628,1.43047349732134,-4.08135015472201,-4.69868232934698,1.6352033873932,4.358972,1.10151265137937,FALSE
1760,Gaia DR2 3558687516374205952,170.802714123024,-16.3993520447296,3.88020072844647,8.30576555833454,14.7933162684309,1.62556271294617,1.2571367,-18.1731108926085,FALSE
1761,Gaia DR2 3558720536083130368,169.322570404873,-17.0810232504931,4.72557327459509,-30.1504765110527,-4.84597561873102,1.63086751702886,0.63538945,27.898621879082,FALSE
1762,Gaia DR2 3558797673695830656,169.56356900383,-16.7675689074595,0.248047820616764,-2.51743668303038,-1.84156820043678,1.48745731339155,162.32664,-20.1888317437788,FALSE
1763,Gaia DR2 3558715347762681856,169.470042908442,-17.2048778021743,1.50680545922735,11.5890326085142,-2.65770345178392,1.61732620733592,1.5135894,-0.187896949070558,FALSE
1764,Gaia DR2 3558887112094430464,170.283306078989,-16.3062404130724,0.425934245540817,-5.3039273128705,-6.76532157942976,1.48089375349872,76.32597,14.9570200674124,FALSE
1765,Gaia DR2 3558635804967909632,170.340430237902,-17.0488387988257,7.80333955148811,-57.590431653748,-56.0079734406808,1.44829944586236,0.109737694,25.6923569956187,FALSE
1766,Gaia DR2 3558564336712229120,170.997160303643,-17.1682582678267,0.354104018770612,-5.12926104322105,-4.62776010446549,1.49526322199445,247.48672,216.836829533549,FALSE
1767,Gaia DR2 3558564336712229632,171.002132760997,-17.1629408506141,0.330406234147336,-6.76581823486289,-2.20116568949753,1.43518385941318,182.50357,13.2821471438206,FALSE
1768,Gaia DR2 3558682426836337152,170.959822698814,-16.4831369894938,1.98304830760585,16.7181920113209,-9.72038315619796,1.6036396572127,1.7206403,56.7969791428643,FALSE
1769,Gaia DR2 3558490291476209024,169.883652365945,-17.639524188321,3.55218819034205,-53.3959388619992,-12.1461092403056,1.62144591408224,2.2438185,73.8516340669432,FALSE
1770,Gaia DR2 3558784750137809152,168.931500947734,-16.827758404451,2.5485508507643,-54.7108105359736,33.2452705234755,1.60779680435384,1.5851852,32.7955861446169,FALSE
1771,Gaia DR2 3558780420810775680,169.000455800117,-16.8934943441074,1.61436298811139,-1.17964191153744,-13.8089579190405,1.63172121497385,3.5362473,-16.4487477322414,FALSE
1772,Gaia DR2 3558513759177531264,170.123045196782,-17.4868034024633,2.58592687197466,15.7957310586886,-42.0864454412165,1.57298538612166,0.7422206,69.1216375555531,FALSE
1773,Gaia DR2 3558764138591078912,168.99732081029,-17.1245270042316,0.283215167162589,-2.53089950663577,-4.00109637856767,1.49971814457656,88.98628,53.7284175987848,FALSE
1774,Gaia DR2 3558649892460650624,170.399042963987,-16.783749296235,2.10711949080262,3.18526229333083,-23.2051878018354,1.5963100682891,2.6738222,66.9989945486043,FALSE
1775,Gaia DR2 3558694968140777984,169.474337883697,-17.3716674398206,2.9293588173363,-20.6994854562438,3.55025697904989,1.57931723043092,0.8051958,13.789857651882,FALSE
1776,Gaia DR2 3559023107939141248,167.601628607317,-17.6656854470612,2.00947174246057,-50.1331675098541,1.70805986155907,1.5712506560089,1.8479491,38.1808336112302,FALSE
1777,Gaia DR2 3559080007665750528,167.27379979481,-17.4426683063265,1.87761206920626,-18.0635891304018,-6.90452455703728,1.61019280139027,1.6494336,15.2510695294354,FALSE
1778,Gaia DR2 3559076262454264832,167.301555287205,-17.5346840454033,2.3726525467656,-24.1266871811863,-6.64189972900992,1.58669795626179,5.7433004,66.123178481803,FALSE
1779,Gaia DR2 3559092961287115776,167.183971837647,-17.3866242668409,3.25908244846811,18.5588636256748,-22.2403940618116,1.53803433202628,0.58194095,-1.21668167472628,FALSE
1780,Gaia DR2 3559018980473572864,167.836605247728,-17.5667655823005,3.13570279106708,-12.0225322210501,-43.4526220178748,1.60663233996667,0.7315589,1.27444849542566,FALSE
1781,Gaia DR2 3558962119403203584,170.126591800246,-15.9493903289921,5.6865968465887,-43.1043275222544,14.0731307054491,1.51032102262431,0.23270118,9.61411279570885,FALSE
1782,Gaia DR2 3559031285556882176,167.688558255415,-17.5501112897478,2.48823016989087,-35.3543199626234,-14.2675606941596,1.60194250378698,1.1758963,25.748431309997,FALSE
1783,Gaia DR2 3559069527945546880,167.128722394793,-17.4148447282376,0.876767758373313,-7.34465046099591,1.50059970611708,1.51349214026145,44.095844,-6.33584678441015,FALSE
1784,Gaia DR2 3559082515926659968,167.394079139359,-17.3473413800647,6.45180609758186,6.27270271295534,-26.2592543098809,1.51763359199212,0.220481,-15.4053259739701,FALSE
1785,Gaia DR2 3559250191450013056,168.016482237564,-16.4142541379402,1.79686769863746,21.8193870270427,-35.2882576312979,1.57767105120153,2.537714,11.1279145051929,FALSE
1786,Gaia DR2 3559247339591725184,168.010828668478,-16.5025083929003,0.765592310898579,-34.4456203649026,8.20957444752819,1.56866236354421,54.02542,253.814563171877,FALSE
1787,Gaia DR2 3559248679621522432,167.930141642886,-16.4493923481721,2.85022068557681,-57.4477080042066,0.770302164259394,1.62264836205705,3.4869645,27.080738901362,FALSE
1788,Gaia DR2 3559098046528340224,167.092568784886,-17.270564867983,1.0968755992283,-11.8946181181478,2.01333283343247,1.6001935149697,7.4187546,4.86674069000667,FALSE
1789,Gaia DR2 3559052863472435712,167.26841335201,-17.5341078038515,5.50701697779048,-18.5043317148899,0.046008640063427,1.60034658889211,0.6810639,0.617998716286511,FALSE
1790,Gaia DR2 3559101134608236800,167.188535310673,-17.1641608555802,0.773137954415321,4.25565115381441,-9.94193596496838,1.54777671255308,53.368057,54.8168675063224,FALSE
1791,Gaia DR2 3558966998486056832,170.090025847724,-15.8304645474933,6.80057516865813,-30.7688440109799,-13.3289591136067,1.58584623104935,0.669035,-8.24157526127345,FALSE
1792,Gaia DR2 3559102891251518848,167.315396157745,-17.1801872044674,4.36465343653748,-40.1602340858307,-1.21833728489235,1.52863494837488,0.2700447,53.5491224117346,FALSE
1793,Gaia DR2 3559088150922412416,167.575794791608,-17.2366408655059,7.1434515538115,-34.7139050785827,4.57355420533111,1.60160208988889,0.5705031,-19.1875219679847,FALSE
1794,Gaia DR2 3559143263944242944,167.942079861501,-17.0591473167676,4.88261434007578,-43.4286123355157,20.8739834415825,1.59249974816477,0.8111398,8.64327251481184,FALSE
1795,Gaia DR2 3559092926927378944,167.205731698673,-17.384075596485,0.639674128485559,-16.3109284849917,2.97968566535539,1.53558244029054,15.836481,16.5305721286689,FALSE
1796,Gaia DR2 3558981498295963776,167.616490799075,-17.8981035216627,1.16817322663473,-30.6103557409628,-20.2538042174107,1.63089218104046,5.2710814,72.7171221791823,FALSE
1797,Gaia DR2 3559104677957920256,167.447470154392,-17.1052604515662,4.47971894817065,9.55078911248151,-9.53969490964183,1.56078604807881,0.7856582,-12.1751613836527,FALSE
1798,Gaia DR2 3559011563067052160,167.727968160243,-17.6936925872001,1.79639296986077,26.0273372872209,-9.07326621156303,1.46934437058107,110.93929,16.3373404613952,FALSE
1799,Gaia DR2 3559208203849731200,167.651021049997,-16.9081087669826,2.20861552053715,-19.4386015109134,17.9200457554335,1.61979855921606,3.268914,-1.10130058243163,FALSE
1800,Gaia DR2 3559109282162861056,167.308590664091,-17.055043725136,4.28910957298354,47.6868280473518,-14.0400391643522,1.58701982698806,0.53679883,-27.3231598497072,FALSE
1801,Gaia DR2 3559120376064355456,168.206985932502,-17.3598733979489,0.536862389421203,1.76081840999361,-8.03286538531595,1.49467853720978,101.3787,-23.6650056918154,FALSE
1802,Gaia DR2 3559068187915688576,167.027510279069,-17.4686987242652,1.58253251273319,-19.84012935645,-3.04952534196447,1.54719449695467,1.9889097,15.4228851924519,FALSE
1803,Gaia DR2 3559189202914413568,167.726574296741,-16.9861024125119,2.3686316101596,-15.8391852615307,-2.07717607584892,1.59304865857305,1.2676791,-12.431536789901,FALSE
1804,Gaia DR2 3559044720214356608,166.868879768219,-17.7757736205938,1.26374695858004,-18.9646610148058,-1.59348154112898,1.61433527001643,4.3274007,-9.03544752896137,FALSE
1805,Gaia DR2 3559074235229645440,166.98073416088,-17.3525345604322,6.04523859850596,-37.9141918307611,-13.7368212141016,1.58015737999781,0.615519,25.0986655105611,FALSE
1806,Gaia DR2 3558979230553225088,167.541793446915,-17.992189105273,4.02595820415242,-10.6678469836451,0.193734103707135,1.6211571232272,1.3714921,-21.0263360858346,FALSE
1807,Gaia DR2 3559163467470478848,168.192376823508,-17.0782208601286,1.4190165809246,-2.08517462122576,0.801540893059805,1.64067270578677,2.987403,11.4634833845684,FALSE
1808,Gaia DR2 3558994314476547328,167.161134361793,-17.8307283389343,1.33940103982937,-3.97648597233045,-6.60193418739775,1.52101284601756,46.524403,-22.7310391206482,FALSE
1809,Gaia DR2 3559231942132760576,168.277373192564,-16.5778198549048,5.62516692569508,16.3285768727137,-15.5502481919488,1.53147127507331,0.21620402,38.5586378242153,FALSE
1810,Gaia DR2 3559196968215323520,167.909092404723,-16.8785479853768,0.411255028125048,-7.16316007575392,2.72530167240115,1.48924802370023,37.827713,128.403019629276,FALSE
1811,Gaia DR2 3558984109636075392,167.405091475162,-17.8979475234033,1.62031236153463,-2.40261657381409,-29.9110005859856,1.55676017962037,4.40921,38.6690783386523,FALSE
1812,Gaia DR2 3559027677784314624,167.44583740097,-17.5765687098986,0.56762020085941,-9.31550411694757,1.19739089042325,1.51582809064693,31.3554,14.6040411197953,FALSE
1813,Gaia DR2 3559189752670252544,167.888293854632,-17.0677419249832,2.24027316755287,-10.7512993463433,-4.47657908916863,1.55372671763922,6.886505,5.29426535292645,FALSE
1814,Gaia DR2 3559212666319632000,167.547592368455,-16.8267156749483,0.318632687205877,-10.1875823947948,-4.24686440504233,1.50533738590908,107.9045,164.213454724164,FALSE
1815,Gaia DR2 3559165288536620160,168.220023725425,-16.9650093655584,0.438463057165792,0.89153061898282,7.6840034314556,1.52175062968039,17.377703,66.6048798888339,FALSE
1816,Gaia DR2 3559079522332808192,167.433290237839,-17.3640295117553,1.93485659906155,-34.5339039480609,-19.5950372790756,1.55855373657926,2.727266,13.8013894846549,FALSE
1817,Gaia DR2 3559168243474120192,168.211844631601,-16.9589921502847,0.852439763869453,-21.057505463086,3.18435669077102,1.53729784351824,16.27464,48.0385920538682,FALSE
1818,Gaia DR2 3559191711175345280,167.958408439329,-17.0184580682764,2.01654977469296,-29.6729781869452,13.9345046137077,1.56273578924473,7.4396343,20.3659238761951,FALSE
1819,Gaia DR2 3559168483992288256,168.180420212965,-16.9487262224152,1.67119422943855,-18.2298368644114,7.89108898933507,1.53007723301014,5.909119,15.3844003776996,FALSE
1820,Gaia DR2 3559225177560608640,168.213664491365,-16.746345785649,4.87169119163224,-10.8448303929818,-16.4040858668847,1.63895511085646,3.110189,-13.9006398577339,FALSE
1821,Gaia DR2 3559042280672989312,167.075721685117,-17.784254306012,0.982270927189092,-17.3590237463203,4.60284516354502,1.52871074851748,17.640932,50.5832953904846,FALSE
1822,Gaia DR2 3559179852769395200,168.3730841827,-16.7135108156816,0.806243758345114,-0.570204838229389,-6.65191260925308,1.51203271463494,54.309875,-1.61264339513101,FALSE
1823,Gaia DR2 3559061728284866688,166.891098996079,-17.5462563895759,1.51427691056324,-20.9014317645462,0.418336301600902,1.53586779083313,4.661961,5.70124798845089,FALSE
1824,Gaia DR2 3559055818409932800,167.173971811041,-17.5262583521973,14.3781839553137,-109.530819731247,42.0695075461366,1.58973780519291,0.40240353,30.5498870905896,FALSE
1825,Gaia DR2 3558943187187408768,170.151715150772,-16.0334488279412,1.02929613248962,25.909275902819,-6.476280793007,1.53016650942504,36.48826,51.6300558568506,FALSE
1826,Gaia DR2 3558941331761532032,170.14118627324,-16.1379544674319,1.83071585758982,-19.2808655955285,-1.41705396999287,1.52717192802487,12.139055,26.3369023987656,FALSE
1827,Gaia DR2 3559222050824340480,167.964048188613,-16.7722866290094,1.1388503358014,-6.12800577182489,-2.75795441154611,1.63207757157988,5.55714,22.7432685801811,FALSE
1828,Gaia DR2 3558973075863566848,167.425335337566,-18.0503487800087,3.02755972120714,46.67667068772,-3.81927455875559,1.61124786138539,0.9045873,26.5268679801099,FALSE
1829,Gaia DR2 3559174634385516288,168.480142376262,-16.8125664950503,0.820453273726908,-10.5945951862841,-6.33143073018982,1.51502908950273,31.039623,-32.4456400859394,FALSE
1830,Gaia DR2 3558956381325377536,170.070651965207,-15.9598366160145,0.982847196003232,-13.7788211739553,-21.0643726394623,1.53005103939897,46.026855,63.6556772810117,FALSE
1831,Gaia DR2 3559060044657679360,166.880112301655,-17.6386688516351,2.3432987340893,-31.2670142332113,-42.8999155840276,1.59887900521958,1.141428,11.9887596418161,FALSE
1832,Gaia DR2 3559061728284866560,166.891370604382,-17.5486228626264,3.7201982492373,5.87238710211438,-7.72355580896976,1.58413934520688,0.5392813,5.16431465059484,FALSE
1833,Gaia DR2 3559149448697277952,168.47292994964,-17.1012585392422,1.2857125344054,-6.48419882811636,-2.89954337219023,1.53636866338124,3.8152292,17.7471802968218,FALSE
1834,Gaia DR2 3559045716646773504,166.885659452739,-17.7286422532151,2.75683719092472,-13.5499611473974,-8.44395261904889,1.59756571587925,0.69975287,-19.8928600816458,FALSE
1835,Gaia DR2 3559122888619507968,168.277465240693,-17.256364043815,1.41886880058531,-32.518638477191,-11.4466224055057,1.32774201173257,1219.8162,84.0865299955204,FALSE
1836,Gaia DR2 3559054890696988800,167.072431115471,-17.5582658883616,2.39163547865168,-26.3059427588409,18.820408996379,1.60936032489206,1.2985182,38.7177917576043,FALSE
1837,Gaia DR2 3558963081475929088,170.231497228346,-15.932790798494,2.52378639736862,-34.2535627255394,-5.36782006123003,1.57425821149281,0.74372375,29.4618617247916,FALSE
1838,Gaia DR2 3559120689596249600,168.196075342521,-17.3267427374977,9.84893218824279,-5.90489431561676,-70.9377701410075,1.38527670859287,0.1472462,-21.8335894623688,FALSE
1839,Gaia DR2 3559050320851780480,167.134589538886,-17.6367041240194,3.39065489777167,-7.07998193433763,-16.3122713809858,1.63886332524526,1.5962112,18.9235531440804,FALSE
1840,Gaia DR2 3558963253274623488,170.266858280535,-15.902256054342,3.45704097114794,-62.7269253029953,-2.02984200518434,1.55101387527471,0.4142801,19.3001822659846,FALSE
1841,Gaia DR2 3559179547828062336,168.440029049684,-16.7048370492847,0.309851379302633,-4.93909644193472,0.075334358915689,1.52599185144584,58.726913,20.3623082463926,FALSE
1842,Gaia DR2 3558963768670700800,170.291104511797,-15.8674322040615,3.13426025219208,-30.9614610722718,8.28163100067141,1.61397053346007,4.141705,13.9657782733309,FALSE
1843,Gaia DR2 3559084508791558400,167.561689052434,-17.3760387680479,1.88348295391557,-3.39589843026257,0.18930907671188,1.51309825211221,9.602336,-12.0257299950049,FALSE
1844,Gaia DR2 3559243250782931584,168.087339300359,-16.554961732776,0.757560231142704,5.36234284424686,-7.63252969704384,1.48728730088454,86.32339,19.0084702730252,FALSE
1845,Gaia DR2 3559076533036071040,167.277881317449,-17.521198104631,3.23436956890582,33.8098225237279,-29.9352116203804,1.62652590121686,5.917634,-9.95375674773458,FALSE
1846,Gaia DR2 3559208478727565056,167.625267406957,-16.8929890823444,0.964168746291315,-3.52958515716396,4.18624764817861,1.53409067414347,58.358204,21.9177598153467,FALSE
1847,Gaia DR2 3559036680034286976,167.562602651274,-17.4565807475556,0.86217449949736,-12.6436582191522,1.20009788897064,1.54372912181354,51.101112,-61.5178753102212,FALSE
1848,Gaia DR2 3558962974100860672,170.155957056513,-15.8878538183408,2.75153489208014,4.998677706896,-32.8319401749817,1.55764960396541,9.225322,-9.3684810520162,FALSE
1849,Gaia DR2 3559168685853658880,168.080230751447,-16.9713302665471,1.92073706199577,-0.868939793869634,-0.533152246253677,1.63127972395888,8.043355,3.28407111086091,FALSE
1850,Gaia DR2 3559003930908904064,167.32732613655,-17.6551491709868,2.18770443849697,-6.4710847824156,-25.0876543761724,1.63109748806586,2.2101512,31.9800811948809,FALSE
1851,Gaia DR2 3558969296292719360,170.17976668756,-15.7419342638188,1.99641237918312,-30.0721751360382,-9.10663547825042,1.55868413790569,2.3592658,27.4954928494428,FALSE
1852,Gaia DR2 3559084336992865152,167.507189306303,-17.3785288344272,1.98744368099416,15.1596645500181,-20.4649078180923,1.62011046911982,1.7011964,7.95902137534604,FALSE
1853,Gaia DR2 3559154701440146048,168.548669766745,-17.0664205242166,1.79644928836864,-16.8818056291398,-5.52155311053548,1.63178455704064,3.7552261,-3.70072656122352,FALSE
1854,Gaia DR2 3559221393692297984,167.919828940054,-16.8324131465802,3.01504258809368,-16.6514010834891,-25.7164494805647,1.57823788801254,0.66683644,11.0653367807373,FALSE
1855,Gaia DR2 3559029017814081280,167.530979320477,-17.568048052199,5.9275185315289,-7.85778920784286,-40.1073957320303,1.66475364328791,7.0507145,19.4229978340019,FALSE
1856,Gaia DR2 3559050045972210048,167.158191893428,-17.6589604622296,1.02736686402789,-9.45547757388441,-3.62981139792489,1.53559865183282,90.41666,8.57236961574486,FALSE
1857,Gaia DR2 3559251428399855104,166.614359735729,-17.5406681498007,0.99009055508239,-2.7124166701882,-0.817564874475316,1.53299564836718,48.882145,-8.35899064720816,FALSE
1858,Gaia DR2 3558960637638651776,169.952120815953,-15.8992425657151,2.12245221871723,-25.3708091799742,-6.7413484608535,1.58921808933354,1.7306848,35.2604199535034,FALSE
1859,Gaia DR2 3559154465219110016,168.594814619116,-17.0775433728226,5.40434964092534,34.2652110082656,-19.3155617654606,1.51462223271359,0.18564016,26.4378118195358,FALSE
1860,Gaia DR2 3559013792153252864,167.886719908399,-17.6969241203304,2.41629521781522,-12.4579143080761,-4.05513834023022,1.58898630385228,1.638104,-28.0922432172976,FALSE
1861,Gaia DR2 3559007847918515840,167.82013419585,-17.7360089357026,1.65716565461651,7.83925100803924,-12.3287836977064,1.56843563454951,4.3240857,-17.3934356615764,FALSE
1862,Gaia DR2 3559223420916871936,168.066998727709,-16.7062822825113,1.32621996765156,-35.9788198102195,4.83831474007714,1.62250727202602,5.752693,-22.6804094176173,FALSE
1863,Gaia DR2 3559169549144110208,168.116065379772,-16.915061114666,3.15456466069783,-43.3092765319321,-3.86082285658478,1.58708835320037,1.2491829,43.3504890895544,FALSE
1864,Gaia DR2 3559179135511200128,168.430230058387,-16.7445543056377,2.17256873208294,-8.75392995505556,-3.04062284031998,1.65373164356548,5.306025,23.5563718469203,FALSE
1865,Gaia DR2 3559258197268320256,166.638405566143,-17.3600388050507,2.76578500232676,24.0514236568348,-7.47458461649899,1.56772389819178,0.9426305,18.9315848262866,FALSE
1866,Gaia DR2 3559162230519963392,168.543824072303,-16.8859557061422,5.33133346965484,-31.4931745619172,44.1937064559045,1.54043110217977,56.45289,-12.4084785165537,FALSE
1867,Gaia DR2 3559112202740807680,168.067373973814,-17.4656945105519,7.93483523839978,-30.6254285499849,-26.9082408598321,1.63933752663945,2.6773233,9.05745068256712,FALSE
1868,Gaia DR2 3559223287774931328,168.115125454107,-16.719882833877,1.40757397345433,-8.40555416428713,-14.1608577145035,1.62494489916825,3.0637004,56.8617673294661,FALSE
1869,Gaia DR2 3559016957546011392,167.910079672894,-17.6009205356416,3.14142495904239,-33.6695286478891,21.0485021989743,1.61190801762975,1.7119602,-9.1629496302331,FALSE
1870,Gaia DR2 3558970017846853248,167.341151937447,-18.1671661918541,2.2708139232608,6.70621647732025,-7.5834911524408,1.65096149800984,1.8490957,18.368223198043,FALSE
1871,Gaia DR2 3559004691119307520,167.348362736161,-17.6038299386486,1.49985837822859,16.1459692294114,-24.0373132853061,1.59196337328579,1.663176,28.1387986399966,FALSE
1872,Gaia DR2 3559004759838785152,167.350003569196,-17.5963439269925,0.349343766746219,-9.67410956610115,1.24773205640452,1.53588798341275,42.71096,79.4417159356581,FALSE
1873,Gaia DR2 3559000774109118848,167.229461329524,-17.7699081606763,3.68080922904189,-64.7549316160285,-0.285507387660387,1.58265799450928,1.6248035,82.7030653127897,FALSE
1874,Gaia DR2 3558996685300254720,167.412144121995,-17.8209732472771,1.11286256199546,-11.5273198382965,4.61394011381323,1.5077080844677,30.765366,28.9212380330158,FALSE
1875,Gaia DR2 3559017094984966400,167.928501238531,-17.5822455636028,2.58059402316751,-17.3475637033743,0.558889824422868,1.60883995040187,1.7393788,-45.9813114953863,FALSE
1876,Gaia DR2 3559168037315687680,168.140842141306,-16.9660502906771,4.07042240617972,-3.20868380602001,-14.7171662340405,1.62907974676412,3.1991723,7.8892097171357,FALSE
1877,Gaia DR2 3559033347141190784,167.691955218267,-17.4381592060382,2.97935342925193,-83.7327324185239,9.45353547595816,1.57300880981365,0.8873416,21.9224816118204,FALSE
1878,Gaia DR2 3559034515372296064,167.749692390316,-17.4537443732018,1.9659028659607,-18.0775027855735,14.2595176035725,1.6336388552155,4.6960344,30.4116763980062,FALSE
1879,Gaia DR2 3558943633864053888,170.336399763399,-16.1258744445618,0.409267904493682,-10.3229543380244,-8.84454942856829,1.54017888704819,59.343624,35.1483917246039,FALSE
1880,Gaia DR2 3559033828177530752,167.791458498194,-17.4456524991326,4.82812266791285,-7.84111550281675,14.3725640928753,1.57091471638682,0.38213867,15.9277877356909,FALSE
1881,Gaia DR2 3558994039600393984,167.185290007468,-17.851104726255,1.82952373518066,-10.5944562088411,-1.52391627697294,1.66238712503325,19.659122,-11.7900379031336,FALSE
1882,Gaia DR2 3558939441975918336,170.099997657547,-16.1959225685733,1.74439523574795,9.1576279394071,-2.7912659851723,1.66420040039344,4.0677204,-8.33413686069359,FALSE
1883,Gaia DR2 3559197552330800768,167.7970830793,-16.885913782069,2.64042715625413,-49.5927872955988,19.5588573578227,1.62309277227972,1.1245178,-13.3235876927397,FALSE
1884,Gaia DR2 3558947241636590080,170.456079874116,-15.9810304593193,2.63255307006139,-39.4821628534988,-4.49449421745931,1.5832221025904,1.100961,19.0858377087994,FALSE
1885,Gaia DR2 3559197346172372096,167.847900899858,-16.8825621890615,4.00245651368956,-12.9643273177189,-4.79103652028699,1.59879746580119,0.91172576,-18.5187436830069,FALSE
1886,Gaia DR2 3559238646577905536,167.833500121554,-16.646074412884,2.99155089867518,-18.0735017316666,-45.3446135554016,1.58087429504533,0.764875,-32.8087724718612,FALSE
1887,Gaia DR2 3558975244823497216,167.230931431613,-18.0671734682896,2.16167083924359,-6.57015563803902,-0.492197124712901,1.63004794087114,1.7363144,-5.36344395768872,FALSE
1888,Gaia DR2 3559211055707986944,167.782984723543,-16.7654194014068,1.13207070568072,-9.21189903808861,-5.963171073399,1.50790534462374,6.7286396,60.1624970373522,FALSE
1889,Gaia DR2 3559234763927466368,167.859999609651,-16.7178706825807,2.07911591569398,-29.3612122185264,-18.3361752726449,1.58155196936501,2.3539872,84.7470769361112,FALSE
1890,Gaia DR2 3559411991456926592,167.232504807675,-16.669384594608,2.20047536475589,4.14565352371509,-5.16080874326789,1.60100594502458,3.662243,18.2773744952795,FALSE
1891,Gaia DR2 3559413808227258752,167.084343491025,-16.7159646355571,0.881675140824636,-6.39073007785633,-3.61632164201228,1.50957935526759,29.435162,-8.15086813937392,FALSE
1892,Gaia DR2 3559414534077526528,167.156745443118,-16.6494650077809,2.80530643548885,-9.89106172017388,25.791596562903,1.62071213735035,2.0234663,45.1125881549289,FALSE
1893,Gaia DR2 3559339423689707392,166.086632217515,-17.0612009039454,3.04519132455838,-18.7637917395132,0.469731292323807,1.57742147598368,0.71539015,54.8004921715032,FALSE
1894,Gaia DR2 3559345058686796800,165.975408919286,-16.9287695932083,3.27316145331823,-79.580665207033,41.5446008494462,1.44420188677898,0.47964147,-6.25560852749176,FALSE
1895,Gaia DR2 3559518850243202048,167.269663384583,-16.0044120550634,3.73509942817132,-39.4327371884883,4.07599250348549,1.60951826298323,1.1061456,9.2636582272325,FALSE
1896,Gaia DR2 3559502082690903552,167.24643423569,-16.2142615644132,3.74360122451657,-45.5781652129397,34.2134194576258,1.63767440906221,2.253602,29.5117440120349,FALSE
1897,Gaia DR2 3559509538754185472,167.557236929231,-16.0397436641686,2.16860302998683,-28.5195762047291,2.39974080548536,1.66557974677615,0.96902645,-22.6936994592825,FALSE
1898,Gaia DR2 3559586401490052352,168.970713289656,-16.3790149415547,2.07041832063957,-36.2148060937334,11.5628411711053,1.61307996845086,2.4162245,25.273682152237,FALSE
1899,Gaia DR2 3559628526529141888,168.165718011958,-16.2558843764696,1.63103207945162,10.0930561607159,-14.8952961571146,1.60694090500309,2.572926,24.5423373310281,FALSE
1900,Gaia DR2 3559311759804210560,166.78382064681,-16.874280542506,0.265041019456822,-7.2848402653699,1.95010906006139,1.51062461109042,66.39055,77.6704722437178,FALSE
1901,Gaia DR2 3559335334880878464,166.440099555361,-16.9639846483283,3.212338668067,-30.2019547813102,-3.59697015374706,1.59621102911775,0.78195494,22.4676631955052,FALSE
1902,Gaia DR2 3559323755649038208,166.374252942642,-17.166665814907,1.19846455814463,-3.56504751653689,2.53972187685678,1.56129373090426,5.5689864,-18.3756453226661,FALSE
1903,Gaia DR2 3559403676400293248,167.650925464352,-16.6460844062869,1.00671122781316,-8.16651648497616,7.7866583877194,1.52257677689497,4.253607,11.2695931785374,FALSE
1904,Gaia DR2 3559362238556028544,166.519563343654,-16.8116953286557,7.03561597761853,-27.388454466979,-55.0893368315275,1.53636463909666,0.36224797,39.4943177757637,FALSE
1905,Gaia DR2 3559575475093250944,169.069513656828,-16.4353064417754,4.84836510350586,-55.9305499086771,9.52909343511315,1.60506070815754,0.97117734,9.32058512493876,FALSE
1906,Gaia DR2 3559298462585463680,167.215111535933,-16.9706816277627,1.2489128513521,-5.27984421682011,8.92345522929228,1.63250334044545,4.5260224,-29.1551683291475,FALSE
1907,Gaia DR2 3559354748133034368,166.279930051425,-16.7553219973483,2.69506597806842,-36.2075199585016,11.5275510969188,1.60553141501088,1.1619109,58.6416251750529,FALSE
1908,Gaia DR2 3559623338208656256,168.339597117451,-16.3499045804971,2.36968902842085,-8.91793134529401,-15.8111909796574,1.60330883031646,1.3340267,-29.787577445286,FALSE
1909,Gaia DR2 3559355641486232832,166.252450415021,-16.7332654147353,1.1849140891728,-21.0910763291885,4.87295910559444,1.51313742889155,17.60546,31.1882847480052,FALSE
1910,Gaia DR2 3559355160449896832,166.371441524688,-16.7241213711353,3.95947526887889,-53.064682771261,21.8466537381943,1.6731834043925,5.979745,10.5867996490479,FALSE
1911,Gaia DR2 3559337808782045568,166.503358787629,-16.8701636391799,1.43039442887441,-10.4733572008936,-3.31114033294836,1.63521569442161,4.1226892,13.9504568346163,FALSE
1912,Gaia DR2 3559361070324922624,166.565741776519,-16.8624420671981,5.50324326084532,-34.0897008292085,11.0402356301697,1.56349868307079,0.39217684,3.88637038223333,FALSE
1913,Gaia DR2 3559335987715906432,166.353259701283,-16.9502032451971,3.67052684836606,7.92852391915896,3.49963152322883,1.62883222284093,3.145832,19.557835815696,FALSE
1914,Gaia DR2 3559332276864162816,166.4526050327,-16.9865238714353,3.28237811641963,37.6471015536999,-87.2467813227753,1.59802200754575,1.3891026,-11.7808900063986,FALSE
1915,Gaia DR2 3559407387252036096,167.555395146813,-16.6137749252203,2.74453961508226,-7.82205857310367,13.4563115436687,1.61205975817153,5.8992357,19.1401895039521,FALSE
1916,Gaia DR2 3559323240252961920,166.310182705188,-17.1611321203333,0.543716012150586,-10.6110960462512,-6.53882349871057,1.48912068542076,28.880363,43.7559836597015,FALSE
1917,Gaia DR2 3559408551187283200,167.502112003846,-16.5562355956095,3.37967441831908,-1.94098831227233,-51.4283350375822,1.59298169530512,0.70731485,0.0499809533564264,FALSE
1918,Gaia DR2 3559433225775299968,167.644343391733,-16.4529416136009,6.32392791515894,-143.243357623389,30.8749914933786,1.64035225896771,7.4019365,-25.4290032319433,FALSE
1919,Gaia DR2 3559626190066931840,168.118714184283,-16.3305829797101,1.62305749892732,-26.9614402928605,-11.6889658057468,1.55305341727041,3.475187,-69.4858771021628,FALSE
1920,Gaia DR2 3559561044003079552,168.753546834401,-16.5096367981137,0.590418327283545,-6.95484339436195,2.29205364576891,1.52654103384484,22.050558,16.5188870236562,FALSE
1921,Gaia DR2 3559432710379220864,167.573255556671,-16.4914952078905,3.37104964800716,15.3384694278348,-18.4644886160407,1.62073950936786,4.0500326,13.2491248997232,FALSE
1922,Gaia DR2 3559376016811116800,166.489166067375,-16.6913315482531,5.09297527530758,-38.5648621343738,-3.21216861777583,1.44468945209199,0.25563437,32.4297239868816,FALSE
1923,Gaia DR2 3559432877882044928,167.54918015495,-16.4810194702332,0.60891155552884,-19.2199812019963,-10.8115085122597,1.49030258408772,158.81094,7.10670781605406,FALSE
1924,Gaia DR2 3559380861534228096,166.46998773271,-16.6306700769978,1.0620425589745,-25.3786732366821,0.0582505802325071,1.50719829098133,15.001201,45.252555030235,FALSE
1925,Gaia DR2 3559592788104452352,168.957641224688,-16.25228346316,5.39645663420115,-55.8786099219828,9.45585624676124,1.64919580676104,2.416803,6.69060917916173,FALSE
1926,Gaia DR2 3559374917299488384,166.530199647431,-16.7387142046728,0.957882414829212,-4.07949691782973,-6.99026157271469,1.543332220054,18.98159,-11.8635135751454,FALSE
1927,Gaia DR2 3559259331139643648,166.644201017851,-17.3324285169788,1.88375818887514,-18.6059432589381,-8.51812149076028,1.56471113677137,3.488596,16.8086646501342,FALSE
1928,Gaia DR2 3559437761260772992,167.856109573831,-16.3747889626643,1.86368781175242,4.68558795711157,-16.4777045550306,1.62381400383147,5.3352814,5.41975352405126,FALSE
1929,Gaia DR2 3559468444506995200,166.915980139164,-16.4449729271314,3.62186578499638,-9.57386899263673,-8.20289924729597,1.59909092027184,0.64181715,12.5076698367948,FALSE
1930,Gaia DR2 3559384263148329728,166.627967192801,-16.5765633848141,6.56242470839229,-61.3840682613312,0.820444991788375,1.44976216901907,0.14083353,46.9039339559844,FALSE
1931,Gaia DR2 3559384847263885056,166.678611769785,-16.5252604777123,0.705645932387504,-7.31839284808966,-6.46527645645499,1.51994064080394,61.689293,9.53667324648661,FALSE
1932,Gaia DR2 3559469062982286464,166.974198510576,-16.4561948071616,3.77327477916025,-51.0092135660582,1.18166770873035,1.56668002753869,0.590329,22.7713015787319,FALSE
1933,Gaia DR2 3559400034267974656,167.298030141408,-16.6965839345915,2.99744835246844,-3.42190314353198,-11.5275113947403,1.56190762542435,5.0484867,10.5884059889073,FALSE
1934,Gaia DR2 3559507236651010560,167.559410682196,-16.0745972693696,8.3928109961782,-43.8340158583729,-53.7104206096506,1.57923199059713,1.0927107,32.0621179755797,FALSE
1935,Gaia DR2 3559486238555721984,166.726299134245,-16.2855000160009,0.937458880630755,-24.1794542563876,10.9069900778278,1.62358369012919,6.40598,37.86601826318,FALSE
1936,Gaia DR2 3559386152933945216,166.750727879081,-16.4889599384776,1.47315775546614,-9.9128026226986,-6.38203390510571,1.54868478820271,51.179977,-20.9681422643622,FALSE
1937,Gaia DR2 3559444701927863424,167.51942815992,-16.4541181694939,2.36434668460021,-20.5413378400296,14.5109286742196,1.56790446556085,1.3842402,15.6178330851692,FALSE
1938,Gaia DR2 3559466623440857728,166.92279331183,-16.5485744651427,3.94335251304498,0.464418739261628,31.1376447127031,1.66749074363182,2.2301779,-17.3524668618935,FALSE
1939,Gaia DR2 3559444667568124160,167.508747955695,-16.4764184170915,1.60172366089057,-13.6241659004363,4.29475354368754,1.53543300309841,5.738346,4.13223476229416,FALSE
1940,Gaia DR2 3559387046287144320,166.760172479171,-16.4510281873077,4.22250659001265,13.2322820811057,-15.2639079138089,1.55538804016027,0.3889053,-17.6902295813508,FALSE
1941,Gaia DR2 3559386908848189568,166.730929275111,-16.4697437772022,0.773027684261349,-15.7788877710289,-1.38152923696669,1.6359288102634,34.331497,14.1364805134842,FALSE
1942,Gaia DR2 3559271631925981184,166.609250550226,-17.2776474891974,2.34316985285442,-16.8142804000103,-12.9234726480498,1.5890011573289,0.86053526,9.91756918564695,FALSE
1943,Gaia DR2 3559521495943055488,167.072746079486,-15.9618722642633,9.38367866642829,43.2367997045995,-56.9466741605282,1.6681337451667,6.0121174,20.8028891681971,FALSE
1944,Gaia DR2 3559562109155020032,168.880177940458,-16.4808079187305,0.425059790810854,-3.5946978363412,-0.642275072262653,1.5289808492237,67.92616,31.5508220788035,FALSE
1945,Gaia DR2 3559485727455382272,166.696129185181,-16.3079935185474,2.59104192296598,2.41600828354061,5.31131776509584,1.63042054131489,3.104282,-6.6063508107542,FALSE
1946,Gaia DR2 3559392921802125312,167.308314885226,-16.9079718126631,3.70252972077371,-95.6050179066953,22.5559763876433,1.56952191168583,0.5944875,-9.76076048543379,FALSE
1947,Gaia DR2 3559510054149565696,167.613577947119,-15.999892875838,3.44467395958962,-4.6532371916203,8.59668377960594,1.63829446289631,2.6861138,-20.9484574444253,FALSE
1948,Gaia DR2 3559484524864537344,166.689981129113,-16.3748389425289,0.352900724247993,-10.6211481219837,-0.616587096613712,1.52379723302233,59.23763,5.56391906514181,FALSE
1949,Gaia DR2 3559533075176082816,168.744869601978,-16.8864890638938,2.11678262514674,-18.1096658341548,-1.69232616594882,1.61918962421562,1.0460969,-24.428728789386,FALSE
1950,Gaia DR2 3559333509518886912,166.589132322249,-16.9301672450522,2.23347634158587,8.54343812269235,-20.4183532093032,1.63096062623108,1.6302421,-2.02740902003592,FALSE
1951,Gaia DR2 3559264790042163072,166.722506046498,-17.2807082296949,2.76317823037203,14.6022265456167,-23.987615782457,1.63846795435872,5.463296,-2.05664454440385,FALSE
1952,Gaia DR2 3559319838638984704,167.052070554197,-16.7419461080565,2.07881456311131,-0.00521471948711261,-5.38574489870591,1.67222079485521,6.0057206,7.26867737711886,FALSE
1953,Gaia DR2 3559388042718485888,166.580982334519,-16.5055025942571,0.647775381899131,4.16829101894848,1.40301696533676,1.46309295469002,123.168365,20.3251531877873,FALSE
1954,Gaia DR2 3559623540070965760,168.338814390432,-16.3483920185996,1.0709827861731,1.18424507021656,-19.6482965512857,1.48802397592205,9.655752,-7.51692955210503,FALSE
1955,Gaia DR2 3559510122869741312,167.612643533128,-15.9969496851482,2.44476640416954,-20.1707503080575,-1.27152299142478,1.6468934881313,4.6820364,-3.88519870761579,FALSE
1956,Gaia DR2 3559485998037553920,166.761962804388,-16.2917943292733,0.48937015349653,-9.05145567725667,4.90605938764626,1.51952785905618,39.426064,3.67532480466996,FALSE
1957,Gaia DR2 3559610036693121152,168.407817990684,-16.4232579826753,4.14916502844078,-32.4831203580544,2.9630972803911,1.56818253862973,0.51421976,4.78257318970383,FALSE
1958,Gaia DR2 3559300356667348096,167.091243054553,-16.950791784961,0.43158293221975,-11.1360234529956,-1.81060632141608,1.483580204797,84.86651,45.8237872205007,FALSE
1959,Gaia DR2 3559544551328761344,169.074454045899,-16.630896328311,3.59674562917471,-49.0797723143002,-70.5810152319325,1.55482208218489,2.3285232,-12.0420840392391,FALSE
1960,Gaia DR2 3559612682392974208,168.625203897713,-16.4006399049947,3.04733052348377,25.1969650723849,-16.8323103074693,1.57760837238745,1.1814938,-4.36121191290456,FALSE
1961,Gaia DR2 3559299222795984768,167.249293510505,-16.9155819910492,0.679038950675353,-9.36175160342506,-2.76768982783701,1.50435967815849,62.860836,48.379504082233,FALSE
1962,Gaia DR2 3559558192144734080,168.498090064883,-16.5676716263407,3.547586445365,18.3725269194981,-48.5082809436846,1.57189838609801,0.44704884,7.0327637074846,FALSE
1963,Gaia DR2 3559550392484171904,168.592737854808,-16.7564636631044,0.253027520705802,-2.97669173740894,-0.294084760528652,1.51760099720063,69.59046,62.3143993246243,FALSE
1964,Gaia DR2 3559611896415810048,168.606027607711,-16.4499520117548,0.927838611649319,-7.42034559380718,-0.462640291221192,1.47820840787615,45.050594,-26.4376853343402,FALSE
1965,Gaia DR2 3559570870888338688,169.207733752592,-16.4759388369229,0.429213624642684,-10.5499872893521,2.27912083993316,1.51402060309738,29.220919,-7.44173695140695,FALSE
1966,Gaia DR2 3559436043273872384,167.885898965245,-16.4426848998181,9.68746732172458,-43.1434840759679,110.661038541378,1.58941553067375,0.5296282,25.4819130657396,FALSE
1967,Gaia DR2 3559299360234938752,167.265550736872,-16.9042048824915,2.63078096441764,-6.33281747552084,-9.48729647338044,1.62925352372546,1.9704553,16.4047020689094,FALSE
1968,Gaia DR2 3559570080614354176,169.202746780081,-16.5386815167941,0.882372773831915,3.11878419974686,-0.115081790935585,1.52397130966444,51.43664,35.2814910907321,FALSE
1969,Gaia DR2 3559288189023986432,166.969747812058,-17.153289063706,1.38691576122525,-24.8337279439558,-7.33571271334324,1.5659722152285,5.5814567,37.8073181567147,FALSE
1970,Gaia DR2 3559283481739828096,166.513647400318,-17.0878314728568,1.7452230833862,10.2898562453449,-11.0146892364292,1.63008286090157,2.3689272,-6.96862322074429,FALSE
1971,Gaia DR2 3559619829218548224,168.5308057042,-16.2517494821376,0.543666840197684,-7.64641001722631,-3.6885771064461,1.51774768446523,53.121777,10.6254994709987,FALSE
1972,Gaia DR2 3559292831884612864,166.909351049932,-17.0432981189026,0.691994287318085,-17.5469492631744,8.83606391192445,1.50921800546217,64.060326,26.3271598127788,FALSE
1973,Gaia DR2 3559470780969208448,166.953473205849,-16.3718520737089,0.729939102110615,-12.805977865389,-14.3450242715617,1.52044662644525,48.427845,41.9141780066896,FALSE
1974,Gaia DR2 3559288433838099968,166.993665839152,-17.1246781122331,2.2221217727584,-9.89946569664758,-6.67941140495448,1.6217545648295,1.8015572,-16.6048225895877,FALSE
1975,Gaia DR2 3559286058720202752,166.612965743359,-16.9957126942485,1.71542039942112,-12.1035582188535,-10.636869393186,1.62452860316884,3.7384474,11.118585150345,FALSE
1976,Gaia DR2 3559538430998372736,168.596588159778,-16.8000324251696,1.12634679512486,-0.375535230300806,-3.88023729301822,1.61996256512244,5.336921,-5.00888722956398,FALSE
1977,Gaia DR2 3559583343473374208,169.293726463712,-16.2945041638976,1.75170371471702,2.40818978603051,-15.6646515653336,1.52763081485275,53.69574,-7.15123715282599,FALSE
1978,Gaia DR2 3559490091142176256,166.947897399967,-16.248279696643,1.91486694911175,-3.91196754313611,-7.468325241682,1.58321364057196,0.53356385,-1.79524077217552,FALSE
1979,Gaia DR2 3559463904725793920,166.982886813728,-16.55405492371,3.59476289972382,-10.3471563028313,-10.9741485284305,1.57624927117596,0.5837327,4.23987615563901,FALSE
1980,Gaia DR2 3559469337860195840,167.040160125997,-16.4434135496936,2.26353265169117,-30.9908673270164,2.16425732037219,1.61517032304561,3.1362023,33.046937584214,FALSE
1981,Gaia DR2 3559424773279569280,167.255414910292,-16.4224043522008,3.32911775723757,-35.7432369388285,-19.2739875439049,1.51012172270711,0.9194629,0.147771590231883,FALSE
1982,Gaia DR2 3559613236445607168,168.528368221807,-16.4000937423878,0.704091296748542,-8.88308818858581,2.46407437214483,1.49801478747528,54.01697,-5.91986773614676,FALSE
1983,Gaia DR2 3559492290165434752,167.037382495313,-16.1639699979918,1.41676573458597,-19.8436675794466,5.63279385162079,1.52151728411254,51.34233,8.88146891565408,FALSE
1984,Gaia DR2 3559439651046405376,167.957809349582,-16.3309155217268,1.02388807381736,-17.4024870424216,-1.85793373500591,1.5370320553673,8.267141,32.7358105739962,FALSE
1985,Gaia DR2 3559465523929266688,167.057899635451,-16.5097374022505,2.92959237422435,-24.9609543551382,5.27530842650224,1.59243634816966,2.5666578,-6.91581470451691,FALSE
1986,Gaia DR2 3559600897002703488,169.139517899642,-16.1448887243354,1.87751242055625,-4.24100923022441,-23.3406459580965,1.62387726188203,2.1429617,8.16484111752919,FALSE
1987,Gaia DR2 3559306919377348352,166.938603963821,-16.9530909508878,2.42161058240575,6.519166863399,-0.510147988524703,1.60450239467846,2.0142949,-41.6708241352772,FALSE
1988,Gaia DR2 3559501395496181888,167.467621262664,-16.1461992529958,1.54115063670895,-29.355781072174,9.6013073401385,1.51220932220944,52.667118,-18.1016809743955,FALSE
1989,Gaia DR2 3559592822464191232,168.946254015187,-16.2565995448245,2.10697552530659,11.7802881223224,-41.8820000067905,1.59424938747723,1.8782272,14.143077596369,FALSE
1990,Gaia DR2 3559448447139351936,167.603003460867,-16.3244698999112,1.05750800729679,-9.87864527598226,6.8313834440016,1.56146599100652,5.084154,-25.8058561314316,FALSE
1991,Gaia DR2 3559504144274444928,167.381957957149,-16.1416893275169,1.41629819767825,-36.0153712487487,12.5051910293956,1.53093611755708,13.813908,7.15076147459615,FALSE
1992,Gaia DR2 3559590387219655296,168.88706009551,-16.3463870991859,2.19930569652345,-38.5457326425031,7.31369284064379,1.58226236879776,0.96476704,39.5307582031626,FALSE
1993,Gaia DR2 3559599148952996480,169.041875868294,-16.1954824115403,1.15886951333222,-9.80631683284614,8.23221557912448,1.53409142590192,17.773067,16.2570340947826,FALSE
1994,Gaia DR2 3559446866591383936,167.58857260537,-16.3955428371119,2.67681524413873,-12.0209216113418,-6.76915785825756,1.62684165548088,1.3091288,-3.73153487857495,FALSE
1995,Gaia DR2 3559445389122633984,167.582000003102,-16.399159564812,2.81657658270401,-15.1127438087716,-7.06700229256812,1.61016390211827,1.7380037,52.2165857126937,FALSE
1996,Gaia DR2 3559266959001613184,166.808860353809,-17.2093801044501,1.57902432128614,-6.01815636930723,-3.21246310807434,1.62487827833123,5.8671484,-23.7279964209717,FALSE
1997,Gaia DR2 3559413980025949440,167.110608193242,-16.6807315049473,2.48509319136623,2.07600394429687,-15.5520640576001,1.61246688148064,1.6198262,52.8127076712979,FALSE
1998,Gaia DR2 3559566129244362112,168.808836382107,-16.4368370191076,2.47434281944573,-32.251259557935,5.21931901927283,1.6355709023084,2.451842,7.19998447149557,FALSE
1999,Gaia DR2 3559391336958263680,166.6230337541,-16.395959149014,2.16263185063003,-21.2489346543701,1.85700085730277,1.63353501856424,2.2056549,3.78227744469605,FALSE
2000,Gaia DR2 3559596949929744768,169.221022783114,-16.2055039310933,2.32246929773287,-37.2726766032107,23.9597058446953,1.61125005856758,2.264484,12.479631726179,FALSE
2001,Gaia DR2 3559509744912615552,167.535976312195,-16.0313080008808,0.821342316363651,-14.2494338804889,5.794213591129,1.51717197513446,55.62698,8.17669888083197,FALSE
2002,Gaia DR2 3559528019998111360,167.426753729966,-15.8151654314383,1.27301291963422,-7.77394852952326,-6.05108724500792,1.54034254726572,4.744424,40.0478623247805,FALSE
2003,Gaia DR2 3559373817787915648,166.840710155773,-16.5345342576732,6.17733980105467,-99.9405386781855,-12.4023588635534,1.58877359468694,0.6695795,22.0186074723001,FALSE
2004,Gaia DR2 3559530528259012608,167.37097199043,-15.8318061379423,1.46507912580784,-15.3179927223999,-2.01503330433459,1.61367963810097,4.24468,23.0905694307597,FALSE
2005,Gaia DR2 3559602584926840960,169.12023117467,-16.0614653914951,3.69388723805184,28.1277116203069,3.89296938040482,1.60946724934298,1.1318395,7.14804197941119,FALSE
2006,Gaia DR2 3559385014766405760,166.608399671974,-16.5311178611651,2.80440288955829,4.59220737359878,-21.5063653674322,1.46031963367612,332.4749,-15.2901967719236,FALSE
2007,Gaia DR2 3559343306340150656,166.204225604733,-16.9120121617181,4.87519945499801,-17.0040732170578,15.1098845608457,1.63579173102748,1.0886517,-17.7968348869772,FALSE
2008,Gaia DR2 3559370656691981312,166.745051698828,-16.6565388899193,0.59276850432562,-15.4633319081783,0.868079779455537,1.48414038238113,42.993946,40.1420101345103,FALSE
2009,Gaia DR2 3559260018334455680,166.837747511241,-17.4056517477615,1.53872788799501,-16.889553209777,10.9403756531278,1.62122268753682,3.5447376,8.62424244744233,FALSE
2010,Gaia DR2 3559352239872127360,166.196941795212,-16.874778390767,11.0210405383244,85.3348369679331,-7.18883687954063,1.64547861792063,1.9090484,-8.18254012991071,FALSE
2011,Gaia DR2 3559558982418772480,168.760337835301,-16.6319533989914,0.351954748092137,-3.96447347768105,-0.534381471707905,1.50753727872339,52.425636,22.1367145448319,FALSE
2012,Gaia DR2 3559260121413672192,166.837308966485,-17.3695611406306,0.430223281825714,-11.3166382146661,0.0138440071556179,1.50322192518781,43.111206,44.1678450522113,FALSE
2013,Gaia DR2 3559361306547224320,166.524890463644,-16.8471817846048,1.95517400402603,-0.594405718266844,-5.05705756670634,1.54795890266297,13.470937,-1.38050862667151,FALSE
2014,Gaia DR2 3559343409419366400,166.19644956914,-16.893837679344,0.705080918140156,-25.7611370493472,-7.2960145707643,1.52693030838526,41.02866,51.6348978227797,FALSE
2015,Gaia DR2 3559478237032474368,167.218224876178,-16.2674513697066,0.381624775640027,-11.2489590638248,3.71971133685049,1.49992428900241,131.83333,87.3024737455311,FALSE
2016,Gaia DR2 3559508950346129408,167.659137807619,-16.0389205440748,1.93994739777863,-13.8778335128839,9.55034239990323,1.64826542625536,2.1795013,21.6143089192566,FALSE
2017,Gaia DR2 3559872858627790464,168.143465728733,-15.7057253518477,2.02879881411796,-8.28120622683845,-19.4794346757765,1.50895047854696,49.580463,20.8237211655174,FALSE
2018,Gaia DR2 3559974937114458496,168.640026785685,-15.442412563617,1.27162023805252,-9.64289081662162,0.554746120204564,1.54242467364292,7.1103024,-23.1325936077229,FALSE
2019,Gaia DR2 3559705835940406016,169.364870451388,-15.843552160899,7.18914683849324,129.260124625428,-70.3679358565317,1.46312118903813,0.11533485,35.2106115038176,FALSE
2020,Gaia DR2 3559851070257653760,168.408260026817,-15.9091872102927,1.94922360626618,11.4945619371772,-14.8377967043559,1.61029431603755,1.9462403,-11.5826106660502,FALSE
2021,Gaia DR2 3559680718971697536,169.48474499757,-16.1122972724137,2.15830406074853,-0.853435868565757,-14.3965055968058,1.61182445086123,1.6795319,-28.6768658922401,FALSE
2022,Gaia DR2 3559983634424751104,168.808756905781,-15.3007335431769,0.284017530998103,-11.3018332089881,-1.84574961120366,1.5276500631235,61.594128,48.6761163879335,FALSE
2023,Gaia DR2 3559986555002513152,168.719647195988,-15.2340533063693,4.46199384524393,5.19030458587773,-21.9108675684649,1.63066610698876,4.7245784,1.78129298390872,FALSE
2024,Gaia DR2 3559865329549067776,168.658237787451,-15.6361224739,0.671334464381748,-10.5848571333914,-3.73024960004138,1.51432660710994,51.255238,34.9465897891975,FALSE
2025,Gaia DR2 3559723050169433600,169.826831398623,-15.726773564452,7.51484330581362,-38.1559969359872,7.57567712945129,1.53177411769199,0.2672919,7.92944895398242,FALSE
2026,Gaia DR2 3559785344375002624,169.374648661119,-15.5057585874098,1.05196068232771,-12.4025882427665,-0.180886976951585,1.54896408938093,40.59427,-7.27669110878168,FALSE
2027,Gaia DR2 3559907630682885248,167.414688158932,-15.7184576496361,2.71659399646483,-24.015438440251,17.9201899593678,1.5991863763494,0.7879338,-28.3139964356642,FALSE
2028,Gaia DR2 3559689721223202304,169.66321829204,-15.9345697755156,4.57747346185497,-17.0654983845179,-7.69680348525398,1.63788063450142,2.188256,-3.09495493309804,FALSE
2029,Gaia DR2 3559731154771176064,169.601808948641,-15.7196771249772,1.32137086806146,-14.3144674941544,-1.5456591123748,1.55681531595866,5.9407215,-4.38809491352967,FALSE
2030,Gaia DR2 3559988788385510784,168.783032726468,-15.146529243826,1.10096895771631,-1.58432400605403,-1.65993581698244,1.45213693812557,398.91287,15.0793300848819,FALSE
2031,Gaia DR2 3559952087888429568,167.952188410657,-15.226546212785,2.12926674359202,-36.1044169496266,1.28125957850079,1.58671851698543,3.3556943,10.5345537952586,FALSE
2032,Gaia DR2 3559828495909548544,168.120818997714,-16.0193062929825,0.485617628481927,-8.26168758336627,3.7918638169198,1.50896399881775,36.843525,10.954019265713,FALSE
2033,Gaia DR2 3559847221966954624,168.05735702686,-15.8244268871961,1.41954017452784,-17.0301442124275,-7.76692849019615,1.5225089033662,7.4749546,51.5296055797535,FALSE
2034,Gaia DR2 3559863096166077056,168.557540350635,-15.7242036225281,1.10100082796959,-6.94211024931774,0.531829984944719,1.5484340651914,42.90067,-2.76268017099949,FALSE
2035,Gaia DR2 3559847947817467392,168.068535368625,-15.7780297038628,4.48489377752422,-32.1722024475295,1.78869826694234,1.58765282535578,0.62630934,0.0794023763330891,FALSE
2036,Gaia DR2 3559908146078963968,167.436085152385,-15.6870080165427,0.562843755959508,-16.2828024519623,0.558125625147157,1.42411929027187,513.5816,18.4775140475865,FALSE
2037,Gaia DR2 3559784347942585728,169.329898078189,-15.5874408144777,4.64849966881658,-26.8276509667196,-2.44509743547084,1.48142978691078,0.31984085,-7.8835486620011,FALSE
2038,Gaia DR2 3559840899775098496,168.035501281041,-15.9634276740412,19.8059492530032,-39.7674422420668,29.6067689287444,1.46071243009127,0.09637067,-16.2342389749163,FALSE
2039,Gaia DR2 3559674843456429824,169.416455641433,-16.2318761055551,1.277177185424,-6.54159884511158,0.541349768923462,1.52790250776573,59.662598,18.7634788006285,FALSE
2040,Gaia DR2 3559742394702103296,169.829055927597,-15.4644045852721,3.80009228325164,-78.2979892885212,23.3164649038203,1.4820755141799,0.4110142,-9.03790605950244,FALSE
2041,Gaia DR2 3559674706017474816,169.390007291413,-16.2557498096427,2.27942474129726,-25.6853718751078,-4.83876845281058,1.63568401262096,1.3218213,35.1996914436929,FALSE
2042,Gaia DR2 3559867184974946176,168.19559803317,-15.8154190851747,1.35449175304925,5.28728124391389,-0.309974606250575,1.57534180074133,5.9878106,9.42266210449694,FALSE
2043,Gaia DR2 3559659278495039488,168.59284160519,-16.0306695722249,1.81095329558105,-19.2238972381805,15.2164682074712,1.63711385422876,2.3647847,3.50081982005717,FALSE
2044,Gaia DR2 3559694497226735616,169.3097503146,-16.0206940583411,1.96201500993934,-57.7812441459898,3.13028432613298,1.51611538828255,17.40442,25.5484888282236,FALSE
2045,Gaia DR2 3559694703385167616,169.326010562386,-15.9921903475241,4.67799717169291,-11.3152543137453,-33.6588470121335,1.56372956397916,0.56197596,10.6332544212445,FALSE
2046,Gaia DR2 3559687178602558336,169.615891492392,-16.0346458345902,1.36561164704806,-24.8815156149209,16.1494249019094,1.61029652366659,4.194767,-3.85633034492665,FALSE
2047,Gaia DR2 3559670479767802880,168.611493257826,-15.8455474214924,0.621103583302699,-11.7232272401044,0.296053224901997,1.50703418423986,42.955463,6.38676484409298,FALSE
2048,Gaia DR2 3559812935244883200,169.406456003871,-15.1951283077184,1.88222034787231,-9.182613625782,-7.95513334200769,1.58871722511871,2.3960977,38.4577454996482,FALSE
2049,Gaia DR2 3559841522546376960,168.000453405058,-15.9802383070894,1.22993894497718,6.31493219189542,-7.32214546670803,1.45844315437035,96.459595,-8.44944396918726,FALSE
2050,Gaia DR2 3559631790704332800,168.469332583687,-16.2290821538266,0.438328976611012,-10.911934991172,-1.86473645086002,1.49863115323884,47.816383,54.782960358328,FALSE
2051,Gaia DR2 3559861549977849728,168.637245682855,-15.7081929077871,1.06410523078307,-25.768623096862,-2.53307087596566,1.49504408545252,10.295169,34.3842349238955,FALSE
2052,Gaia DR2 3559830351335418496,168.243956318893,-15.9348474659535,2.95971091387938,-20.1921868138127,-10.4775543531392,1.57016830258428,0.83948165,-36.6910014751944,FALSE
2053,Gaia DR2 3559982569272857728,168.69648020302,-15.3324663032882,0.885988944662375,19.0018323485704,-16.2929739577167,1.50490574914881,61.537983,79.0718793791843,FALSE
2054,Gaia DR2 3559926288020960000,168.047473550788,-15.5378533433152,4.70415994028677,-9.40382492529866,-11.6284837226199,1.56273533455327,3.3945022,-13.4935774856512,FALSE
2055,Gaia DR2 3559666047363506048,168.717548468382,-15.9253490316735,1.43070267240092,-5.32667064302306,-5.34824373178956,1.59114309638023,5.09182,29.2528857864364,FALSE
2056,Gaia DR2 3559844924160478976,167.957172361107,-15.9121013983563,0.297486179055613,-5.28637548124999,-1.61576872263596,1.50498996713669,41.56874,33.1796614391327,FALSE
2057,Gaia DR2 3559760158686771584,169.237660341298,-15.6664178174994,5.47680145306806,2.25632811081031,-27.5279141052715,1.55654669567589,0.45017105,13.2693629477455,FALSE
2058,Gaia DR2 3559792388121373568,169.505010588116,-15.4386375277025,4.01313082437176,6.00006245492074,-40.9538342918006,1.52680760398082,0.44756392,17.9990334575846,FALSE
2059,Gaia DR2 3559658213343149440,168.642177150465,-16.0626736074869,0.882503129765873,-15.3753841879644,8.80692570733994,1.5893374887479,24.623365,16.0833613835099,FALSE
2060,Gaia DR2 3559645637678908800,168.772463774276,-16.0876778716951,4.2752825703466,10.5234416478306,-18.1097558858938,1.54343629397502,0.30168518,20.4718659072471,FALSE
2061,Gaia DR2 3559777716513048960,169.136994070321,-15.4524315671896,0.767884803664602,-15.9328907663041,0.0153719738985643,1.51645995103695,84.01528,35.5350424506831,FALSE
2062,Gaia DR2 3559682127721015424,169.640228514152,-16.1690963171969,7.99481470756925,0.49056798508648,-85.9751300086217,1.58099807343576,0.97431976,-22.0803096015846,FALSE
2063,Gaia DR2 3559784382302324224,169.328235203579,-15.5841595372654,4.72657012297096,-26.9896578610806,-0.784015021969627,1.52506493996761,0.2228939,-7.25865513517208,FALSE
2064,Gaia DR2 3559835612671375232,167.971816702349,-15.9948646548014,1.64151722457153,-30.9089557390599,-23.8638424717766,1.60844165093677,2.0079618,50.5952850152305,FALSE
2065,Gaia DR2 3559849283551261056,168.392378651554,-16.0081058108605,1.0736140727777,-2.15053534904101,-3.22545794230012,1.51244545439689,26.26042,29.3372595967666,FALSE
2066,Gaia DR2 3559908970712688384,167.503084834745,-15.6642490351861,1.44915651243101,-7.4725762291011,-1.17849792815372,1.62324740881691,3.8243968,19.0717444734298,FALSE
2067,Gaia DR2 3559836093707702144,167.776684716545,-16.084376789559,2.27038654024874,-32.6320579566253,-9.52065413799237,1.59910707467563,1.4165552,16.614382969043,FALSE
2068,Gaia DR2 3559672025957988096,168.775621502398,-15.7785210510934,2.76152397628554,-12.9785526098205,-29.6380166562744,1.60111395259474,2.1954598,22.3154967972639,FALSE
2069,Gaia DR2 3559673159829354752,168.747541505698,-15.7418040905434,2.00266735731932,-19.6956075289494,6.25878792957574,1.6113343390097,1.3392888,-37.7346062885796,FALSE
2070,Gaia DR2 3559954050689510528,167.98798452518,-15.1609324031279,2.26869633329543,-18.5606487702365,1.09854789481915,1.60265085751245,1.5719163,-16.5175914068656,FALSE
2071,Gaia DR2 3559710130907796224,169.804386174326,-15.9407102491677,2.60037385680612,-22.6957293391739,4.82971281515731,1.63017721307944,1.7243687,3.85376073264182,FALSE
2072,Gaia DR2 3559637116463751552,168.35552239428,-16.1175995676589,0.569248939631226,-7.75109093341362,2.24830141998237,1.53769312506834,52.535763,24.1664619200635,FALSE
2073,Gaia DR2 3559987890736111104,168.771739317291,-15.2157607571621,2.69430505538586,-73.5667475827905,-6.78718390100302,1.59598579608562,1.0712351,40.5845801579878,FALSE
2074,Gaia DR2 3559858771135155328,168.624124435479,-15.7920516594768,8.5038200907776,2.73551147248398,-74.0386401339762,1.53378771307255,0.20134647,-17.63081562405,FALSE
2075,Gaia DR2 3559907665042624384,167.417040240585,-15.7113364853208,3.26257124023543,-42.9658007736436,9.64912762296981,1.6015294357168,1.2098548,5.88417918907258,FALSE
2076,Gaia DR2 3559628973205765760,168.232878465845,-16.2264634888085,1.69982226806122,-5.9044221169633,1.00166151184633,1.58215087472435,6.5455637,21.6089943933254,FALSE
2077,Gaia DR2 3559877978228911104,168.522424133407,-15.5943525876665,2.13786364639598,5.69849728268559,-23.8737011842833,1.6366846052902,2.781222,6.75435691877314,FALSE
2078,Gaia DR2 3559718927000846720,169.976465415578,-15.7869611326976,1.93206593947417,-11.4743208002496,2.97930251790851,1.5572144445437,3.9036663,38.2001223896754,FALSE
2079,Gaia DR2 3559720507548814336,170.092750688336,-15.6935361764808,0.328995982356063,-5.66004511738727,-1.22820150069878,1.52161126119313,51.209156,5.13926100424144,FALSE
2080,Gaia DR2 3559775620568986496,168.950890187254,-15.579146753289,0.74092594543831,-16.5409878723475,12.467876727369,1.48847829374494,78.74601,38.5757146766289,FALSE
2081,Gaia DR2 3559733873486972928,169.59322350126,-15.6459826854607,1.40935346889243,2.7483479798466,-6.57276479022735,1.55631686967328,3.5391092,-8.59792340660494,FALSE
2082,Gaia DR2 3559733186292207104,169.634482096232,-15.6434910407113,2.00177554213813,-18.3542270215419,18.7435482810293,1.63718930638402,4.0319986,-17.9405614388304,FALSE
2083,Gaia DR2 3559641239632446592,168.851513629001,-16.1692931430647,0.504143964114286,-0.0411247371627773,-0.797284617527963,1.50291889921316,29.086842,20.6031743202395,FALSE
2084,Gaia DR2 3559913368759287808,167.75690020038,-15.5921311981765,1.82664615342536,5.67347394841541,-12.7716640775978,1.62735074748067,2.5009289,-3.57182015955195,FALSE
2085,Gaia DR2 3559635364117092224,168.31428080975,-16.1760121712457,2.82014021016504,-0.980002149668413,3.26523115632145,1.65430569229423,2.434682,6.78098308025344,FALSE
2086,Gaia DR2 3559978274305502592,168.43622624162,-15.3908600762788,0.608210197678706,-11.1657007503567,-4.03223098385084,1.53602348859582,13.082714,19.0253254084767,FALSE
2087,Gaia DR2 3559649623408617216,169.017558614791,-16.0305835558732,2.3524562661211,19.4831156624517,-20.2048108707246,1.58836228285787,1.3246295,13.9389434331677,FALSE
2088,Gaia DR2 3559741466989161472,169.802576972689,-15.5463451171609,1.37990928668957,-2.48476298965933,-11.3647373201107,1.55193105011306,7.161021,34.9979770887489,FALSE
2089,Gaia DR2 3559879249539211904,168.401032925314,-15.5584221505662,1.23592805685991,-8.62075934101454,4.31405000826714,1.62370118574541,9.759076,-34.9903040453091,FALSE
2090,Gaia DR2 3559738649490660608,169.830365251139,-15.5425366208738,2.18241503193547,-34.070366091862,4.95396643693191,1.6304094335075,2.0609474,19.9188068361772,FALSE
2091,Gaia DR2 3559849734523957504,168.397703817169,-15.9640776606585,7.96503785690098,-23.7980386851041,7.57103299859912,1.64235373883598,1.4026176,1.58393096261247,FALSE
2092,Gaia DR2 3559706832372868992,169.500333330919,-15.8217392540386,4.61861276385137,-46.5074574892702,10.2342725746715,1.66380371929186,6.800842,6.78191722073922,FALSE
2093,Gaia DR2 3559721224806787200,170.068120820612,-15.6763613156507,3.63899342929222,25.8747824837357,-51.1164404618406,1.64025756640624,1.8870229,26.0972055313469,FALSE
2094,Gaia DR2 3559871793475962880,168.18753474642,-15.7341547882824,3.08825923841754,-8.09155381647577,7.75350748159068,1.56400204161405,0.4522976,-12.265360719987,FALSE
2095,Gaia DR2 3559678932263671424,169.339161134614,-16.1857625509874,0.441357884258281,-13.1477024847071,-3.35192017798445,1.49427951075733,74.689644,52.4184901835821,FALSE
2096,Gaia DR2 3559811281680845056,169.366500971894,-15.2416662279861,13.8657274908508,-40.7458296403859,-24.6191323415417,1.42948867049677,0.10146324,-13.5215845666662,FALSE
2097,Gaia DR2 3559713803103303296,169.733963583517,-15.8584566473401,2.8517584862771,-52.4757398286473,2.96504579554214,1.57254519637456,1.2439662,12.6628968388728,FALSE
2098,Gaia DR2 3559731017332223360,169.585676939382,-15.7420792426798,1.1381042081482,-11.8228528456793,0.83541404645884,1.52057190948564,20.988619,-1.89786087831374,FALSE
2099,Gaia DR2 3559700132223880576,169.463073840194,-15.957760406084,1.83192221548538,-1.34170568035861,-2.34934957233428,1.6344487699687,2.426754,-17.2624341829324,FALSE
2100,Gaia DR2 3559937695454022784,167.864440100736,-15.4884660709585,2.97550859709863,-15.9870042402915,-9.36306898982819,1.63372440596458,2.5719135,6.75707435407821,FALSE
2101,Gaia DR2 3559938657526696448,167.80522724104,-15.467919315382,0.903126218913474,-18.4803348140584,4.33372778257077,1.52529687066557,30.97665,63.7772880259878,FALSE
2102,Gaia DR2 3559929758354539648,168.15839940867,-15.4849987539931,9.35993594214294,-119.653885111026,31.4443746436001,1.61691870172844,1.2079954,-44.1617715793241,FALSE
2103,Gaia DR2 3559916942171998976,167.607726395937,-15.5239724956441,1.64741353462928,-9.38896801418864,-3.90092383541321,1.63411778299492,2.9700248,-20.3080690713238,FALSE
2104,Gaia DR2 3559712463073506688,169.904751405747,-15.8394074920206,1.86953913014103,-14.4330769405018,0.764744802415068,1.64294296090733,2.9188826,-28.7661520235034,FALSE
2105,Gaia DR2 3559990540732234624,169.161073886093,-15.3452647779269,0.511000587863173,-1.92978426801658,-4.65297247464677,1.52642638469958,111.204865,6.21185853938409,FALSE
2106,Gaia DR2 3559997069082500736,169.101105371072,-15.1744045155575,2.53749022445637,16.8296627432895,-12.9311138762798,1.61708893733569,1.3557322,0.546676583821714,FALSE
2107,Gaia DR2 3559818948198324352,167.960185546551,-16.1939080827838,0.377162259509464,-14.519259231981,4.39650552779842,1.52129863804202,74.4191,98.6671583233493,FALSE
2108,Gaia DR2 3559881689080625536,168.313495304628,-15.5397599260143,2.77850719455468,-29.9086266853414,-6.18775400602284,1.59172941568299,1.4390643,-4.50255550530779,FALSE
2109,Gaia DR2 3559695180125109632,169.375491705501,-15.9641785440016,0.328393348339178,-8.73487757109922,3.56991878725447,1.48608205793991,113.26602,36.2150713355916,FALSE
2110,Gaia DR2 3559915636501950720,167.618180087268,-15.5805807861465,0.98220988310556,-16.9691222782975,-4.10785452002561,1.53194428139081,4.147631,69.8131439526357,FALSE
2111,Gaia DR2 3559894642701826432,167.802546085296,-15.7893249747767,2.86985477823114,-5.90775438827141,-6.43864000879872,1.61201432751774,0.95849174,-3.40304970387939,FALSE
2112,Gaia DR2 3559901033613173120,167.850660731586,-15.6527023870678,0.384225208288814,-2.50181983968599,-0.338048715300928,1.49581505354795,71.27226,22.8670714970163,FALSE
2113,Gaia DR2 3559737240741386496,169.924024944721,-15.598168301248,1.09417025420431,-26.8317525812215,12.2309557332889,1.53802178268428,59.18352,6.88419840481108,FALSE
2114,Gaia DR2 3559849734523957888,168.396838477044,-15.9592596570512,8.05807518970283,-24.9899562100313,8.06709340977425,1.61860321987697,1.1435719,1.8843661591568,FALSE
2115,Gaia DR2 3559888011272313344,167.726726206473,-15.8651461287556,2.66837226681164,-35.6827799276118,-2.79023192704856,1.58141655944457,1.7175395,20.0880331547381,FALSE
2116,Gaia DR2 3559737206381647488,169.923777098674,-15.6072986464524,1.75441449873135,-10.7210498646656,12.7987383752362,1.52976321229477,14.409742,41.5669908935801,FALSE
2117,Gaia DR2 3559768675605068288,168.948444426831,-15.6550691956233,0.857404515549607,1.0856755559563,-0.738558892424794,1.53425968128101,11.190133,2.42989860884143,FALSE
2118,Gaia DR2 3559690786375050496,169.630694239294,-15.8878283984721,2.21154311848419,-35.406537254048,11.0427865149726,1.63634753160987,1.8541026,60.2209042643388,FALSE
2119,Gaia DR2 3559765759324068608,168.839415489217,-15.7584173408992,0.433921240678287,0.192577624005577,-19.5355355790097,1.619699520836,41.800953,82.2859776578198,FALSE
2120,Gaia DR2 3559767133713604480,168.770779193891,-15.7009519496989,6.80399541282808,43.8785458149813,-6.8922056334658,1.54480681357821,0.34649816,-4.40228935199087,FALSE
2121,Gaia DR2 3559966244100944256,168.993215561426,-15.4225517372384,2.38983339197117,1.78189192003844,-45.4938624566974,1.6206651651079,1.5056489,17.5309167213704,FALSE
2122,Gaia DR2 3559879868014495872,168.480741144637,-15.51523193408,2.13241869959789,-20.0583489362786,-9.35108839421719,1.61645455385532,2.6167564,-6.00018288369065,FALSE
2123,Gaia DR2 3559838735111559040,167.876636579796,-15.9577128944306,0.471325191877776,-8.59872632588127,-3.74297239721233,1.47140130131167,241.758,15.1644141831492,FALSE
2124,Gaia DR2 3559983355250649984,168.833360334386,-15.3130049089482,2.05469441314161,2.52165779087044,-6.94797671369428,1.65365303504862,2.6576781,-0.784302872307851,FALSE
2125,Gaia DR2 3559747789180949888,169.166434088209,-15.8365373800342,3.86636872051871,-35.668508424627,13.3491075648651,1.55132502496515,0.43786538,-44.9508849342756,FALSE
2126,Gaia DR2 3559644916124451456,168.754716445859,-16.1409455046511,0.909297786411201,-10.4690442996372,5.10995803475335,1.52091963719115,34.495274,-9.34291889271428,FALSE
2127,Gaia DR2 3559790459679594624,169.75276124862,-15.4267080910635,0.520229554246323,-5.39537352713849,-8.6639604103454,1.52334459093012,38.24524,87.2224064646773,FALSE
2128,Gaia DR2 3559789600686135808,169.623160728566,-15.4465165510978,6.4912766559465,-53.1620583132237,-21.0044311596595,1.53998375012964,0.33581042,32.9309349694667,FALSE
2129,Gaia DR2 3559960265506179584,168.625135388292,-15.5852792136222,5.40716104780705,-10.9828728243821,37.3426969199848,1.51648779575535,0.23894456,7.04042295265692,FALSE
2130,Gaia DR2 3559772906149674880,169.237517800228,-15.5705853839254,1.59497846833566,-6.66429032451932,7.78218946922579,1.62235628596427,1.4715137,-5.50271609908654,FALSE
2131,Gaia DR2 3559871312439560320,168.137759561121,-15.7685543993802,3.78034289271754,-14.2586152171825,-6.33206692164047,1.54493719880862,0.4226174,-0.985640688790241,FALSE
2132,Gaia DR2 3559753389818309632,169.292132478329,-15.7793814187311,1.47467206815379,-32.086109388922,11.18608876734,1.62954950665468,9.009794,24.7342538844259,FALSE
2133,Gaia DR2 3559723217671612800,169.850405131732,-15.6945200012569,2.50087009906375,-37.7147587918142,-10.6855952089587,1.588314694283,1.1672235,19.7882524795199,FALSE
2134,Gaia DR2 3560133923920899328,172.042404755879,-16.4740010271245,8.9743346609722,-47.9986327628332,9.22710158591471,1.40382792071739,0.12750478,-13.4203501671549,FALSE
2135,Gaia DR2 3560356712465181824,172.344005912834,-15.3864250893263,1.54687606621752,-13.5946248698932,-2.22122138940623,1.62797986922133,4.424215,20.0390509091727,FALSE
2136,Gaia DR2 3560209755863350272,171.575413049354,-16.0472164889194,5.64397112468592,-81.1791806019713,15.4117865622441,1.49384139013547,0.20031163,-1.29666072055727,FALSE
2137,Gaia DR2 3560371796390331904,172.302905668142,-15.2517179219897,2.97359168287299,-39.9547914338745,23.8027780845431,1.62762798027064,1.111332,-18.5894869356936,FALSE
2138,Gaia DR2 3560174399692514304,171.188398185962,-16.3752042543977,2.55101673022406,-55.2482594858198,23.6916119862539,1.63057074034159,3.3879483,47.9123975939242,FALSE
2139,Gaia DR2 3560394233298557952,171.044512860375,-15.9099702541506,2.3346199088262,-27.6439006287369,-7.51439996293701,1.62376404674945,7.168664,24.6568206354459,FALSE
2140,Gaia DR2 3560145468792968832,171.946393764122,-16.308073393293,2.66361571241388,-33.9025324188114,17.2967751670815,1.57417925584737,12.281873,19.0164842965346,FALSE
2141,Gaia DR2 3560324689188925184,171.728071128897,-15.8132688208942,1.20636999040095,-12.1384546941742,10.2977192133302,1.60327120414207,2.8672388,2.49613472756994,FALSE
2142,Gaia DR2 3560030531171132160,168.366607641036,-15.2366208532111,1.91093643895268,-7.44806497212497,-10.4725716756424,1.63545491805683,2.2320175,29.232250264236,FALSE
2143,Gaia DR2 3560207453760873216,171.440021593239,-16.1458086035916,2.57685198128709,-0.171241677244391,5.84470569964282,1.68125788849805,8.397086,-5.75382929597001,FALSE
2144,Gaia DR2 3560033279950197504,168.365145439923,-15.1492294857186,1.00535912042829,-20.0176223882398,7.30846009226516,1.54726562575728,8.34034,56.5583783977551,FALSE
2145,Gaia DR2 3560195256053750144,171.37165120842,-16.1674943553909,0.771309833220879,-11.3708740347607,6.89227932301633,1.46111570546631,277.90372,-12.02436820543,FALSE
2146,Gaia DR2 3560046267931298816,168.292810540091,-15.0808693898779,19.6177414968035,-103.150066534422,-34.721397659603,1.5055560186758,0.21378444,18.2749003758848,FALSE
2147,Gaia DR2 3560082590471176448,168.464015490876,-14.8339835004347,0.273618063179487,-9.87065911020729,-0.36734247387303,1.49724347416665,90.20605,61.9743333442295,FALSE
2148,Gaia DR2 3560326338456370816,171.729576825923,-15.733463217136,2.80616926650545,-79.5416632266422,-23.470185876126,1.62234238475512,10.441318,27.0155723202565,FALSE
2149,Gaia DR2 3560183023986888448,171.395878432976,-16.2273011000993,8.49599800030319,-9.89816247991824,-0.843861318992333,1.5435073746201,0.3269725,3.50861974056103,FALSE
2150,Gaia DR2 3560033245590459776,168.355190863186,-15.1546253348246,5.0617478809551,-29.9401612899601,-5.86668255596035,1.54400747026923,0.36204898,-6.93119623219594,FALSE
2151,Gaia DR2 3560328984156222336,171.628289484093,-15.7454509827406,2.53765807065299,9.64367531511802,-9.8035798986907,1.59963810863992,8.896835,21.1101980086318,FALSE
2152,Gaia DR2 3560005452858683520,169.279399154127,-15.0641998236102,1.50925835023619,-1.2784632034704,-9.68345179605081,1.61802046784247,2.366048,2.53173665190259,FALSE
2153,Gaia DR2 3560352314418669696,172.421791250475,-15.4620068512605,2.78186768983353,-3.15219631930703,-18.563574002269,1.67157971185431,2.5561247,-12.5970906578143,FALSE
2154,Gaia DR2 3560002394841968128,169.28488482816,-15.0884258046532,7.26728025221539,-53.9262046486583,3.54878022131184,1.60954238176369,6.420544,-2.63184037596233,FALSE
2155,Gaia DR2 3560164435368558464,171.96617301569,-16.0990258085955,2.93205885555179,-28.0628900518052,11.6742543711327,1.60385485979729,1.2221956,12.1787905782413,FALSE
2156,Gaia DR2 3560149488880716544,171.692092067699,-16.4266720069393,5.44140794585891,-49.5364218095952,12.2811117695287,1.61545285789837,2.1393168,6.38974510211785,FALSE
2157,Gaia DR2 3560289917133839360,172.45870215487,-15.7932913220376,0.710015529623922,-14.0401452507644,-13.8837740001537,1.5203915965847,54.073116,-9.59667475869614,FALSE
2158,Gaia DR2 3560240056856318848,172.306430521485,-16.1440158761036,2.87491855107067,12.8523506516732,-17.9198850522426,1.59482715557954,0.8016384,24.1301600901467,FALSE
2159,Gaia DR2 3560061111338563072,168.819879084241,-15.0025303584993,1.22941177831893,-9.75097665838308,-1.39127574473467,1.63622658645145,8.324947,-14.4923309076201,FALSE
2160,Gaia DR2 3560308368313217280,171.908559593227,-15.9217045250397,11.5934669725917,-56.9278602405994,2.57027658838247,1.58122150006913,0.5152431,-3.07832243039195,FALSE
2161,Gaia DR2 3560032253453029632,168.389341065493,-15.1821885984197,1.10216491400188,-7.18835680101319,8.78453304037292,1.45922905371105,174.52304,8.07761775358052,FALSE
2162,Gaia DR2 3560250192979135616,172.40253242655,-16.0237043404515,4.06902547365605,-24.2011878156291,6.78068794090239,1.57879294996042,0.67817384,-8.3602683485524,FALSE
2163,Gaia DR2 3560015722124178816,168.875049933752,-15.0012970849942,0.857479373110228,-23.3998520189882,4.99328218038751,1.55782962105144,10.151535,79.4869343586081,FALSE
2164,Gaia DR2 3560005517281887104,169.304199951161,-15.0603212131486,1.43672582397827,-23.7349301778483,-4.17572936897936,1.5805401529064,3.2669525,32.2174166262762,FALSE
2165,Gaia DR2 3560291051005207168,172.41348729819,-15.7441965857393,2.46739759440821,-22.1244633580837,-12.6328553204679,1.58695643540667,1.176974,14.8291791426988,FALSE
2166,Gaia DR2 3560165569239925120,171.93009391194,-16.0501047790353,5.90871414140985,-32.0065254476104,-5.91913480869497,1.48976160062795,0.14235634,9.7641835624709,FALSE
2167,Gaia DR2 3560074069256152320,168.885932417574,-14.8140526070751,2.02768943600976,-3.98892772172148,-6.97187122933908,1.64201355793771,1.5962095,-6.462175324802,FALSE
2168,Gaia DR2 3560069705569378688,168.981670450485,-14.8840700503346,1.41790100020027,4.79284590144499,-1.52893510870685,1.61263172776306,2.5275462,21.562281987741,FALSE
2169,Gaia DR2 3560253564530639104,172.414634707092,-15.9173019114865,0.499947896462392,-10.9109565423353,-9.24737734300349,1.53825542990736,55.696796,80.6294021254089,FALSE
2170,Gaia DR2 3560420759016586496,171.178999697206,-15.7536705290517,0.974021142928448,-6.75841031679859,0.181343538788032,1.50420043637424,59.023495,-10.054065459003,FALSE
2171,Gaia DR2 3560386949034014080,170.986585315242,-16.1236455677305,5.55810927893811,-4.37049606628342,-15.2579921752296,1.61602221941027,0.7845615,29.2664944521638,FALSE
2172,Gaia DR2 3560011362733625088,168.968017392269,-15.0727653726968,2.30812234704314,25.5002799189614,-27.1040105990153,1.63983081958798,2.2181942,75.3407753822983,FALSE
2173,Gaia DR2 3560365268039951360,171.932504309408,-15.4001456592028,2.76979750718102,12.8049528094896,-28.5318420657018,1.59834668676289,1.6777556,-15.7455497696295,FALSE
2174,Gaia DR2 3560332626288497792,171.769306683792,-15.6028362326234,4.7144205303146,38.2354003793842,-9.20901737318497,1.53405174546807,0.228281,24.897699080957,FALSE
2175,Gaia DR2 3560090179677212416,168.831333430323,-14.6336358744537,2.10476086110401,-10.0698674666938,-1.74001814329878,1.62401832331185,1.5558338,-7.0596055890365,FALSE
2176,Gaia DR2 3560263975531360640,172.243807892988,-15.9358681227054,1.58666554998024,13.414932525766,-12.7116418354967,1.59392516757991,2.3007004,41.8782299658093,FALSE
2177,Gaia DR2 3560433025443185920,171.171442089088,-15.6837328852132,0.617344091850748,-10.4638429013944,-4.93283978180654,1.41085310679534,389.4161,18.3229619485465,FALSE
2178,Gaia DR2 3560142135898374144,172.187074629561,-16.3572238471823,2.16194796280486,-5.02357850264499,-17.7858130383078,1.65424946488848,3.3427453,3.03273802126186,FALSE
2179,Gaia DR2 3560405155398861696,170.88726634484,-15.9174119392906,2.15932438190312,-16.8887150039782,0.777629383521911,1.6246717016909,3.206196,4.73999239194445,FALSE
2180,Gaia DR2 3560394989212739968,170.688815248123,-16.1356647927769,2.65344091579894,-34.341682915063,13.9694938824224,1.59913654193061,0.75378954,76.3863939830219,FALSE
2181,Gaia DR2 3560263803732663424,172.214920068133,-15.9712160543824,0.657323891909387,-10.2724828472801,-8.43652369708642,1.52308502799505,29.673897,32.8852517640241,FALSE
2182,Gaia DR2 3560295547833514368,172.339271621523,-15.6567393704204,4.07913272131476,-50.2610741976249,16.259744960321,1.5378327040256,4.409197,35.3271511385425,FALSE
2183,Gaia DR2 3560405846890077568,170.924072320592,-15.9107010955886,7.48536625394862,12.6768168123439,-0.539695323251447,1.43295279389744,0.10346114,29.5047558906323,FALSE
2184,Gaia DR2 3560397085156784384,170.760035437253,-16.0647675737332,1.17441578733248,-12.533412295568,13.3494218610945,1.6018713436645,12.66223,-7.95027661875983,FALSE
2185,Gaia DR2 3560165637959401600,171.908260967273,-16.0646172099905,2.82305996762376,-50.5976575258584,-12.9362246235024,1.59032589814211,1.8839608,9.3892885636559,FALSE
2186,Gaia DR2 3560333554001453696,171.955311727108,-15.6582480884673,0.615538833523226,-2.5771723370391,-0.368258718722666,1.51121313852286,56.118885,3.46002232900638,FALSE
2187,Gaia DR2 3560138626908395776,171.894678193218,-16.3978189728049,0.66551593382799,-0.191359660706021,-6.26714820719489,1.5277682882383,58.90998,-1.60416707602646,FALSE
2188,Gaia DR2 3560340249853127680,171.958678469067,-15.4839571995557,8.53831381319528,-55.9626009655518,43.0504541821619,1.57017068215607,0.18811513,-9.57904554257135,FALSE
2189,Gaia DR2 3560326510255081088,171.825511340898,-15.7625065448142,1.85051983974593,13.8618194485836,-25.1503814806304,1.57382728475133,8.453262,31.4086169905941,FALSE
2190,Gaia DR2 3560282392351201408,172.792777905498,-15.7210088031183,2.49868201673356,-30.5375355448921,7.63617508738242,1.65706380473803,4.585992,27.5778978252799,FALSE
2191,Gaia DR2 3560056099112888192,168.333257062183,-14.9788069212099,1.25170939098906,0.497083153583179,-4.0143969848734,1.51302120296648,84.22995,92.4308446439187,FALSE
2192,Gaia DR2 3560056477070010624,168.359135378606,-14.9688829980431,2.92450827501377,-59.4506950565321,2.98622451229952,1.57250031675757,0.93704635,18.898811853838,FALSE
2193,Gaia DR2 3560052594419575424,168.436502504049,-14.9907298436768,3.23605341502586,-19.726987572303,-16.6025688739051,1.51543252729892,57.489414,36.3347922148072,FALSE
2194,Gaia DR2 3560424121974132608,171.51881322567,-15.7073464358395,9.23948140970117,-124.007318047388,89.7429059522456,1.62310810074676,0.7071975,110.983180395523,FALSE
2195,Gaia DR2 3560097090281259520,171.511425127363,-16.8661446032918,2.44188294715282,-18.8385732047611,5.30429108285944,1.59923270044175,0.75869745,-11.4515535530535,FALSE
2196,Gaia DR2 3560360973072681728,172.039982826724,-15.4632366169471,5.42908615132404,-17.0179590570122,42.4015035952484,1.61473257355555,1.2967523,0.667760168845575,FALSE
2197,Gaia DR2 3560264628366328832,172.236132894327,-15.9076769592299,0.600516286632895,-5.43675359430102,4.13383276946611,1.53976634293429,53.65958,24.2316753520186,FALSE
2198,Gaia DR2 3560239305239258240,172.3877768265,-16.1841137914593,2.25866417203678,2.55923509476761,-12.328103038261,1.59349693740347,1.2056327,67.5471862868542,FALSE
2199,Gaia DR2 3560245799229812096,172.494589995253,-16.1028822284836,0.822711776818941,-6.04773449358724,-4.24957348804298,1.57375640537827,10.113934,43.5175119797907,FALSE
2200,Gaia DR2 3560245627431120000,172.490399951156,-16.1245864575474,1.60060578810083,-23.8089445320427,4.40052595674077,1.62998356549588,3.0068166,5.63312899948149,FALSE
2201,Gaia DR2 3560245455632427904,172.441656507138,-16.1301851991152,2.14012829436388,-19.4116480173355,-10.1492123763251,1.63286983464859,5.5601964,43.2370822561541,FALSE
2202,Gaia DR2 3560043489088899456,168.283881505521,-15.1680930295747,0.478847607634059,2.73695088358368,1.65386515658947,1.56777156202709,64.78207,111.412638604093,FALSE
2203,Gaia DR2 3560365577277626624,172.031731628539,-15.3725273229256,1.04507170419295,-13.5119437843395,-0.777315624035789,1.6644787443496,9.808636,-6.58016090029904,FALSE
2204,Gaia DR2 3560367432703499392,172.013619299292,-15.3287016087706,4.67604179287371,-8.2044465942551,-3.64282943644535,1.63747799536238,1.7292482,6.81466016029356,FALSE
2205,Gaia DR2 3560169658048647808,171.23751863649,-16.4689184131185,3.04814255470162,-25.9110322132265,-1.65644205945652,1.59692540676588,0.84487784,8.32829090212911,FALSE
2206,Gaia DR2 3560045481953727872,168.355972659209,-15.1226211975976,3.37552149159247,-16.3554957760291,-21.7550392041049,1.6141348496292,2.8421428,32.323169099957,FALSE
2207,Gaia DR2 3560045172716082304,168.33440766278,-15.1238545854342,1.37041408265979,-21.2918881926029,9.80915380541189,1.5216112974114,46.53742,32.0593844461587,FALSE
2208,Gaia DR2 3560030123150672128,168.370273240081,-15.2685524144448,12.7306422045127,-87.3664273265534,-19.4406270737944,1.62456434268501,1.4025217,-2.8089417059021,FALSE
2209,Gaia DR2 3560084171019144704,168.49578143391,-14.7503114512905,1.51718459019779,-20.343832651063,-12.204716099796,1.56926616952981,2.7677472,24.3909774273073,FALSE
2210,Gaia DR2 3560126467857580032,171.502816954352,-16.5276770363999,1.77761108099255,6.22251702281096,-17.9363215615276,1.61363059697162,2.7581053,8.3540266263056,FALSE
2211,Gaia DR2 3560212539002221312,171.818615194189,-16.0384066711358,2.14952562421891,-26.6475338674131,3.77870576175729,1.58521112246371,1.6068754,30.8645450601265,FALSE
2212,Gaia DR2 3560216868329258112,171.744854663933,-15.9724234744473,2.03639793302397,-3.97529662813308,-19.8807949490363,1.59558574172335,3.0312994,41.4736470510835,FALSE
2213,Gaia DR2 3560211405130850816,171.708919026245,-16.0883503517851,4.98402532384868,-14.2753269770665,-50.3684088736389,1.57013719868703,0.56301296,8.97101730058643,FALSE
2214,Gaia DR2 3560310601696263552,172.031245008958,-15.8393251773362,6.72062553542792,-38.8671270007995,-18.3564278544437,1.5714654881364,0.48207867,-24.5134299926337,FALSE
2215,Gaia DR2 3560315270323339392,171.911413307259,-15.7414906689198,1.75930431222458,-14.954630103041,-15.4607913783138,1.61088194123387,2.623249,20.587400942498,FALSE
2216,Gaia DR2 3560212367203528064,171.809915594564,-16.0625787546218,13.9905498464064,-187.491481368436,-117.699892603504,1.45127805660264,0.3482437,10.3876201151126,FALSE
2217,Gaia DR2 3560353757527753600,172.574699297425,-15.3862407391907,1.93674676278185,0.191882612919708,3.0826639243737,1.57707031654739,6.138384,-7.67083955156289,FALSE
2218,Gaia DR2 3560086438761879040,168.544302634646,-14.6786417898701,1.90864466411569,4.74271634947815,-6.33036763490156,1.6497900806645,2.663949,5.88719755906789,FALSE
2219,Gaia DR2 3560299950177459840,172.608610945989,-15.5840822177274,0.609947385110938,-15.1806852595716,2.41598060605867,1.5214314088571,31.193457,67.4715541923545,FALSE
2220,Gaia DR2 3560264456567700480,172.299951082743,-15.9020458668469,2.62633138796999,-16.5573937626435,-27.0355197826804,1.62469281333888,1.8573185,-4.54492537468415,FALSE
2221,Gaia DR2 3560228653719456512,171.520879577906,-15.9497645926051,0.307945274333909,-6.8939087253204,-1.18627093177926,1.49290045640375,143.54501,58.4499821805143,FALSE
2222,Gaia DR2 3560228928597362816,171.497039796429,-15.9460429048063,3.32079665560221,-15.7041241827829,5.96768163400156,1.58790072992105,0.5828796,14.3446880004263,FALSE
2223,Gaia DR2 3560305310296650752,172.623401065609,-15.4843553621185,5.07231052981894,-50.9241472558721,-21.8267652780478,1.60979536584344,1.589425,41.7410199984538,FALSE
2224,Gaia DR2 3560216249853906432,171.621326183834,-15.9799561136463,1.70580102053142,-12.482848026243,-1.6649346883933,1.66660763204591,3.4645152,8.43838028137319,FALSE
2225,Gaia DR2 3560113617315417216,171.389277014508,-16.7381079421059,2.25567270005015,-22.2667263254496,3.94287193936702,1.57311391824939,4.349167,3.31663531325471,FALSE
2226,Gaia DR2 3560235766185305856,171.544715688885,-15.7745023090474,0.464715467431698,-9.28310099428318,-1.10235075641474,1.48192226589633,314.52808,13.214350693376,FALSE
2227,Gaia DR2 3560113170638816640,171.371828724062,-16.785627844765,0.231693695621709,-8.21291304863835,-1.63326252849863,1.47130958963751,208.93979,52.7702330772484,FALSE
2228,Gaia DR2 3560298094751633024,172.605076925756,-15.6839995791624,1.75028135033478,-2.8215485778391,13.0881994356746,1.6823891089891,8.199883,38.2431375958903,FALSE
2229,Gaia DR2 3560035551989376000,168.526882329127,-15.1409247895685,4.73212125226761,9.48404788886452,-86.7673602635085,1.64748773066027,2.387718,64.5940721377356,FALSE
2230,Gaia DR2 3560200410014468480,171.177438535573,-16.0899126267531,2.53006089679181,-28.1916441077431,4.661939308471,1.69265180369827,7.79669,9.94818301728547,FALSE
2231,Gaia DR2 3560222980066080128,171.462161552222,-15.9580520217617,1.07579367405808,3.34060123927995,-3.30372569677929,1.60082873119455,8.562971,2.57670826990335,FALSE
2232,Gaia DR2 3560257515900479232,172.118050919617,-16.0151126743738,3.50058735428875,1.84985889461972,-4.01909210869048,1.58605957642216,0.94924575,14.757325157438,FALSE
2233,Gaia DR2 3560415398897423616,171.325628131726,-15.8467302517608,1.90729545346934,-31.2965706387906,18.5367934095119,1.6194636722172,4.6078987,16.7586511159157,FALSE
2234,Gaia DR2 3560340009334959232,171.914694442726,-15.5110373572375,5.67002439620342,5.16260325153024,-9.28077831892698,1.49631332888407,0.2857625,23.5750367655377,FALSE
2235,Gaia DR2 3560288748902807168,172.771233565887,-15.6007077340544,1.62822120145766,-7.85917700123979,13.4994744359022,1.57901711709241,4.8894305,0.082432812933618,FALSE
2236,Gaia DR2 3560319256052989440,172.175950702831,-15.7090045639739,4.95677018166206,1.42114194833585,-14.3806347797891,1.50705232516757,0.26253062,-0.142574445163699,FALSE
2237,Gaia DR2 3560421102613994368,171.404158616651,-15.8417420155762,6.49197272382597,-31.4791756449843,-15.1488634366743,1.25469012868639,0.19931291,-9.50946708652237,FALSE
2238,Gaia DR2 3560419315907597440,171.254764310722,-15.8218465571435,2.96275678496575,-8.2667791272453,-1.15066918366898,1.59934812302355,2.2919726,-31.7990254549458,FALSE
2239,Gaia DR2 3560300362494372864,172.674529469221,-15.593972346601,0.354523753584866,-9.31522640709537,-2.91182756376285,1.50116309143828,44.25173,48.5347472414917,FALSE
2240,Gaia DR2 3560286996556146944,172.828569908975,-15.6708202350602,2.37516477262276,-10.4025108742685,-29.6220457219129,1.66923837099392,3.6442783,19.4971311005373,FALSE
2241,Gaia DR2 3560284419575769728,172.839446430232,-15.6747167368111,0.899235115044472,-15.0193220331703,2.01965397978073,1.55368765655309,3.956738,36.0957379011099,FALSE
2242,Gaia DR2 3560399176804384768,170.614344481417,-16.061495017634,4.21932635537212,-40.8417617313275,21.5110788469878,1.58480578902344,0.6820037,0.328831973721567,FALSE
2243,Gaia DR2 3560244527919434240,172.280916051723,-16.0860922275604,3.08826057572627,-22.2399552065352,-8.94299141265889,1.63361520472125,2.3632374,16.9546697427404,FALSE
2244,Gaia DR2 3560272599825745152,172.55986576335,-15.9686123180873,1.8430805224599,-18.6089069711341,7.55045108892101,1.6441728522131,5.4129834,-24.1591052828251,FALSE
2245,Gaia DR2 3560434090595075456,171.110592574599,-15.6565308380907,2.91043354183921,7.020972818617,-22.6679323571076,1.63277514484524,2.5665998,20.1107541884737,FALSE
2246,Gaia DR2 3560143544647650560,172.181039226712,-16.2947787268214,7.22814340500828,-14.4101355228083,-12.2175664356967,1.60746904547801,0.92773557,44.9805734363776,FALSE
2247,Gaia DR2 3560264284769006336,172.267828764531,-15.9431253722448,0.791818806649733,-4.49696619728788,1.69222175821175,1.51968602107368,34.19918,30.6401101029406,FALSE
2248,Gaia DR2 3560439553793480192,171.25918147563,-15.6155306896971,1.80706379913391,-29.1177886902765,22.4742293025672,1.57089040231766,4.563109,12.0318093855007,FALSE
2249,Gaia DR2 3560068571697965568,168.753289452182,-14.8471325168869,0.684472655656899,-8.48293766498135,-0.41689428827051,1.40289039821539,719.95996,18.4155225373064,FALSE
2250,Gaia DR2 3560252190141153280,172.484074122695,-15.9769523939968,0.305719404936747,-12.9702180287181,-4.00634095237619,1.49345803874039,104.85258,24.6122754857211,FALSE
2251,Gaia DR2 3560440309707723136,171.206705829228,-15.6103353358603,1.74958057736972,-25.7601426339113,0.711130869957782,1.64296196353808,6.4629364,3.37860950242204,FALSE
2252,Gaia DR2 3560067162948690560,168.767765149427,-14.8932015275238,2.13736738350198,-10.8130019868023,0.588731668713872,1.62883055153208,1.6776545,6.33319869691115,FALSE
2253,Gaia DR2 3560017925443694592,169.042476594507,-14.9956481448382,2.20005641797153,-27.2692676799936,-1.26534029433592,1.58838290565374,1.518384,32.9798063672273,FALSE
2254,Gaia DR2 3560136603980459008,171.781228937944,-16.4779628968548,0.472200932310305,-0.547621069095403,-4.77756763260744,1.51698273359405,16.791176,18.9290528553582,FALSE
2255,Gaia DR2 3560273596258165248,172.619669057131,-15.8828977436374,6.16391625672332,-51.6095168617478,-15.1946067444011,1.62160459844329,1.041487,21.5089598826483,FALSE
2256,Gaia DR2 3560076027761241728,168.910660283541,-14.7517997108893,5.16218029752421,-36.3263753906201,-2.98694384411539,1.62321054313403,1.5131156,13.1159990971922,FALSE
2257,Gaia DR2 3560242535054604288,172.206502586456,-16.130507205367,3.19912876502277,38.1890035832413,10.3469672598825,1.59696221843326,0.7200298,17.8178462309856,FALSE
2258,Gaia DR2 3560090939887651968,168.815207297584,-14.5797646612689,1.37277003788799,-1.95640345988756,0.479570775561765,1.65641422574668,3.0882752,-6.51601412570066,FALSE
2259,Gaia DR2 3560093929184889472,168.778080453334,-14.573209748553,0.752116182615192,-9.38506604036999,-0.944471388645574,1.50682874317131,49.432663,35.4951527102502,FALSE
2260,Gaia DR2 3560169726768125568,171.291151893359,-16.4787320683837,5.21626202181253,-65.1388519261607,-14.0308254358238,1.58150900371594,0.5146679,23.7055751386414,FALSE
2261,Gaia DR2 3560348706646135424,172.259731302801,-15.5174576551007,4.87328071997661,-33.2545924976948,9.40080204721632,1.5749455109126,0.5832906,14.3512715994456,FALSE
2262,Gaia DR2 3560328365680937984,171.818621087869,-15.6731553112129,2.03033054053715,-22.2247467514571,-10.9022461572754,1.59563347489565,1.6298088,51.0955998278762,FALSE
2263,Gaia DR2 3560361832066194432,172.200716859139,-15.4394769939913,1.68352234704539,-28.5387676625295,-11.6616801267076,1.55688210262624,3.2525523,88.4455006676615,FALSE
2264,Gaia DR2 3560282701588865536,172.855522874689,-15.7661463941398,1.35681557182151,-0.766272632521796,-1.47452748580299,1.61593012137702,1.9374709,-19.70445351108,FALSE
2265,Gaia DR2 3560343621404854528,172.295626739946,-15.6023226313329,4.55017192503067,-126.848725808535,32.1438249629977,1.56086912279554,0.3692988,-0.760369208062306,FALSE
2266,Gaia DR2 3560348397408489088,172.256457037403,-15.5493602813717,5.65404306054505,-48.1923335640078,-34.4432023894967,1.49703248102299,0.22631541,37.1884961941085,FALSE
2267,Gaia DR2 3560361591548024064,172.187460228754,-15.471240991784,0.382872948002328,-14.047814112637,-6.32160554127923,1.47806206062374,118.57458,179.265278944541,FALSE
2268,Gaia DR2 3560311838646793216,171.846339602367,-15.885439415088,2.94170434033543,-24.7321127683233,10.8700051054631,1.61370500974874,0.9136206,-7.10961952709657,FALSE
2269,Gaia DR2 3560263215319975936,172.314410969722,-15.967444901399,1.21519932138526,-17.5520315558442,5.91255880376572,1.52816493120719,7.164315,0.877729729744061,FALSE
2270,Gaia DR2 3560184604534805632,171.001968380148,-16.4302949866785,1.2906361547858,-4.69495093278062,4.89580454351994,1.620692943552,6.3777914,18.9040894795346,FALSE
2271,Gaia DR2 3560079803036229504,168.599282068374,-14.8187555191479,4.78969903389801,27.9800094326378,-16.8385685555655,1.5577791105675,0.44947696,-13.9580344317413,FALSE
2272,Gaia DR2 3560358396092366080,172.40177502227,-15.3366344246411,1.87547587635701,7.38606754881884,1.23559887877615,1.60915354744689,2.232349,2.5353550265514,FALSE
2273,Gaia DR2 356114327130253440,29.2117944069904,46.510159142708,0.533084848169619,-0.729772890718743,2.34998261038037,1.54718209033882,56.771904,-42.8395851015735,FALSE
2274,Gaia DR2 356046741525970432,30.3781166106412,47.052351900624,1.31967106372063,5.17395200516442,-5.78413724063064,1.61887109633098,2.0486324,17.8838366022199,FALSE
2275,Gaia DR2 356062684444570496,29.9499138037624,47.1418977531747,1.0658682451957,-3.53239345249005,-0.0873110577778984,1.58860386175257,6.8096957,-31.8202656362106,FALSE
2276,Gaia DR2 356141608762524800,28.3475820774377,46.3906979169559,3.29160658051509,4.5226153758835,-4.59210456613698,1.58953808820772,1.7348748,-20.1787011399049,FALSE
2277,Gaia DR2 356131030260385024,29.0597253579839,46.7631368339579,1.00738903541833,-3.71091781323762,-4.55951157434949,1.51626020376423,14.869222,-52.9544201280754,FALSE
2278,Gaia DR2 356066979410358400,28.925139794623,45.8523693827263,0.52262359804503,-2.64915018612719,-6.21951389113007,1.51128130989121,29.526213,11.0247686710845,FALSE
2279,Gaia DR2 356068869195967488,29.0283413755734,45.9704047850406,3.22256966845991,-2.32822605212894,-10.9324865514478,1.55388268974716,0.90205,11.8764924583267,FALSE
2280,Gaia DR2 356028397722004992,29.6747486332544,46.8358773865589,0.857783577775625,23.0439475679708,-10.9484820296573,1.52869125092509,42.015747,17.7279526826567,FALSE
2281,Gaia DR2 356032413515064192,30.2170826759371,46.7074139082574,1.9893572011606,22.7298417009981,-9.98515217948794,1.59684307568713,1.5432796,39.2051774908896,FALSE
2282,Gaia DR2 356129793309808000,29.1660080928414,46.7195869661685,0.354358402692417,1.55073727665468,-1.95266691470161,1.51194497162417,58.766582,-56.1528541984772,FALSE
2283,Gaia DR2 356041759363912192,30.4518877559531,46.9033934056978,0.487698612296775,3.47323658898811,-2.6830610161038,1.55030274787952,68.203926,-11.8944249345423,FALSE
2284,Gaia DR2 356031760679392000,30.1981053823657,46.634543201423,1.4558185319565,11.159056459407,1.33365633464331,1.49506366209394,31.723654,-18.651571753278,FALSE
2285,Gaia DR2 356014958767333376,29.7105926730541,46.5314556245506,0.497296734444406,3.78265384396039,-5.2093306787855,1.51624115760246,31.997032,1.50827558418073,FALSE
2286,Gaia DR2 356135531385839488,28.9440399872409,46.8782970987443,1.68208228580801,4.00001085000711,-5.64663599156374,1.61325513823877,6.8682,14.1167510952804,FALSE
2287,Gaia DR2 356048734390140928,29.964968476093,46.8346796774242,0.662414762915962,-1.46053433668571,-3.90939479862467,1.48591905250653,36.23792,-39.8758772899121,FALSE
2288,Gaia DR2 356008705294951296,30.0054318020841,46.4990156273849,0.326911295549173,1.2601072692984,-0.443960219590838,1.47620219709716,99.6845,-39.5827868476655,FALSE
2289,Gaia DR2 356089828636363520,28.5084134904922,46.2202947221025,1.56070430211838,6.0864402465451,-2.46851736811434,1.54240351927436,2.7439635,42.507433924173,FALSE
2290,Gaia DR2 356080517147267328,28.8597127732656,46.1985336855919,0.497503627985678,-1.7300076591637,-0.686396583391535,1.51657362905183,52.328392,-59.7544795919668,FALSE
2291,Gaia DR2 356089416319504128,28.4832062866594,46.2080735145101,0.476509158605979,5.49820726693013,1.88339380626794,1.53605108011058,43.024406,20.823709886652,FALSE
2292,Gaia DR2 356045848172774400,30.1667289526278,47.0117783418022,0.518160928128708,-0.134670269024358,-2.22934661036891,1.51193523030736,54.78841,-14.2378318913042,FALSE
2293,Gaia DR2 356203147053948160,28.4397067658035,47.17390757362,1.3553748249261,-1.87414510187895,-2.0887768027917,1.52135982395503,25.512653,-21.274039165904,FALSE
2294,Gaia DR2 356049906918199296,29.9688230926023,46.8838801513359,0.269487426652163,-1.69351214503871,-4.20179924551756,1.50824294329551,63.400055,-48.4819542790194,FALSE
2295,Gaia DR2 356026233058476928,29.8684173271268,46.8524589169502,1.91899232460958,12.5409698855184,-2.73774585840098,1.64794256656744,6.866553,28.7896420773162,FALSE
2296,Gaia DR2 356193908581317376,28.2858837792994,46.9492838867005,0.574621028168817,-2.25160613044663,2.04361889059103,1.4437092888537,139.5829,-36.051984790707,FALSE
2297,Gaia DR2 356132675230526208,28.9604502404037,46.7715599135378,0.430617005744776,4.63139106155811,-0.934083392929377,1.53471219350919,117.04729,10.6537413169254,FALSE
2298,Gaia DR2 356134015260322048,29.0319383216738,46.7801834994452,5.31687664805492,20.215630768691,-14.5060918343483,1.58013835802166,0.50330865,4.01725468533117,FALSE
2299,Gaia DR2 356132709590264448,28.9335629371598,46.7736312800863,2.32219168003304,10.4764721831859,-0.563230445664606,1.60866610829032,2.2369928,-35.4722453140479,FALSE
2300,Gaia DR2 356028152906858624,29.708823065609,46.8260221773193,2.5186749534618,8.868874809177,-8.70925223441725,1.60658802600001,1.2082971,18.22843899392,FALSE
2301,Gaia DR2 356043030674229760,30.3603256341069,46.9530765222257,1.51948924284751,1.27726958570072,-1.5918049536849,1.67169860142461,3.3157105,5.3286142007612,FALSE
2302,Gaia DR2 356044473783241856,30.2728488702678,46.9469485079318,0.409623319343609,-3.04351554485198,-1.3110050030379,1.44382489885377,492.98425,-72.9754776509191,FALSE
2303,Gaia DR2 356035746409684864,30.1785262552942,46.746338490681,4.72574856875906,-13.906951245086,-15.4784804523079,1.62271713590119,3.1541524,-14.3860271271855,FALSE
2304,Gaia DR2 356190678765924608,28.4086402109445,46.8974029861625,1.05268409528429,-0.23138911310428,-5.30995702694903,1.51052944077785,39.790485,-26.4899865055951,FALSE
2305,Gaia DR2 356194630135820544,28.2571489325039,46.9558171303369,3.3052970112241,-35.6548351697596,-19.4374746012279,1.63000875919259,3.3689675,-35.3503412023651,FALSE
2306,Gaia DR2 356078764800609920,29.0925347962337,46.2131222362113,0.769677856306026,-5.66066053370598,3.04302829022066,1.51990255488198,12.381422,-63.934646385531,FALSE
2307,Gaia DR2 356081616658893440,28.995568829207,46.2290849504211,1.20439762462777,2.23091782463257,-0.984026273655421,1.66091851344285,8.98896,-20.2918018675331,FALSE
2308,Gaia DR2 356009048892333824,29.9616394431089,46.5343669440302,1.06569328690358,-0.0241007864689009,-5.78497694134604,1.64281818250894,6.2526054,-15.4184518954003,FALSE
2309,Gaia DR2 356127246391865984,28.8140101294791,46.7316173316042,2.39169793350506,20.9788831961896,-3.6910994744415,1.61278199042693,1.7186934,2.34368699709969,FALSE
2310,Gaia DR2 356123677276208640,28.8595407928322,46.5517090763885,0.631889698876049,-6.11109722463582,-2.66877035018583,1.52164326185036,49.790142,-80.0117020737406,FALSE
2311,Gaia DR2 356025511504005888,29.8091195191738,46.7696462684056,1.02929660632798,-8.77855835723778,-2.97130162773513,1.539956178592,52.260048,-72.7841849481661,FALSE
2312,Gaia DR2 356020834282590720,29.5815104005322,46.6478377267648,0.569903542639164,-1.43069274064174,-4.15405221194974,1.52475319194859,67.09109,-25.9453715978601,FALSE
2313,Gaia DR2 356052651400327168,29.8576158660237,46.8780890769671,1.93671241085326,-4.3158583624406,-13.6853831949139,1.64563752584438,1.8949337,-74.5963692458898,FALSE
2314,Gaia DR2 356122955721669888,28.9591850501359,46.647487634807,2.5707678760411,14.1735930810899,0.38628919317576,1.64445401243111,3.7396555,-29.4748013990134,FALSE
2315,Gaia DR2 356167825242877440,28.1815198084582,46.7540057271582,0.422130455554545,-0.530125524214921,-1.35364379530087,1.50876568455751,49.194145,-40.688430382719,FALSE
2316,Gaia DR2 356181985752108288,28.8010423143768,46.9007742276339,0.854725858309887,-6.77690295170823,-6.85371191043238,1.49615668467278,56.04616,-69.4866603148744,FALSE
2317,Gaia DR2 356161159453638144,28.1422816535333,46.6667337535243,2.22721502834347,11.8900675322755,-5.52301820639137,1.61719760886676,1.4080242,-5.62525154626315,FALSE
2318,Gaia DR2 356135840623469056,29.0050351581733,46.9183205408051,0.591797230116149,-2.92377212912718,-0.0580295577817957,1.54132438165103,69.75246,0.567448497838051,FALSE
2319,Gaia DR2 356064990843247360,30.0112978694113,47.2753231792622,0.306425204690871,-1.70253374553295,-1.71274526122263,1.4990999952634,83.626724,-34.3841163691964,FALSE
2320,Gaia DR2 356143743363454080,28.3777889262808,46.4760177011865,0.623471956895579,3.95834371388248,2.97642752508536,1.4396404985265,579.29626,-20.9655146828113,FALSE
2321,Gaia DR2 356013068980849792,29.7455834822267,46.3802164207446,1.90293141484347,12.0400015045732,-10.9256429222019,1.5796360256744,2.0859108,30.9094841615846,FALSE
2322,Gaia DR2 356163083598988032,28.2723911911233,46.6490705101921,0.516419822739534,11.5431765782034,-1.2398336285581,1.55300960614312,25.416983,43.5256439440207,FALSE
2323,Gaia DR2 356128002306115712,29.1329303446278,46.6369601436097,2.6944877377806,31.7547141891637,-18.7275944360711,1.59104810999327,1.8491445,26.4746728758094,FALSE
2324,Gaia DR2 356145701868538496,28.6220973289369,46.4666268962466,1.98432514914272,21.8452334963465,-2.39069710235113,1.60966468027305,2.0087764,-205.126972454639,FALSE
2325,Gaia DR2 356029394154401024,29.7917528163102,46.8825372766579,1.49500652783112,-0.246620090127628,-3.67429316770978,1.67960127145953,5.166475,-12.3542698677262,FALSE
2326,Gaia DR2 356175521825205888,28.6928061417802,46.8164756951294,0.60075960309701,-1.95059789755493,-3.87437058613184,1.52179250531552,37.984756,-45.2766683893772,FALSE
2327,Gaia DR2 356169062193450240,28.1183683576882,46.8337829194559,1.02225636433673,10.5150928520225,-8.49178426901588,1.58435059501044,8.818656,-37.5872304435706,FALSE
2328,Gaia DR2 356180332187640832,28.8325533261191,46.8060613217824,0.758344228995315,0.808653688179326,-8.10448414784707,1.51137971011804,16.148396,-14.3309760299047,FALSE
2329,Gaia DR2 356119176150776192,28.9913580515105,46.445328372299,0.883449772416485,-2.59673752318065,-2.64678261970427,1.58781105583024,19.50838,-24.8933907722426,FALSE
2330,Gaia DR2 356173327098103040,28.644472449661,46.7067711142363,0.861613573373362,-7.1706920155409,-1.74919130929776,1.59148848994502,8.207692,-2.20425139127299,FALSE
2331,Gaia DR2 356159372747232128,27.9834187074634,46.5443643151054,1.78794064214725,-18.5363559568589,-10.2844031548414,1.60358001205767,1.8137171,7.14803028994205,FALSE
2332,Gaia DR2 356099247502274816,28.761511624839,46.4281592171602,0.489330182796552,0.827208811215186,-3.4626088881759,1.51733185759826,58.987946,-67.1981643409215,FALSE
2333,Gaia DR2 356175800999274752,28.5667174883339,46.6894588562533,3.09037236202358,6.80138076215888,-11.4818306793128,1.56303808290577,0.43367574,-29.3599574783426,FALSE
2334,Gaia DR2 356062104625239936,30.0258389780643,47.1512153753831,0.549520829025843,-3.73250542440667,0.731305238167889,1.45852933193907,114.89671,-18.101921349168,FALSE
2335,Gaia DR2 356187998706274176,28.6784090743641,47.0596848629963,1.09720528217273,10.9542888779617,-3.65560618139543,1.65753797996354,6.306084,-14.7872919181183,FALSE
2336,Gaia DR2 356198993822559872,28.4872931891115,47.0411937780743,0.351761797680138,-2.20769302397794,2.39428265902857,1.50988776442843,49.591454,-70.1549422757853,FALSE
2337,Gaia DR2 356020460622510976,29.7121186976539,46.6744813612316,1.15481132869489,7.53510209603926,-3.92921453007364,1.52413664711192,9.686836,20.9163743645415,FALSE
2338,Gaia DR2 356031490098514304,30.248036021804,46.6655531874523,0.968094453485399,-7.24242144544135,0.269567792161187,1.46837295907246,51.637432,-57.2355797843628,FALSE
2339,Gaia DR2 356031936775110912,30.2155456768061,46.6739336635252,1.09797377705543,-4.28809405813897,-4.8065457904793,1.54755795538962,10.344394,-28.773375175661,FALSE
2340,Gaia DR2 356190232089336576,28.3832153738387,46.8560714393231,1.58627073619471,-4.45876819233118,4.64641868069486,1.6227580614421,3.010154,-29.2665502948037,FALSE
2341,Gaia DR2 356069285810636800,28.9900329813132,45.9705755154232,0.696064775307674,-0.841901566643846,-1.60392457945149,1.49382370707975,81.15627,-15.6605513569547,FALSE
2342,Gaia DR2 356201536443168000,28.549807968902,47.1786987389968,3.24173892336224,5.84793656168304,-11.6837229547496,1.64295815699015,9.577122,25.8573811853126,FALSE
2343,Gaia DR2 356059424565655808,30.2220366189546,47.1030134775843,1.26050969055198,3.57756577500161,-6.71386749038487,1.57479400837737,5.701869,-57.5984234755923,FALSE
2344,Gaia DR2 356009706024421248,29.9890711736215,46.6025165275328,4.28092227862599,-8.28964588771288,-2.8663281266729,1.56497354386604,0.38433704,-11.0937127790208,FALSE
2345,Gaia DR2 356011595810004096,30.123515797219,46.6611121074168,0.832146729039982,-3.82909733038526,-1.33852905840582,1.32122353771554,1078.2228,-74.2032458710863,FALSE
2346,Gaia DR2 356016612331843584,29.7430006478688,46.592940724635,0.355223099284292,-3.60128865836298,-0.923651084083744,1.51397837216124,48.391846,-87.5240168323609,FALSE
2347,Gaia DR2 356058050176124416,30.14713723518,47.0967782250628,2.33878251896248,-13.7247430075393,-29.7177915974519,1.5957605564336,3.5820339,-22.6308465521454,FALSE
2348,Gaia DR2 356069629408017664,28.9486137651522,45.9990487802323,0.813189637541636,-2.87669875731897,-8.83840739004546,1.54870121674615,47.35083,-25.9289458326144,FALSE
2349,Gaia DR2 356010393219191552,29.9411434820698,46.5973132302801,3.33145998568863,-9.07754566658798,-14.6434057862765,1.60136979587173,3.1469584,-39.8873192271139,FALSE
2350,Gaia DR2 356181058039178752,28.8277144599439,46.8761623629323,2.82658377977507,14.5933097345114,0.214858493719621,1.63225186121607,1.4090511,14.8432042602301,FALSE
2351,Gaia DR2 356069973005400704,28.9769887249986,46.0073072971011,0.746316243088898,0.197163704690243,0.0663437732291099,1.51281828048531,55.284702,-41.4073552225012,FALSE
2352,Gaia DR2 356132645167853312,28.9532811030083,46.7547726585067,3.33077046759748,-3.59560007811414,-16.654519982898,1.59348535126796,4.3013387,-13.1679307696487,FALSE
2353,Gaia DR2 356180194749580800,28.8322280016012,46.7825280415501,2.10234284410205,15.3412942045081,-8.4731642982138,1.64037084137296,4.029175,-11.4877091893071,FALSE
2354,Gaia DR2 356184390933758720,28.8056138204631,47.0072340229804,0.682655299531184,25.7667839297808,3.21234988324344,1.54747223651395,21.004211,-83.9304657961037,FALSE
2355,Gaia DR2 356071450474041984,28.7713593056322,45.9729181617485,0.321314204159521,3.01050101036484,-2.78081572383866,1.44938898201743,269.50314,-8.16832332734323,FALSE
2356,Gaia DR2 356118798193574784,28.9946601908294,46.4279809516273,5.1506343062558,23.6552550800188,-39.309982099534,1.60162856980132,0.70505416,49.1081861827443,FALSE
2357,Gaia DR2 356104745060585856,29.2042823534141,46.3962070867912,0.359170621325948,1.32181406157441,-0.554348524114568,1.37785348335819,305.2166,-8.38304710926718,FALSE
2358,Gaia DR2 356201914400288256,28.5599896089644,47.1985011007629,0.30710006173265,3.49407583818199,-2.14542790835638,1.5061429064628,63.778282,-62.4772816412556,FALSE
2359,Gaia DR2 356185627884347904,28.6963752183511,46.9861917800756,0.774884923549011,6.16686127044993,-7.7262617632875,1.5195249796379,51.42799,-60.5030387254996,FALSE
2360,Gaia DR2 356130549224044928,29.1339045721595,46.7820201303629,2.15871455648019,-22.0877443441798,-14.5221903180613,1.60980766826305,1.4177248,-21.3742948971967,FALSE
2361,Gaia DR2 356079318854228096,28.9385913027028,46.1147312818351,2.6815333566469,-7.65933329496561,-12.7447787321931,1.62876096030688,3.152179,23.4038517905428,FALSE
2362,Gaia DR2 356025442781942528,29.8368487880911,46.7570052460869,0.536602968375211,-5.24635979570186,2.27060363863206,1.44311763326439,266.29483,-94.8501083966247,FALSE
2363,Gaia DR2 356107940516250880,29.1403469515642,46.4171506874111,0.36229530956133,-3.6665650886108,-2.60613054601783,1.50194441537951,38.558456,-61.9784978535336,FALSE
2364,Gaia DR2 356009087549159424,29.9835037278458,46.5237247512308,5.85441874285859,88.9297945894521,27.2219437159547,1.42320209895309,0.15226695,-35.1021087755589,FALSE
2365,Gaia DR2 356039358478497792,30.1409499046574,46.9428064905439,0.358829101773484,1.01467364721857,-0.204973675861874,1.52173890142905,50.56759,-57.2296534023101,FALSE
2366,Gaia DR2 356195179891619712,28.2874934967101,46.9956868740099,1.68225465458194,8.44303414255052,-6.18633010926022,1.61542134233416,2.5664775,-16.8599283431541,FALSE
2367,Gaia DR2 356076466995940864,29.087146382493,46.1240744866539,0.323208041770188,3.35231515192669,-0.89554055581987,1.5252938932558,51.749496,-2.52907977326815,FALSE
2368,Gaia DR2 356084094857749632,28.7395501244325,46.0684601702938,6.3498600303424,28.1334610164894,1.5712241413456,1.60997845777325,1.2530336,-24.2253001242918,FALSE
2369,Gaia DR2 356084129217487616,28.7647301297866,46.0693633096873,3.43578662734169,17.4208983625656,-7.42879688933305,1.56906996441286,0.4840757,8.4567800570212,FALSE
2370,Gaia DR2 356102099360739968,29.2257717862767,46.3201910846814,1.76148870146667,1.83313603583818,-15.8922534008684,1.63372768429101,7.5457435,-58.2843729622608,FALSE
2371,Gaia DR2 356057603499542016,30.1564224490971,47.0342987690283,1.69027783109726,-3.96912229266174,-0.0433042000865535,1.65899566309272,2.194434,-7.83386246719218,FALSE
2372,Gaia DR2 356104367103468800,29.2351767951727,46.3436854364439,0.75436586866348,2.78487178038125,-0.353399362751124,1.515811391733,55.569115,-19.5715037331197,FALSE
2373,Gaia DR2 356078013184163584,29.0869931018956,46.1482502878892,1.63283178770236,-6.27793477914385,-0.234352388797248,1.6591464297457,4.341729,-17.2393594648577,FALSE
2374,Gaia DR2 356169066490373888,28.1233561289374,46.8366463811809,0.393586284678795,-5.58591851506837,-4.13660230328343,1.52851866530229,45.82699,-27.2574908813262,FALSE
2375,Gaia DR2 356019635988594304,29.5590952832586,46.6524481772852,1.86483266231129,7.83299433167917,-22.2460995684744,1.53569143916134,54.552975,-25.1927661949888,FALSE
2376,Gaia DR2 356145869370077824,28.5822675545197,46.4716650864013,5.16426815725185,-25.6574966640435,-31.5482640715383,1.49315660013524,0.24432468,-40.3981165226866,FALSE
2377,Gaia DR2 356050830334841088,30.0259398517954,46.9192261209517,1.53738251992632,-10.7278686137025,3.69304398821997,1.62343331270209,3.7528536,-35.2793610390114,FALSE
2378,Gaia DR2 356178304963076736,28.612654715686,46.8089213110748,1.04162267794852,-6.86452324244337,-1.11261567374146,1.66090528188296,8.617428,-28.766391003772,FALSE
2379,Gaia DR2 356110654935571712,29.3481796403089,46.4658887738681,1.91365645933541,-26.9604402906571,-48.0985899890201,1.53399894503881,46.07213,-68.6375473051767,FALSE
2380,Gaia DR2 356168138777441024,28.1164944760532,46.752291038564,3.66532947310491,22.5508050908605,-16.6243548943042,1.6498008625482,7.83263,-0.330089249803628,FALSE
2381,Gaia DR2 356081311719042304,29.0199678488394,46.2062950076594,1.02835832267718,0.576885634768672,1.3684785731831,1.49776287140372,52.30735,26.1554309256069,FALSE
2382,Gaia DR2 356079902969771648,28.981516308644,46.1842665297961,1.34722563464294,2.68587277738912,-4.20226544457128,1.52133088230272,68.4885,-4.62662021057741,FALSE
2383,Gaia DR2 356054064446522752,29.7674865780433,46.9622459648298,1.34687957775421,5.65694836021415,-10.3810337215593,1.49701625901549,16.890514,-12.6269443461475,FALSE
2384,Gaia DR2 356202051839238144,28.5715375805723,47.2261960233432,0.475745992338475,-2.8862664673861,0.842947650841827,1.48507605546522,84.09779,-8.96024224051767,FALSE
2385,Gaia DR2 356145014673797888,28.5683514602209,46.38870738875,0.34521581592797,4.05843740415743,-1.38074512128724,1.51264584642543,46.159523,5.92572911998845,FALSE
2386,Gaia DR2 356114606305476608,29.1847791555943,46.5238698450409,1.31720217831631,2.51808523133685,-7.05119991285749,1.48179998126878,264.32166,-39.6582191009048,FALSE
2387,Gaia DR2 356189128280662016,28.4459573547901,46.8143950228608,0.494951855462357,-1.23277808944277,1.30100108355596,1.52739950527707,22.350813,-31.1088351562865,FALSE
2388,Gaia DR2 356168173137181056,28.0957456311234,46.7392498423918,3.18617291035807,15.4153705743797,-11.970445002244,1.57121674484763,0.8108901,-37.6188420306603,FALSE
2389,Gaia DR2 356039152320072704,30.1582388318582,46.9264769851974,0.37548924009956,2.67910854826472,-1.38463337539606,1.52051460145082,59.875084,-40.9974645854628,FALSE
2390,Gaia DR2 356171501734890624,28.698682980387,46.6133955189002,0.964325459378393,9.1321279716522,-3.49367248619035,1.53830993197906,8.202319,3.44301327771757,FALSE
2391,Gaia DR2 356171536094628864,28.7170027773042,46.6139923425685,1.35992003648869,-2.69403386872101,-11.222848866292,1.60797205224429,3.4308522,-10.0978894981631,FALSE
2392,Gaia DR2 356032933207508608,30.2999480245048,46.6988041826105,4.09663797020637,2.13080961728424,-17.0922782039045,1.63747122318056,4.143985,-41.5897193253386,FALSE
2393,Gaia DR2 356147621716730496,28.6292781350288,46.5303452577758,0.649655899071721,-2.72202624579723,-0.0413903037550371,1.48881580732911,21.755438,-10.4664190317349,FALSE
2394,Gaia DR2 356202326717167360,28.4525722063681,47.1000876075478,0.347662252995893,-1.30013761786423,-3.46290380172535,1.52016292189316,67.71667,-59.1186657884955,FALSE
2395,Gaia DR2 356180989319965056,28.8713281901126,46.8737600963388,0.843226166071336,3.46302362171301,-4.63669445581967,1.61745271935304,10.780888,23.0225454297132,FALSE
2396,Gaia DR2 356149477142604032,28.4234437259022,46.5044196154998,1.80125363234453,-0.135266624706089,-6.90394188644911,1.6471242552961,2.3750165,-17.1727614241381,FALSE
2397,Gaia DR2 356104981281423744,29.2447771780864,46.4109202470192,5.26142931945475,-45.7531390428598,44.2477426644346,1.61258910513256,0.53556824,-9.33437075500974,FALSE
2398,Gaia DR2 356115534018529920,29.1578507249489,46.5780177739626,3.80552354389459,11.9010653318068,-3.62753909521355,1.6165021295656,4.1787705,-44.4783863660328,FALSE
2399,Gaia DR2 356008709592048256,30.0031980918563,46.490487515864,1.87310861174532,-7.61963370314176,-9.96672642287151,1.63335265741224,2.0106692,-28.1545713252268,FALSE
2400,Gaia DR2 356151641806115328,28.5196162083552,46.5881714967951,1.04425128059097,18.7233934758917,-8.3422348094364,1.60223027377528,7.120827,8.08249249489026,FALSE
2401,Gaia DR2 356046092987196928,30.3383048327995,46.9920043608832,0.931217664317016,-0.635894055431383,-5.93654758671845,1.51993341023257,54.59306,-24.5422439397318,FALSE
2402,Gaia DR2 356042622653623552,30.4640414859212,46.9745413279226,3.47352116823925,4.44961971585465,-13.2992867325138,1.59896595475615,3.706776,-2.13871513173412,FALSE
2403,Gaia DR2 356085537966744320,28.673674681618,46.1594113178932,0.794383771664423,6.08684192391409,-6.20476922234024,1.52424688721501,9.641571,-21.8416151098898,FALSE
2404,Gaia DR2 356094192323579264,28.7735582875665,46.3313627127839,0.815048332452762,4.37194087454753,0.39721881537412,1.52673028017593,48.34184,-20.4032979217487,FALSE
2405,Gaia DR2 356152329000878080,28.5682122992384,46.666725313117,1.60875001884965,14.8912651112951,-6.25639610667921,1.51806900649183,77.0342,17.5340810780918,FALSE
2406,Gaia DR2 356138280165096320,28.4048434786083,46.3352968368639,3.14170401221005,19.1641175209864,-18.5484149265924,1.5523526714031,0.7103261,-26.9455999825986,FALSE
2407,Gaia DR2 356180199045748352,28.8316429173048,46.7844937384918,2.22980700159594,15.1827457488009,-8.5231555671845,1.61757081161278,4.6336384,-25.5259622935431,FALSE
2408,Gaia DR2 356051418746655488,30.0852806624556,46.9727683950927,0.562057522804615,3.17355464854107,-3.27246079512323,1.47895297102077,55.797337,-24.1535324205784,FALSE
2409,Gaia DR2 356086019003084928,28.7458058210958,46.1378668217829,1.81793085781974,12.4869901424097,-11.4660782179896,1.63625912188835,4.2103214,5.2129215383826,FALSE
2410,Gaia DR2 356147729093068416,28.6066547760954,46.5642540867838,0.458423240901284,-2.8061744843568,-2.53218264352079,1.49125584646811,162.1888,-55.5351230488495,FALSE
2411,Gaia DR2 356135905045970048,28.9875975790208,46.9281553573139,1.2270635942289,-1.35300173341615,-8.70729731295513,1.63568161088739,6.57293,-28.7231284461422,FALSE
2412,Gaia DR2 356135836326493696,29.0131146983911,46.9181933905851,1.22815005521431,-5.44212350268821,-5.51721984599991,1.67805996411985,5.54772,-29.0370379198505,FALSE
2413,Gaia DR2 356135630168063744,28.9362167057743,46.9053739631901,2.85283770648851,5.31576088883225,-8.76567132315225,1.63608635077798,1.4635972,-28.0115319437619,FALSE
2414,Gaia DR2 356112888318546944,29.4292650419648,46.5733917931463,1.7225875197206,7.07048838903489,-3.67377056154005,1.61539457470287,5.1439986,-28.573686053028,FALSE
2415,Gaia DR2 356115151763968768,29.2087079414551,46.5861968679797,1.52309469603431,-7.52362088156252,-4.86628904485674,1.61931835416766,3.9440868,-45.0373385170552,FALSE
2416,Gaia DR2 356181195478130176,28.8548272681692,46.8862339315318,0.285787525220121,-1.35095425313109,3.35072492781467,1.50723139251841,137.9935,-28.9395225584753,FALSE
2417,Gaia DR2 356112682160119168,29.4275313641636,46.5601175514824,0.911343072158255,-3.3071695114549,-3.41684160500125,1.57485210033648,11.082468,13.4797295395711,FALSE
2418,Gaia DR2 356112716519856128,29.4618421602553,46.5668267494603,0.839828623448042,5.22744434823613,-2.25277605807798,1.62341430809941,16.840988,20.1350312437664,FALSE
2419,Gaia DR2 356188956482002304,28.6907969087995,47.157192254893,1.74425608746246,10.1730669014783,-7.70174548403981,1.53368084847387,3.779383,-6.01682208632195,FALSE
2420,Gaia DR2 356037773634246912,30.1689451454988,46.8471356336906,2.87065744326862,-16.5682746904314,2.41956479088396,1.60458088709476,1.4024042,-28.3892366929,FALSE
2421,Gaia DR2 356009048892333952,29.9503669648187,46.5317403712437,0.987590896995645,-0.63567307394013,0.308856063333885,1.4610599108771,162.3802,-34.8779683218224,FALSE
2422,Gaia DR2 356142128455784576,28.2439582964152,46.3766132517412,0.371740854434489,-1.82252121408803,-0.114155619007116,1.5218431366206,42.943684,-111.284963658801,FALSE
2423,Gaia DR2 356141819218140800,28.2504266450242,46.3699198872239,0.839429429162459,3.94177624875177,-2.48499062569386,1.48726422764604,23.991537,-40.8604232263642,FALSE
2424,Gaia DR2 356035780769422848,30.1767703613779,46.7680608008251,0.408076883221891,-0.235913769818661,-0.889334431697693,1.52877498661105,87.21259,-33.6714303153465,FALSE
2425,Gaia DR2 356158449331238272,28.0618385755259,46.5313306717162,0.387611837068771,-0.789538411593234,0.741390699857099,1.52890257660929,63.402683,-44.7659028539425,FALSE
2426,Gaia DR2 356096739241409920,28.7029548888633,46.3131285706559,0.310892222265688,1.93477193555823,-1.81071476735569,1.44787558944816,245.80379,-32.2955173982317,FALSE
2427,Gaia DR2 356080487085198592,28.8648299079799,46.1703692806458,0.598079015099264,1.67544845074014,-1.5236420824306,1.49927006101652,64.55012,-33.3055903674205,FALSE
2428,Gaia DR2 356090653270083456,28.6643319730134,46.2571383507193,1.46681229196895,21.6906995594378,-9.01139906281268,1.59414260801885,3.300159,12.1976071772834,FALSE
2429,Gaia DR2 356167314143723520,28.152682136429,46.7135926931001,2.93182217519202,8.28760161044407,-15.3064028034664,1.62855212120144,2.717194,-21.3321427611986,FALSE
2430,Gaia DR2 356161163750558336,28.1569583615998,46.6651216256974,2.39838774806207,35.8695629743534,-5.86076809456899,1.56709441881092,1.1710508,8.5378185959203,FALSE
2431,Gaia DR2 356040522413331072,30.4026214844524,46.9031688362094,0.93445239809743,4.9763295755415,-3.51728009009175,1.61413001623731,12.605634,-37.6985827019906,FALSE
2432,Gaia DR2 356144567997164544,28.3299545569452,46.5099583860286,0.849656851305458,6.10386334469191,-2.15217687540708,1.51885768533484,20.791588,-23.7643194191745,FALSE
2433,Gaia DR2 356203181413686272,28.4500938726839,47.1786808240793,0.488418431913436,-4.85603489891506,-1.02438176322495,1.52399589655549,32.732204,-69.1697008268323,FALSE
2434,Gaia DR2 356202459859182080,28.4024130793779,47.098961236553,0.456856354431839,-3.47695240124716,-1.46441695805681,1.49468938844447,88.542,-81.9532991950972,FALSE
2435,Gaia DR2 356052307803587328,30.0400487648825,47.014139189627,2.71182419433133,4.20838229578139,-16.0101870784716,1.57741316296217,1.5541508,-15.9429358864757,FALSE
2436,Gaia DR2 356197890013982208,28.5517854159939,47.0094927963011,0.846903796825953,-0.320045872029396,-2.21697866378505,1.34489126788485,594.1139,-27.1454634966598,FALSE
2437,Gaia DR2 356054472467104384,29.8507021981634,47.0165388197047,3.99722881663991,19.9502937203698,-13.3575668209958,1.61593478529917,1.0178192,-4.37934477173363,FALSE
2438,Gaia DR2 356110959875897856,29.2892569888666,46.4463066339758,3.05858242330878,-4.12574014392269,-27.2994509990789,1.57083644157426,0.59697014,3.69091026560593,FALSE
2439,Gaia DR2 356138550745812992,28.5245086672523,46.317850778045,6.53749640549701,-14.5671728790753,45.9656974324065,1.43916852734265,0.108379334,-23.0007164137824,FALSE
2440,Gaia DR2 356198749007439872,28.5753568165033,47.0665915437975,1.27782170544168,-0.862935901232929,3.43202849251498,1.63759187433511,3.3293114,-16.5545938814003,FALSE
2441,Gaia DR2 356110994235635968,29.2758729498774,46.4513474103226,0.807759869874237,-2.38279129145175,-8.57299389945069,1.54599101237458,19.63894,-2.40585003707817,FALSE
2442,Gaia DR2 356083304583852416,28.9846400799367,46.3432462774335,0.474285928445449,4.37075258625582,0.317894643535631,1.51392963929705,20.418934,-17.2099034079393,FALSE
2443,Gaia DR2 356035750706029696,30.1723723480566,46.7656114087144,1.33134120691801,9.52749640073351,-4.53654109884044,1.52440970094177,46.22738,-57.080870697864,FALSE
2444,Gaia DR2 356101407868193024,29.1921081480427,46.2382999716309,1.37779040542769,15.1846580598302,-11.4905575519556,1.51641944343964,16.60259,-49.62681772637,FALSE
2445,Gaia DR2 356193973003810944,28.3382999815034,46.940143101288,0.361217032108019,1.83791885910549,-2.94606149682423,1.44801219375126,114.94741,-38.3034395653603,FALSE
2446,Gaia DR2 356160648354485248,28.1287990903239,46.6373536901591,1.32978154079916,-11.6256516112325,0.895970831543329,1.55367179545939,4.719976,-43.7000096174122,FALSE
2447,Gaia DR2 356109727222624000,29.1125191402448,46.5578571708841,0.751658983381187,3.39469018672817,-2.7995088555555,1.43761123546138,272.1584,38.4851970736987,FALSE
2448,Gaia DR2 356075809863116160,29.028041051839,46.048454903719,5.28518295867977,43.7109299737857,-26.2480177520666,1.57216892854377,0.48790896,69.1459804505217,FALSE
2449,Gaia DR2 356183497580583552,28.8191269040725,46.9375445528215,0.963664673636846,-3.87312898603008,2.41043190788541,1.40459036602784,560.0914,-31.3210698435078,FALSE
2450,Gaia DR2 356139203580839296,28.5539007832226,46.3903393817459,2.16098109515257,24.9404905614707,-6.34438110949272,1.51628788804439,17.221281,-22.4851316010731,FALSE
2451,Gaia DR2 356068285080415616,29.0514848729557,45.9431051599403,0.53774939412859,-2.41258061983305,-2.21416287887652,1.52970268170767,50.89187,-85.812747055734,FALSE
2452,Gaia DR2 356064368071748864,30.1222822280924,47.2571444970412,0.527938252602513,3.12861689754836,-1.8288679549316,1.48085342171077,49.73853,-20.4226078263728,FALSE
2453,Gaia DR2 356092238115715072,28.8359472895109,46.1931739219284,1.11237129008815,8.07468661124042,-10.0211498484461,1.50175830200379,7.5468707,-50.5935926386703,FALSE
2454,Gaia DR2 3560619289584741248,171.118497309,-14.9697830158945,6.40303932036426,16.7297834813503,-39.3553222572426,1.58037121769523,1.0147591,23.2400776501837,FALSE
2455,Gaia DR2 3560812799334564480,173.761032310551,-14.8215860428656,2.78312589492931,-34.1836042673732,-22.817351391396,1.61202022723068,1.3884066,10.3090552049433,FALSE
2456,Gaia DR2 3560807443512633344,173.670576387066,-14.8511746880755,3.77947171933467,-3.27607170098335,-19.5304830006462,1.62562589049575,0.9343315,-40.3200456889054,FALSE
2457,Gaia DR2 3560483873559602816,170.838744111385,-15.6330748127998,0.254587167136438,-8.14547921546685,-5.53114146620651,1.48590109840207,127.67047,10.7031267649232,FALSE
2458,Gaia DR2 3560774561243084416,173.150061974576,-14.8363898041059,0.348549236456626,-4.9729156519171,-7.94630680912165,1.54141972765355,55.339554,12.0183542325651,FALSE
2459,Gaia DR2 3560543659504119040,171.392924073392,-15.2993000979917,1.94921814907031,-34.214738262881,-21.3678387078378,1.59653551251779,2.789007,-8.44247027659759,FALSE
2460,Gaia DR2 3560824859602722944,173.428529856697,-14.7035135352518,9.43635564851331,-37.5900568080308,-25.7594056343804,1.58583083454076,0.62642986,14.6023047480358,FALSE
2461,Gaia DR2 3560682820741589248,172.829084615276,-15.3609566790625,0.877091820801475,-12.1339630721709,-9.76213826489919,1.54584201152713,8.241963,24.7204618671524,FALSE
2462,Gaia DR2 3560814414242266880,173.730305916119,-14.7394499708092,0.64222867038636,0.0892175226639028,-14.0606582729184,1.54101931807498,23.805084,91.8075207195688,FALSE
2463,Gaia DR2 3560816892440678912,173.491514728046,-14.9117845165404,1.34530484078735,-23.128376408084,-9.1323774202136,1.55962128673159,3.0480797,45.2413176471008,FALSE
2464,Gaia DR2 3560577469486667008,171.718701958625,-15.049606864977,1.91516903544587,-19.308106098936,14.9939325444709,1.60176359058233,2.1956983,4.89098055801152,FALSE
2465,Gaia DR2 3560687390586803328,173.016972231435,-15.2913370206637,1.04813737207109,-23.4555846943788,-2.6727636999255,1.54463011033887,3.3978717,44.1382944761985,FALSE
2466,Gaia DR2 3560799575132539776,173.655337003802,-15.0416858297276,3.33879866609807,-61.6904558592494,-6.86094611442068,1.59575086174334,0.67930573,-20.4386554651471,FALSE
2467,Gaia DR2 3560659868436415104,172.913513259652,-15.6383647570187,2.13125003029877,-26.5872793762925,4.72253899154509,1.65947283521876,2.8194733,-1.94066940308348,FALSE
2468,Gaia DR2 3560688283940003200,173.04186100386,-15.2620778681311,1.99362913904007,6.17215975947784,-6.94925391801044,1.56465347168797,1.7875105,-4.89103877336865,FALSE
2469,Gaia DR2 3560659662277984384,172.92439631464,-15.6492332382351,2.36039306896543,-25.8216667711613,5.35399359582417,1.64397779802302,2.7086656,-1.98771701747914,FALSE
2470,Gaia DR2 3560754117198591104,172.39782958981,-15.0551256436848,5.72134884141008,-24.9591235146548,-4.23008217505838,1.6025494048051,1.0905885,10.5723405825237,FALSE
2471,Gaia DR2 3560688146501048320,173.007537300382,-15.2772140117497,3.60537808781326,-30.0719505239573,-4.64812060754765,1.53964688027294,0.5210751,43.904146418986,FALSE
2472,Gaia DR2 3560751952535063040,172.316339652629,-15.1123746080692,2.15387419467657,-7.82340958440296,-19.8416133140835,1.51944285672117,47.909813,35.2833700040488,FALSE
2473,Gaia DR2 3560709277740258560,173.512522220227,-15.0421874304347,2.17899569290481,-5.35108130333836,-5.15631605764339,1.60499105259565,2.7784183,-21.2730101837758,FALSE
2474,Gaia DR2 3560685741319357440,172.978963433065,-15.32863826248,1.51578486258807,-8.47175470420483,0.665806873380957,1.62189428692625,4.5527506,-5.53924954645071,FALSE
2475,Gaia DR2 3560773152493795072,173.114298879314,-14.9029685705859,1.88358487554105,-28.2771018874586,26.7195995323466,1.64518979197824,4.298384,-18.5272188677944,FALSE
2476,Gaia DR2 3560734841385358848,172.478192410058,-15.2205915309137,3.80823873786487,-6.23742828651419,-5.69896370902958,1.64532110149492,2.085868,6.43486299905224,FALSE
2477,Gaia DR2 3560815621130418688,173.880955645724,-14.6823078029778,1.26590298396839,-16.4818992733796,4.9491026219203,1.41842001944507,424.2776,6.06487288686272,FALSE
2478,Gaia DR2 3560827234721938176,173.668110755655,-14.7048108290296,0.903698256346,-2.76468705511481,-7.31843253896306,1.54497797420985,9.66913,49.3905313524629,FALSE
2479,Gaia DR2 3560846166937862400,174.350489566707,-14.4613669393566,1.59531006779185,-19.9547745102254,-5.43424784915453,1.67537683390299,4.3568325,-1.44566871573747,FALSE
2480,Gaia DR2 3560793699615313664,173.006635360351,-14.6608973236225,5.63587000498099,-2.33284703834405,-17.4294990584087,1.64063272728878,1.646191,4.13913488494492,FALSE
2481,Gaia DR2 3560483358163527424,170.886916427852,-15.6428532028021,3.79000563732826,-19.0579773814572,-13.4780962457251,1.57978156179952,0.7829016,5.28311388550268,FALSE
2482,Gaia DR2 3560556716204697472,171.95415701722,-15.2197778830847,4.5289565043666,-25.918892542198,1.82088958876424,1.58674806235733,0.44176352,-12.1784545529239,FALSE
2483,Gaia DR2 3560614822818751104,171.178875054893,-15.0572923441505,1.63511796412364,3.1334003053305,-7.63470170933139,1.60094201952837,3.0619054,13.1108552664164,FALSE
2484,Gaia DR2 3560685294642756480,172.975091611272,-15.3515543846299,0.955423207578298,1.02035700122918,-0.306730571024171,1.53782091024868,11.887268,-8.64192426505013,FALSE
2485,Gaia DR2 3560671997424071680,173.019301985029,-15.4485916953108,0.928294320955655,-5.95319156569968,8.97714364727931,1.62033134468055,5.015658,-14.3652353718837,FALSE
2486,Gaia DR2 3560779887002523136,173.132700083369,-14.7295991553032,0.843866100295643,-2.18498400450591,-9.51411383152898,1.55297227854525,49.703293,7.0284162597185,FALSE
2487,Gaia DR2 3560677013945796352,172.832503816666,-15.4715262802683,2.6773535382039,-28.0924674004545,2.03593582808491,1.60170199582608,1.1166701,4.41021647449454,FALSE
2488,Gaia DR2 3560816548843310464,173.839624644083,-14.6722425529384,2.09346152492211,13.4117218241255,-20.1293380346571,1.55209315721368,11.750977,-8.15278692053061,FALSE
2489,Gaia DR2 3560470614996810240,170.235177139061,-15.7194596437864,5.64429950970381,-16.4871729537599,-14.2681807113276,1.50733787461374,0.22740926,-4.84100589643868,FALSE
2490,Gaia DR2 3560669420443699328,173.154416682097,-15.4142982920506,0.749654977052732,-6.73289078762758,-7.15898174722265,1.5256477426021,22.56721,50.6301521765136,FALSE
2491,Gaia DR2 3560847747485805952,174.147483730225,-14.516023286276,1.3503010755689,-10.103223337304,-3.14416655409094,1.66468466864446,3.3895392,-7.00097542561211,FALSE
2492,Gaia DR2 3560799197175467136,173.677995587587,-15.0886594478699,1.4032266924822,-22.6805765123004,-2.54047883948272,1.52427325591223,42.548904,18.442176235721,FALSE
2493,Gaia DR2 3560457489576793984,170.66367385943,-15.7877063847267,1.57723011007901,21.1080457125164,-3.83258002103435,1.51976455781399,9.678727,20.6335803825225,FALSE
2494,Gaia DR2 3560487038951800704,170.771784988613,-15.6140017155862,2.05976524236427,-16.6005330432957,-33.8625626974109,1.6141051532975,1.5485375,6.90076712294161,FALSE
2495,Gaia DR2 3560606335963367296,171.080280259119,-15.174213924634,1.28127991301404,-14.3654341870699,5.52105304375384,1.54779985384809,9.612511,-0.244384794520535,FALSE
2496,Gaia DR2 3560595237767876608,171.25666133838,-15.1947929309428,3.44685042512127,-24.0378190882427,-2.79782322535293,1.62668975916611,6.3759003,17.3990195198923,FALSE
2497,Gaia DR2 3560681205833880960,172.757686393871,-15.4018051655567,3.70259601611203,-82.779333974784,-26.2145277418896,1.54113292563565,0.3569731,13.6823830481505,FALSE
2498,Gaia DR2 3560595340847092608,171.245119850136,-15.1826669508765,5.62754683467795,-18.4809980375774,-4.34039152043838,1.63446331942376,1.4487067,38.4976522188743,FALSE
2499,Gaia DR2 3560602384593460864,171.257511576208,-15.119999104767,2.85422102284348,-26.4253101289438,0.630782552686158,1.61866457374936,2.0608826,6.02298869602719,FALSE
2500,Gaia DR2 3560828093715400576,173.743391984965,-14.6690184795069,0.568436074066087,-0.184877436318873,-12.7277585404326,1.5093457414659,41.300465,6.87365248946255,FALSE
2501,Gaia DR2 3560450514549901312,170.645893811342,-15.8557233292133,0.543924773804175,-11.4104647964019,2.95161286694103,1.53559509517747,58.59815,-14.8328854648199,FALSE
2502,Gaia DR2 3560609462699563520,171.075060924293,-15.0763330218925,4.55628876364878,-54.5910525940193,8.44252404585108,1.55401191230939,0.3122431,99.2153320554673,FALSE
2503,Gaia DR2 3560770227618972672,172.920516620735,-14.9007752908544,0.44821980221194,-0.191796816327577,-1.63113263358609,1.44523801766843,313.01755,29.51939800557,FALSE
2504,Gaia DR2 3560476005179687424,170.587279007415,-15.6207192144129,5.6314402944041,-113.57046051333,-8.5150118326086,1.56338128478891,0.34095874,-21.4172976163745,FALSE
2505,Gaia DR2 3560455187474318592,170.487446259727,-15.8064381462393,7.91951020755135,-41.3590953271674,-70.8401603398704,1.55512825910688,0.5827165,-6.61608402458396,FALSE
2506,Gaia DR2 3560599910692342400,171.503791360168,-15.1057706891473,1.57721644849199,-14.5849148945603,16.3994614919296,1.64520501035848,2.3015857,-28.7380368576837,FALSE
2507,Gaia DR2 3560676429830240256,172.77940344904,-15.5109972624242,0.72373094770203,-6.0517945762489,-1.43173665894058,1.46497417402073,165.35625,-11.0780260677319,FALSE
2508,Gaia DR2 3560454702141901056,170.569344584915,-15.7879730690178,1.59871133311562,1.97264176903216,0.630535461338358,1.6391066405173,5.853279,-0.797799585166922,FALSE
2509,Gaia DR2 3560866164305533312,173.99180910693,-14.3067262947907,3.50814319997935,10.3975550981756,-15.9689960177808,1.6212202234308,4.931753,26.3463848690739,FALSE
2510,Gaia DR2 3560676120592593280,172.782498205445,-15.5427357387993,2.05270288279998,10.2956406613407,8.49754649179538,1.60808882741156,1.8845919,33.15817158942,FALSE
2511,Gaia DR2 3560874719880264064,173.293535716131,-14.6343051351285,0.271939332306542,9.35599632974862,-10.1676027866437,1.55216240772206,76.02375,138.71128859695,FALSE
2512,Gaia DR2 3560876162989276800,173.318668384966,-14.6240789798556,3.22688036669638,4.01742796366619,2.46491968656654,1.64376621371292,3.677673,4.71478108723999,FALSE
2513,Gaia DR2 3560842284287400064,173.990868686637,-14.5559958351678,3.0941117898825,19.9984269546406,-23.4943638333652,1.64381312058752,1.8399221,44.9235680603591,FALSE
2514,Gaia DR2 3560875544513982208,173.17994753582,-14.6168762705558,1.90068035624138,-19.1434801106487,-14.6573136670349,1.58576142492811,1.309001,-18.8367147628847,FALSE
2515,Gaia DR2 3560622038363818496,171.250747884546,-14.8557594377637,1.80830921450406,8.48020497069799,-6.47858581629612,1.53274851327205,12.49062,-5.50454519313377,FALSE
2516,Gaia DR2 3560617743396521984,171.346389259557,-14.9087344699546,3.67704711347734,-2.40363151882951,-27.3695380060708,1.57226437538407,0.48222613,-25.9985218585986,FALSE
2517,Gaia DR2 3560718761027954432,173.162076750053,-15.0050916342588,1.85267371504264,-21.9671302989597,1.14006582786174,1.60049695787668,1.4473809,-30.1156944185474,FALSE
2518,Gaia DR2 3560583211859595392,171.981554375339,-14.9207589608806,2.75873636983831,7.20620951451891,-37.681288409615,1.63496630216241,3.8981733,1.78962498168916,FALSE
2519,Gaia DR2 3560526655730216192,171.75507772411,-15.5272599591533,1.41734360931182,-4.71649779499566,3.71688021518901,1.66133639967601,3.6001182,1.90747856984128,FALSE
2520,Gaia DR2 3560831495329446272,173.536220847084,-14.6215854769339,1.99310690368523,9.05812484226173,-7.16459441622275,1.60065668736592,1.3360883,32.27240908414,FALSE
2521,Gaia DR2 3560597849108037120,171.432349357161,-15.1543445179223,1.10680968008128,-2.01948763641422,-8.34351878070292,1.53714916964536,16.579454,52.5543006630858,FALSE
2522,Gaia DR2 3560822424358505088,173.38601936613,-14.799137909179,1.40953611075294,-0.774117984789927,-8.81301434595929,1.61876838834957,1.7951728,3.64815715107773,FALSE
2523,Gaia DR2 3560825482375228288,173.510847136587,-14.6568369759666,1.97704942782035,-25.8527826298911,-13.838025795823,1.54925991189282,51.31157,6.90750189591714,FALSE
2524,Gaia DR2 3560592145391464064,171.312497264294,-15.2177590442291,2.8795578999009,-13.0471825370834,1.96666308830622,1.304739644737,2.9485292,35.2518937046938,FALSE
2525,Gaia DR2 3560635606163785600,171.797303555985,-14.7783458923075,0.407825403400304,-2.7458600196905,-10.1442891438559,1.52991243054943,54.284866,76.2702248699565,FALSE
2526,Gaia DR2 3560618464951026560,171.314468073909,-14.9128577191608,0.5460810366093,-11.5021550973526,2.81365225090147,1.50454488785496,24.337269,50.1863417874213,FALSE
2527,Gaia DR2 3560557957451878528,171.860500819238,-15.2579358152063,5.58342322392243,11.1161908541961,-61.2122072533268,1.49818460132619,0.20044903,71.1080965518155,FALSE
2528,Gaia DR2 3560605889286765824,171.050285375663,-15.2109172079499,1.36658600248464,-19.039468015318,-13.4228169994877,1.55731442151434,5.567611,33.1189708762013,FALSE
2529,Gaia DR2 3560878705609963008,173.464695281057,-14.6002173894075,3.71410249463468,-33.0114725096366,16.3906164471384,1.57455872041131,0.66330665,1.00816969582894,FALSE
2530,Gaia DR2 3560878739969703552,173.473161243109,-14.5781047535333,3.37443160964804,9.42718660195359,-41.2815280378714,1.56950513678128,0.5352222,5.36742877541597,FALSE
2531,Gaia DR2 3560472779660336896,170.306247822189,-15.6516219656534,2.17997800699956,-18.4978567654656,3.19460970761989,1.62284653072965,2.3394227,16.5803759265627,FALSE
2532,Gaia DR2 3560737487085262336,172.614337195522,-15.1188127120006,3.59643663970399,-11.1850250067991,8.27466932240613,1.5500228145464,0.34694242,-3.10587422423517,FALSE
2533,Gaia DR2 3560505730649443328,170.54718472724,-15.4090375241757,2.62579507169018,9.90643029351181,-11.8451320442318,1.63166679878981,2.3012948,10.515695714359,FALSE
2534,Gaia DR2 3560792359587472640,172.951179098131,-14.6725556895276,0.375602737675976,-4.98262378431905,-1.33550793566652,1.52749241303164,30.116392,-49.9909281784893,FALSE
2535,Gaia DR2 3560561633943890304,171.904649854396,-15.1216945566409,1.5848820277116,-4.69733994416612,0.174222265292067,1.65024011635996,2.4124465,19.7630949840344,FALSE
2536,Gaia DR2 3560562802174994176,172.045586355645,-15.2010281305776,1.13454028503302,-16.177591816819,15.2452179623278,1.53512796694877,12.070936,37.5739730347505,FALSE
2537,Gaia DR2 3560579501007844736,171.922396347827,-15.0617788596568,0.540927774376146,-8.63275422380935,-3.73760273563335,1.52756474258416,62.46191,17.9157875883087,FALSE
2538,Gaia DR2 3560550192150918912,171.486155943962,-15.2232690499483,1.36936432425399,-4.34301743074883,-3.82175434913285,1.5888926768148,4.287594,-2.34732404334767,FALSE
2539,Gaia DR2 3560506452203950592,170.573834872251,-15.3678348916117,1.77269532538662,0.958532111650755,5.10748125734318,1.65295384207552,3.8773782,-36.6537589615763,FALSE
2540,Gaia DR2 3560559744158278400,171.937722273668,-15.2058819810187,3.94251047747993,0.480766162706762,-3.8431349487875,1.57630203614633,1.1566579,-14.7355735966421,FALSE
2541,Gaia DR2 3560573694212059264,171.874265951188,-15.0729793839519,1.23897747202174,-14.8219601380954,-4.27968405599037,1.61870320026383,10.340722,11.0799667114063,FALSE
2542,Gaia DR2 3560507070679242112,170.658368485298,-15.3668028733757,2.47666616938073,38.8112517539958,-10.5760433548579,1.62835127785349,2.11504,36.5997572744513,FALSE
2543,Gaia DR2 3560793081141984000,173.043903207104,-14.6562893454808,2.11214947573951,8.84127377887472,-6.69973444058106,1.59517578097857,2.045868,-24.5727143464974,FALSE
2544,Gaia DR2 3560636813051362304,171.618247380129,-14.8286989078213,3.21690541710879,-23.2033734926331,-31.4928503238358,1.58603141564192,1.0835378,-19.9206115990675,FALSE
2545,Gaia DR2 3560603518464870144,171.395963413917,-15.0753398613078,0.894028217220148,-17.8221830499459,6.60439885924456,1.6203627170091,7.495917,27.9204003150174,FALSE
2546,Gaia DR2 3560591629995386368,171.277003078648,-15.2467990682011,5.44291988479631,3.2634890516251,6.9490752850112,1.5128141985034,0.42493665,3.63011365695054,FALSE
2547,Gaia DR2 3560440722024585984,171.213959194512,-15.5678105503735,3.66040342788075,-29.5423358903652,4.4172700963218,1.64153529153739,0.3536868,-3.82044762336058,FALSE
2548,Gaia DR2 3560712881215642240,173.152821434967,-15.1630497656379,3.44361449136171,-35.9254193950638,-8.37122845934172,1.59391808021404,0.9428003,-9.92807460180456,FALSE
2549,Gaia DR2 3560489959529618432,170.877299015438,-15.4928298321133,1.16255434630993,3.08140243965606,-6.00595082212035,1.54132384486261,29.042522,-16.7074811405319,FALSE
2550,Gaia DR2 3560544625873346560,171.559171168336,-15.3401681444141,1.1214172708801,-8.03880547621637,-6.80929903102767,1.54842836253161,20.534784,6.7944058368464,FALSE
2551,Gaia DR2 3560544728952561792,171.598454660671,-15.3518221653817,2.21873650100629,-46.4274604003235,-7.00492062099321,1.61207225277667,1.1649404,72.5966951329527,FALSE
2552,Gaia DR2 3560880767194273536,173.598968754999,-14.5133057840871,4.83338641113308,38.0287468139263,-52.4223955308242,1.50326848575335,0.21076338,-5.87467063149942,FALSE
2553,Gaia DR2 3560546378220007040,171.637969439599,-15.3011289566092,2.06284953427255,-5.52825784241382,-8.2658848894379,1.61528105789153,1.5739039,39.6619049131445,FALSE
2554,Gaia DR2 3560683160041957888,172.793600869586,-15.3355092306652,3.501746864573,2.94281796365563,-31.4131483540103,1.58606554278468,0.8322013,19.3131016086439,FALSE
2555,Gaia DR2 3560715496852871040,173.232359775777,-15.054538332264,7.38222445029457,-62.7073823641043,-48.2988773602284,1.43015073694672,0.110694855,34.2438400393596,FALSE
2556,Gaia DR2 3560671615169866368,173.226279859667,-15.3360130025766,1.08203916726548,-11.844281920532,-2.91747045572404,1.50060903905407,49.194443,57.3383377555811,FALSE
2557,Gaia DR2 3560494804252736896,171.108477298764,-15.4069325834246,0.189062082299433,-11.1135597577957,0.274071511052326,1.50938130040384,209.82852,84.1804207396945,FALSE
2558,Gaia DR2 3560745733422479744,172.743242266594,-15.008205884532,10.8160879031975,21.3180058158979,-9.65237848513841,1.41456845538033,0.08351236,-7.79092563851183,FALSE
2559,Gaia DR2 3560744530831636480,172.78489968143,-15.0496288749409,2.13935897989485,-7.95140149028086,-10.4160456755674,1.63259534951049,1.716166,-19.9819806277937,FALSE
2560,Gaia DR2 3560545347427852160,171.538231590616,-15.332511811419,0.5288384864641,1.8538210761283,-8.16373282104645,1.53207372075888,83.96783,8.30267828228077,FALSE
2561,Gaia DR2 3560713572707518080,173.248647854002,-15.1415408241864,2.97826185958623,-13.2759601970379,5.42289008378295,1.59765194814122,0.8325699,23.7104788255654,FALSE
2562,Gaia DR2 3560537994443837440,171.467396537607,-15.4277307384961,1.07834765690717,-2.973576882032,10.3281695928042,1.55800567555546,17.235807,-3.7773099710146,FALSE
2563,Gaia DR2 3560743225161573120,172.653749764708,-15.1032492527193,6.45179849908597,-137.292796543066,20.6370341560115,1.63299277840225,3.2116706,17.5071202321784,FALSE
2564,Gaia DR2 3560697625491817600,173.430083660498,-15.2113698002465,1.3354089611081,4.06137686199689,-2.47530972516991,1.60256429655449,4.5995383,-9.3888501691744,FALSE
2565,Gaia DR2 3560444634737935616,171.125772099264,-15.5380496145907,2.21550868387733,2.67302283170025,-9.67188409628143,1.62483115693436,2.357804,10.6235642133064,FALSE
2566,Gaia DR2 3560499614616110208,171.036769892065,-15.3084677306521,1.43919669063799,-8.94584673636732,-0.0977945395950979,1.55061241582548,6.8123755,-25.925282084612,FALSE
2567,Gaia DR2 3560727625840529792,173.382094117236,-14.8444841380953,3.88274603145678,-61.6728280602697,-8.08293995245454,1.61241511964365,1.8584564,39.3495063220054,FALSE
2568,Gaia DR2 3560728656632680704,173.295460761075,-14.8101514313928,1.0932600834191,-33.4463586199658,4.05280566026972,1.51216204597408,120.70715,12.4131639586832,FALSE
2569,Gaia DR2 3560498996140820352,171.078920651619,-15.2974823341056,1.6609850221394,-13.0538082795933,0.416462694038944,1.52495070903306,49.44998,25.6695595993924,FALSE
2570,Gaia DR2 3560499683335587456,171.030455057686,-15.2978040740438,0.552320925479644,-18.7328149334005,0.796012430034718,1.50717707087296,41.206615,60.0136941198921,FALSE
2571,Gaia DR2 3560876506586660992,173.291661471118,-14.5957781989071,1.25187182802202,1.94625952596041,-11.5412144345271,1.63752926456282,3.7874753,-10.7530830004341,FALSE
2572,Gaia DR2 3560680518639032960,172.700207727692,-15.4607498036586,0.943042905592599,-18.0705219053598,-2.98364781011909,1.55455244256905,4.3018293,27.7765918397073,FALSE
2573,Gaia DR2 3560732058246596608,172.747851413142,-15.2302795874731,3.11567506325937,-38.838516464929,5.32512233881978,1.57380642695025,0.5526248,7.67438566510073,FALSE
2574,Gaia DR2 3560722609318721152,173.386313785437,-14.9694858887153,0.29926796998694,-10.1024740283056,-5.8362641248331,1.52818814683163,40.815662,95.9530806378028,FALSE
2575,Gaia DR2 3560695843082548096,173.406308683318,-15.3195289201512,0.545389829820306,-13.8367540735601,-1.17366763923093,1.51044652459385,23.510218,38.3905564617815,FALSE
2576,Gaia DR2 3560512224640042112,170.897033315695,-15.2791216482231,2.89688439103107,-26.3162467870439,-9.33749693678694,1.56261497784054,0.4887332,41.4376368693798,FALSE
2577,Gaia DR2 3560456183906733056,170.69296031676,-15.8439010447213,0.374000601056713,-6.13956679496243,-1.92035146304162,1.52290869904579,56.084152,3.6949833257715,FALSE
2578,Gaia DR2 3560512499517950208,170.88813821797,-15.2591939468878,0.320222536855427,-5.97491801927227,-2.57110681256498,1.55888626400612,100.67567,148.509774050372,FALSE
2579,Gaia DR2 3560845273584661888,174.217080954665,-14.4931709661168,0.726495421713502,0.0136037310865178,8.23002603710004,1.55678306330386,6.616585,-20.3699326658358,FALSE
2580,Gaia DR2 3560455805949612032,170.51805369879,-15.7466879636011,2.35097882675614,-45.6231264155662,-21.0964278500069,1.5992975915998,2.1026766,38.6746976746596,FALSE
2581,Gaia DR2 3560720960051276928,173.340513450588,-15.0005202417451,1.92834911280477,-7.99004011934796,9.07854273213652,1.60347057421306,2.0656466,17.5017732815251,FALSE
2582,Gaia DR2 3560723330873226240,173.362164358989,-14.9719736049678,0.837364856677091,-7.34131055412738,-1.0693059284249,1.51984870840049,42.622177,32.8495297200969,FALSE
2583,Gaia DR2 3560708831063630848,173.367587575268,-15.0554356366183,2.08790562796792,-21.2506412007367,-2.36518076934285,1.65327349030798,8.106143,47.4771391725826,FALSE
2584,Gaia DR2 3560621248089833472,171.250506661691,-14.9052108028832,5.18770355027246,-34.9925267334178,1.40317323570246,1.55781511597178,0.39729112,9.83116245065297,FALSE
2585,Gaia DR2 3560723537031658240,173.375389932522,-14.9481166918163,3.25887505755739,56.0617292194385,1.14482092269519,1.56979326859187,0.5501135,20.7659120538986,FALSE
2586,Gaia DR2 3560838573435656448,174.083081079529,-14.592413898814,1.40405071123105,-19.0675908865612,7.18350581845964,1.57900195795082,3.037603,37.167214606838,FALSE
2587,Gaia DR2 3560716184047568128,173.096307879974,-15.11983219482,2.9010250595991,4.31051928740342,-18.7751512907852,1.59548515493616,3.036992,10.7872986470062,FALSE
2588,Gaia DR2 3560642649910345472,171.417977312944,-14.8349289505386,2.23332172339034,-3.99324003541461,-3.63557101359401,1.64682233952644,2.393945,-8.90546780186587,FALSE
2589,Gaia DR2 3560718279991613824,173.154279723144,-15.0353521822901,1.91016803083124,3.48856204391383,-5.47730531941868,1.62918880662013,1.99571,8.85561069698175,FALSE
2590,Gaia DR2 3560853176324414848,173.804194834605,-14.5730919900362,1.40020028193707,-7.7519738953777,-14.7846728753696,1.57828255617306,3.4226677,17.180612104885,FALSE
2591,Gaia DR2 3560475317984919936,170.460090564948,-15.6158274139614,1.53106873482429,-15.347193024606,-2.38231554946624,1.60592175613322,3.9215102,45.0603435789235,FALSE
2592,Gaia DR2 3560860220070789504,173.851934630232,-14.3877291299213,6.01484287326434,-141.235406281122,-52.8211730587288,1.49762782178931,0.14705907,-11.4002206077903,FALSE
2593,Gaia DR2 3560577645581935616,171.783917858757,-15.048536116601,1.12441741003795,-17.5251914877468,-2.63491185208426,1.53534207900633,5.003532,37.0610713999923,FALSE
2594,Gaia DR2 3560669420443698944,173.14909851414,-15.4139945139997,3.03147008078211,-44.1420698389624,20.5785758412095,1.60133390852243,0.79978,-11.7865969574981,FALSE
2595,Gaia DR2 3560673303094133632,173.063432425584,-15.3966562617331,0.727449464366156,4.23697270479065,-6.40768320366434,1.52966159994669,10.760653,47.7977703097315,FALSE
2596,Gaia DR2 3560628321899448704,171.509200413076,-14.9489305918994,6.31911357583288,-8.32481028977071,11.4828320459216,1.66632141886383,3.8137379,-4.27284227003693,FALSE
2597,Gaia DR2 3560685638240211328,173.039121935584,-15.3158142111662,4.38044791750263,-14.807190435926,-10.8891086063328,1.4906740793355,0.16998681,4.70880363370616,FALSE
2598,Gaia DR2 3560855718945060992,173.908786803958,-14.4615485994277,2.23942240353094,-2.25160158725535,2.32855415973097,1.5433374244391,57.503983,22.0649188687725,FALSE
2599,Gaia DR2 3560629524490290048,171.481298568379,-14.8989591403692,8.32376854038823,-131.733034133423,78.1314208064865,1.45422297992715,0.13445303,59.7211644012888,FALSE
2600,Gaia DR2 3560515248297018624,170.752475073004,-15.2154097094672,12.7056122803727,-50.0520206457144,-77.4217439027914,1.38301990203973,0.047277972,-26.68868986472,FALSE
2601,Gaia DR2 3560840738097581824,173.928132537938,-14.5935880700126,3.31977147839839,3.86633376923169,-16.3730696813513,1.55715423898603,30.157366,9.78852274268555,FALSE
2602,Gaia DR2 3560689039854249728,173.016836290728,-15.2121683123221,1.323640478644,-20.164016068761,11.0462333276597,1.58052614586036,2.2162719,36.2354183069823,FALSE
2603,Gaia DR2 3560505387052060800,170.62537452818,-15.4055580706157,2.31326938564153,-17.9011573385402,-25.0897726817877,1.61959681712537,4.114003,-1.95894524312219,FALSE
2604,Gaia DR2 3560917600833877248,173.955413746795,-14.1318298487689,1.61643259040843,-15.3676089917432,-7.76151710813765,1.62120621689154,1.9208058,8.90145840170231,FALSE
2605,Gaia DR2 3561091632907090560,173.13977020197,-14.1844791034074,3.91739532022092,-5.70259331963332,27.9503957821891,1.55955285272837,8.016258,-5.9608082057672,FALSE
2606,Gaia DR2 3561045247259668480,171.902890694672,-14.2005431864039,2.79379556655766,-7.87332529704509,13.5745677080176,1.65946391764741,8.114479,-2.69278418500448,FALSE
2607,Gaia DR2 3561129291182169344,173.439559198546,-13.8905213281232,2.31719171029447,-36.465488719613,-0.996111721856556,1.58752072237364,0.81475496,15.2550375957023,FALSE
2608,Gaia DR2 3561279851258195072,170.237210734057,-15.0920912574858,0.455661950156264,-13.2825675217061,2.64069322721549,1.53418586933812,51.35042,64.2116671971441,FALSE
2609,Gaia DR2 3561192410021380224,172.904938918468,-13.6854425072089,1.63578067406492,-17.2776117573685,-12.3694149753724,1.57588453977977,3.103699,34.3721510060462,FALSE
2610,Gaia DR2 3560967834771127168,172.218433340456,-14.7023794763324,3.7377187544289,20.6853513379379,-18.9217612230023,1.61637409704815,1.6713384,5.13229670301067,FALSE
2611,Gaia DR2 3560903925657871104,173.255422957357,-14.2478055818603,0.506293897132786,-6.45252135123594,-5.23375258231992,1.4851021931561,51.42247,27.3940123002138,FALSE
2612,Gaia DR2 3560916879279368448,173.908984360585,-14.1864220787949,1.1198820346369,-21.5109812524389,5.10842472122702,1.577624838237,5.1178923,7.70851595468699,FALSE
2613,Gaia DR2 3560965292150482688,172.037228234619,-14.7332023260375,1.85609123716058,-9.03882610377535,14.4434016381104,1.56503003848965,6.52245,8.02908068463531,FALSE
2614,Gaia DR2 3560961095965410688,172.110748438952,-14.7931207754849,5.17634127602628,-92.72742848128,-8.54429556815297,1.56126786426077,0.46988425,40.7357835423983,FALSE
2615,Gaia DR2 3560985976713118848,172.802065785372,-14.5068734276402,3.51288267414708,1.28430026255047,-23.1079329980302,1.59205090073419,0.7341884,30.6829239730516,FALSE
2616,Gaia DR2 3561166708937065984,172.773286194896,-13.8335284404453,8.10766134035112,-32.7540628397575,3.89463107226949,1.56804936844118,0.48197344,4.59701685044296,FALSE
2617,Gaia DR2 3560927285983558656,173.454896597892,-14.1988824091851,3.46532667427936,-16.1558865937436,-10.9761205715153,1.63626444438917,2.047085,-17.0971585813201,FALSE
2618,Gaia DR2 3561026418125057408,172.166862071204,-14.400768120647,5.73651243908583,20.2043341304207,-38.100485249786,1.41232112784126,0.13932008,5.21949584687778,FALSE
2619,Gaia DR2 3561162929365847296,172.894805467384,-13.8671284015463,1.34303594053085,9.14830055694827,-15.2215884875456,1.64712958471219,7.202198,-28.9898272789756,FALSE
2620,Gaia DR2 3561162413969768448,172.853330841423,-13.8945483513749,1.84045786529961,-4.57908570356818,6.58688544192222,1.60879612881819,1.5338296,12.8792192100108,FALSE
2621,Gaia DR2 3561162242171077376,172.892873348785,-13.9016586730678,0.330428814539783,-2.3295637547038,-4.08901116342328,1.47848504227749,167.96431,34.4953808450181,FALSE
2622,Gaia DR2 3560985942353379840,172.771059759826,-14.4986253846527,7.10206541967907,-13.2157962695923,-25.126219030785,1.62068875064877,1.6339217,49.1494577691003,FALSE
2623,Gaia DR2 3561045934456452352,172.275315970614,-14.4189589637113,2.49007496774616,-22.4385577660514,4.26381816267387,1.60566937152938,0.9838087,-23.5628022618566,FALSE
2624,Gaia DR2 3561061495121835136,172.477165124583,-14.1068773581424,3.66212513991592,7.98846750664354,34.1606405427953,1.34259622469768,0.6758128,-3.21185563265664,FALSE
2625,Gaia DR2 3560891934109172864,173.038614672754,-14.5068437940851,2.73310094944573,-13.3440695942741,20.3448377428876,1.65748260605373,5.5954533,-21.6516464526536,FALSE
2626,Gaia DR2 3560894304931125376,173.182905890386,-14.4256491450988,1.44234976862879,-7.76524685434049,1.37928436020972,1.62060631711851,2.2335289,19.9694350685081,FALSE
2627,Gaia DR2 3561192719259027712,172.88889551097,-13.645789785705,2.32547246731888,-77.1906722610572,16.6646564000827,1.59855014209463,1.1073788,-39.7910269238419,FALSE
2628,Gaia DR2 3561073250448415616,172.19032690033,-14.1009268376529,5.88259403749693,-39.7268217200509,-0.302823027074639,1.5041282889266,0.1894104,7.01438036511455,FALSE
2629,Gaia DR2 3560913232850569856,173.698276373858,-14.1947829578952,1.51275420665591,-16.0112247592328,11.4774239830995,1.53710196619913,5.5928655,4.01894062679181,FALSE
2630,Gaia DR2 3560991920947863680,172.740258976624,-14.3979215121715,0.80884240148401,-13.9210722941751,-0.707532509564723,1.56232221855121,14.406255,47.1829520252841,FALSE
2631,Gaia DR2 3561076858220947712,172.228252762118,-14.035536175891,0.533648092723874,-3.68603251124717,-5.43139227667991,1.49456737279786,49.375183,-24.7348822047389,FALSE
2632,Gaia DR2 3561084726599654528,173.067303442475,-14.2906120400152,0.955768119357518,30.85430756922,-32.9057161958299,1.58156968795498,74.57746,254.946843540282,FALSE
2633,Gaia DR2 3561116474999753216,173.348746561091,-14.1168761141122,2.42786139169994,-21.966682098649,-14.0326838733224,1.56155877238059,2.5095184,89.0571803573036,FALSE
2634,Gaia DR2 3561262052913722368,170.469476678341,-15.2188304661813,2.29221623844294,3.07954286041035,-14.7793135700562,1.61996180067815,2.7279248,-10.9381447907177,FALSE
2635,Gaia DR2 3561266416600496128,170.716609736888,-15.1590096305125,1.52887084096246,-0.995367614642253,-26.9816486226907,1.54190197752726,3.9386985,99.8433879960137,FALSE
2636,Gaia DR2 3560898015782890752,173.316624999966,-14.3498835544394,1.47275769621028,3.2454347918898,-20.3470098660138,1.57696374742495,13.443429,12.4648536937757,FALSE
2637,Gaia DR2 3561273980039742592,170.64708577597,-14.9780802737945,4.05515709718684,4.44152247750149,-19.584855610932,1.62528816286898,1.9858581,16.9805702001892,FALSE
2638,Gaia DR2 3560897740904982528,173.341975677683,-14.3786384371309,1.0441498355771,7.65295487855584,-9.93042688734957,1.58721366744392,5.1227627,-5.77013743618394,FALSE
2639,Gaia DR2 3560896744472570240,173.386192122896,-14.3893983340521,0.639937900060211,-19.6080441471993,1.62359103248105,1.50729883703321,101.70379,11.4798093200845,FALSE
2640,Gaia DR2 3560963196206440192,171.989232729495,-14.7923894039018,2.05048648460315,-38.5912909389679,0.655185404184945,1.59964350783901,1.7217882,65.1166544924988,FALSE
2641,Gaia DR2 3561164063237216640,172.867179204679,-13.8132791355306,7.66654447874484,-5.36926550154415,-6.48988549593637,1.5939589304904,0.57637876,13.5125672707262,FALSE
2642,Gaia DR2 3561076033587230848,172.339088764335,-13.9799978712527,2.66043814847033,31.4914675334305,-5.89908046504749,1.60650920950526,1.1252404,-28.481948516209,FALSE
2643,Gaia DR2 3561126989079706624,173.610888070368,-13.9143673633351,6.09504783165667,41.4860687481299,-50.5029780391092,1.5191710879,0.22844027,8.35135469029229,FALSE
2644,Gaia DR2 3561214125376044160,172.922253248325,-13.4709374693599,3.10056094841409,1.87261126655591,-24.5814946347315,1.62850280220825,1.3812754,1.92995385827217,FALSE
2645,Gaia DR2 3560974977299702784,172.265861659985,-14.4992391126152,0.506410118090354,-1.20441933851289,-8.76718231776417,1.50966618239441,70.47229,113.735303830568,FALSE
2646,Gaia DR2 3561126439323885568,173.525177549732,-13.9086277658762,0.708625750348449,-11.5236477904486,0.705263057282448,1.5478946242,10.217917,59.0328932399974,FALSE
2647,Gaia DR2 3561171003904308352,172.56699876424,-13.9050110651483,2.02525258650079,-0.469053197864508,-0.881016953490949,1.64272644004449,2.4509015,-2.53226115095694,FALSE
2648,Gaia DR2 3560971648702089856,172.20014699003,-14.6241651430654,3.34159335873888,-32.7310582022982,-2.55838665008233,1.63424671350936,2.9971592,27.0807439016015,FALSE
2649,Gaia DR2 3561232370396525056,170.321560748852,-15.4134966617271,1.92334935354824,1.50998860574126,-10.3047246362019,1.61941870419367,4.8045907,3.10948672759284,FALSE
2650,Gaia DR2 3560942511643996544,172.33337615174,-14.9671646985653,2.33831956386496,-29.776570962436,-13.4633933470761,1.60077494445414,1.2855036,12.1259529930027,FALSE
2651,Gaia DR2 3561214743851339008,172.962117834258,-13.4151048806462,1.54594920897156,12.3325219926743,-14.7532288132066,1.56350635674411,4.1002855,30.6480292786368,FALSE
2652,Gaia DR2 3561128913225052032,173.580929328127,-13.811671012105,0.541345300297346,16.0235350299756,-13.8666051022206,1.53103523305683,56.24009,43.9290026474878,FALSE
2653,Gaia DR2 3560971683061829120,172.223887311896,-14.6173989310349,3.82343293242512,-40.4041604452619,23.8251313390484,1.55182124968007,0.43491822,19.2495481225569,FALSE
2654,Gaia DR2 3560965562731396736,172.008906521562,-14.7120097600854,8.37358835748398,7.67460724686871,-97.2146795894484,1.60358138237409,1.3296803,24.9991863313751,FALSE
2655,Gaia DR2 3560971335167440256,172.217908612968,-14.6491936191999,1.67831058546695,-18.1776380265443,-6.93809972576569,1.64713230474094,4.543104,25.6951785905258,FALSE
2656,Gaia DR2 3561142966358017280,173.39612738951,-13.7786746686278,5.27110374654504,-47.0511443557941,-6.92019691273966,1.60292684936471,0.8479551,3.71675953402792,FALSE
2657,Gaia DR2 3561152415285844864,172.554083748783,-14.0991029189404,4.05138077103338,-5.98228799103208,-13.4051581165385,1.60852135280424,0.9796904,3.68078727080936,FALSE
2658,Gaia DR2 3561143928430690944,173.331468400639,-13.7698386651158,1.7041566551498,10.8638523081458,-4.25729533545215,1.62068862379117,3.5148551,-8.7179899169014,FALSE
2659,Gaia DR2 3561218901379683968,172.902780088602,-13.3531834989808,3.05324327180529,2.78961093950644,-21.9930982704803,1.59458677810158,0.88817835,21.4375645221717,FALSE
2660,Gaia DR2 3561072563253703040,172.328328152197,-14.1030582735856,3.4727538854031,19.8978835577835,-45.2290509051736,1.6265619254763,2.3569026,-1.218482402223,FALSE
2661,Gaia DR2 3561101081836845568,172.9164600475,-14.1928438500226,1.40139510858745,10.7113993121958,-3.97421783441309,1.62855587113161,4.299321,-4.94599245255772,FALSE
2662,Gaia DR2 3561097852021521280,173.162922479576,-14.0701701611268,1.20614586448803,-9.26565706104638,-9.22194075725443,1.63809667471698,2.6164825,-1.41192758159284,FALSE
2663,Gaia DR2 3560947081489204096,172.313191430956,-14.8961981062104,3.0880970290411,-28.431587639589,7.90218834371649,1.56299434764604,0.55297244,36.710947218785,FALSE
2664,Gaia DR2 3561148841873280256,173.317770442047,-13.6982902497344,6.49940924849114,-195.102259773154,74.9401506436454,1.50425565425658,0.35043117,-28.9263193422509,FALSE
2665,Gaia DR2 3561265561903831808,170.722237157155,-15.2153497354114,7.20899379056425,-31.2888144800745,6.91890777078225,1.45369467072062,0.12219869,0.615228424652807,FALSE
2666,Gaia DR2 3561256490932821248,170.161922728226,-15.1110605743273,4.12396086972559,-50.4680711442556,-11.3222675795888,1.61158950902913,1.9141037,15.6245524812077,FALSE
2667,Gaia DR2 3560982334580842112,172.650141698141,-14.5764624302378,2.36587199981216,-10.1648596776512,-8.47589599568631,1.65017331199385,2.930999,6.85855712381269,FALSE
2668,Gaia DR2 3561175161430350720,172.336171173274,-13.8009769526671,6.61865023038307,-27.0832082240062,-18.9519910021254,1.6769624091358,3.7245426,9.67140417888434,FALSE
2669,Gaia DR2 3561241544446615936,170.037185498548,-15.447529774976,2.30532990767301,34.3732119097009,-29.0602224488504,1.58054978531191,2.5303688,28.4532376909834,FALSE
2670,Gaia DR2 3561012571150431232,171.991695850228,-14.6943234936157,2.07129340096781,-15.2738211623629,-11.5749533252144,1.61646072031167,3.4137297,-6.9137394652997,FALSE
2671,Gaia DR2 3561247145083974656,169.950694322643,-15.3109941620777,9.00309205936803,-22.543497469612,34.2657656315144,1.64933211860852,2.24827,14.2601291623607,FALSE
2672,Gaia DR2 3561159317296078720,172.6297883669,-13.9116802237233,1.59246357458826,-9.60698900681698,-4.35386279724876,1.63849299619603,3.9827085,-22.4734472438274,FALSE
2673,Gaia DR2 3561163543543894784,172.832644776825,-13.8528264859198,2.04932016984512,-19.8386616223574,-13.5421878216931,1.64586444900058,2.582695,0.0728666140983094,FALSE
2674,Gaia DR2 3561011437279062272,171.880793389729,-14.7241127276315,5.09174052502353,-81.3825863396173,35.4167434502103,1.58754623506114,0.82557434,19.1801056673178,FALSE
2675,Gaia DR2 3561267451689446400,170.680259038169,-15.1185467146008,2.51167217580622,-26.6455192234424,-7.75962111047832,1.64635277007579,3.569239,3.0289108689599,FALSE
2676,Gaia DR2 3561270406626945280,170.636409673416,-15.1131221234863,3.45660895229094,-48.621582602422,-15.2703474583334,1.58705839638329,2.5538483,35.1088146301156,FALSE
2677,Gaia DR2 3561171897257510272,172.574479811407,-13.8291483249702,1.67139445410342,-17.1246743956845,12.1317361860284,1.55029993487617,13.886093,0.715594811127595,FALSE
2678,Gaia DR2 3561244293225684480,169.897611381972,-15.4074951823638,1.31805355310701,-7.5802552063654,15.7647493313049,1.64068965518183,3.574267,-21.3427846025663,FALSE
2679,Gaia DR2 3561240925971323776,169.955933549372,-15.4493818615429,3.11647549963782,15.587652159174,-30.0326469012301,1.60942907708457,1.482628,15.4129239058164,FALSE
2680,Gaia DR2 3561116784237364736,173.341910399022,-14.0811116146347,0.687587305000678,-6.25020471762425,-15.5053767211986,1.54575469270501,66.89805,6.02086471825578,FALSE
2681,Gaia DR2 3561182033380331648,172.541114500101,-13.7471521730009,3.51511126828968,-4.02826114034476,-1.55043791415907,1.58648276072102,1.0640244,7.43818902517094,FALSE
2682,Gaia DR2 3561168392564252800,172.775890088058,-13.7444134322665,2.15313653339649,-18.2334271606599,4.96622090927636,1.61795070677315,1.5108464,8.78301505237824,FALSE
2683,Gaia DR2 3561200415840513664,173.111351844148,-13.5434095756664,4.86408065626159,-36.8673536603314,-10.6287932223102,1.6402785260776,3.226193,-2.04204597726824,FALSE
2684,Gaia DR2 3561043529274692096,171.940110958684,-14.2697742826137,2.66075385092765,-4.43846833517457,14.5864772624908,1.55831241156429,5.2160187,7.39035330070479,FALSE
2685,Gaia DR2 3561041772631086080,171.891014702293,-14.3359332673149,2.21922502969586,15.0403781511979,-29.8253791700101,1.62379929481348,1.7065012,9.88083431392572,FALSE
2686,Gaia DR2 3560951101578653184,172.570913422728,-14.8257688961056,0.743502188881355,-27.528540310442,-12.1339764113085,1.57675052654153,36.927914,-24.3210555001094,FALSE
2687,Gaia DR2 3560979654521241344,172.55434514912,-14.6753374870842,1.1253563344315,5.95137513115112,-15.0909369646403,1.55556022898781,50.03196,-64.4560487783629,FALSE
2688,Gaia DR2 3561233023231588224,170.452392934952,-15.4239061811842,1.93667086150533,-15.3441869546588,1.84145002072038,1.67771774016861,4.3120327,4.06748697970454,FALSE
2689,Gaia DR2 3561135609076603008,173.137681081626,-13.8739915741846,4.52721090965197,41.9455661127093,-58.3072774453187,1.56816328061049,0.42074952,10.0816989075361,FALSE
2690,Gaia DR2 3561195571117399168,173.180751970403,-13.6583176825377,2.91976952089803,-52.752854406415,45.7424961325819,1.51451210827591,0.5026261,26.1546314980931,FALSE
2691,Gaia DR2 3561138637030911744,173.129514655715,-13.851876911577,1.72129436006938,-15.3165420069905,-3.498222203543,1.59360893502934,1.1901011,3.27660305748761,FALSE
2692,Gaia DR2 3560995906677459584,172.588167747876,-14.4593460855626,7.08200619827358,-13.9129123666721,31.270917390621,1.62318624309428,3.9285846,4.32408625641846,FALSE
2693,Gaia DR2 3561107163510542848,172.971716883207,-14.1370628182932,1.304582935206,-27.5522904431499,5.21449727310242,1.55587393659645,5.3968396,-26.4949872845602,FALSE
2694,Gaia DR2 3561102181346500608,172.869493175101,-14.1521923997336,2.95744072457427,56.3515026835224,-58.7287449231068,1.52568978404361,8.84577,6.45241543491578,FALSE
2695,Gaia DR2 3561162173451599616,172.901554685057,-13.9164278500452,3.40844540759453,-5.30507918673274,-4.60398387829911,1.6401820000675,3.5585685,-14.2789103279111,FALSE
2696,Gaia DR2 3561002022710892544,172.614118612347,-14.4091423603197,7.56763842427497,-47.8530599179956,52.1826717523578,1.66091009134917,1.7823164,-51.2868233473196,FALSE
2697,Gaia DR2 3561107919424791936,173.000650738895,-14.0933007041501,2.06695269240544,28.8770654013694,-14.4490002626463,1.59051469187103,2.0418563,23.7531488585786,FALSE
2698,Gaia DR2 3561262022850745856,170.461202170179,-15.2308533680456,0.275662893308699,-0.44732565929951,-1.80698982200795,1.53211105041691,88.00462,52.3446427364227,FALSE
2699,Gaia DR2 3560911519160123648,173.700512837056,-14.2867068177473,1.22324165799063,-19.5218777930606,4.37971688626716,1.56245927907131,4.4202204,-5.02983411130085,FALSE
2700,Gaia DR2 3560914920774224512,173.777795154465,-14.2579238945017,5.52029033679603,-36.3383133561225,-54.2957732762166,1.51279102132801,0.21814695,27.0901614797625,FALSE
2701,Gaia DR2 3561155335863657344,172.707652750223,-13.9561863129967,0.263549169025934,-9.01867410332076,0.0108592252173333,1.51924412357789,69.83701,21.7572344713593,FALSE
2702,Gaia DR2 3560919318820738048,173.693892806531,-14.1715560791044,1.83512855624472,-15.7164026082696,-16.993075447801,1.59790122966243,1.1992072,20.1789972806044,FALSE
2703,Gaia DR2 3561019477457849216,172.066566720578,-14.5807118915071,3.37478332365371,-35.9410172681829,-29.0734636082747,1.62162130195674,2.3861163,32.6300704671305,FALSE
2704,Gaia DR2 3560979723240671488,172.542320037917,-14.6757555840657,0.563566520095773,-0.567769587756812,-20.6394915316223,1.54941444793328,67.73213,-21.6881335351271,FALSE
2705,Gaia DR2 3560995803598242176,172.537876128152,-14.4730557465739,0.326969069026276,-6.20798088361995,0.00431113502151351,1.53649140895169,45.41054,25.1508701841543,FALSE
2706,Gaia DR2 3560904750291658240,173.667996406119,-14.4643768717882,0.991934074875393,-11.1985899444449,0.393991304010603,1.62052300171884,5.4632425,22.2804476282609,FALSE
2707,Gaia DR2 3560970480471049344,172.346182969354,-14.5979502792356,3.26621509676685,-0.953988608612098,-13.5090596900113,1.60997649002999,0.7817965,-9.40109763440124,FALSE
2708,Gaia DR2 3560905368766951168,173.699044307582,-14.420818219253,1.90067595805743,-14.6496850846979,11.5325544393441,1.58978869374183,7.6432147,-3.73012585480095,FALSE
2709,Gaia DR2 3561190485876117632,173.066350882738,-13.6608824941245,1.68412496664575,-27.9957497342936,-13.3572539112386,1.53466860000008,3.129342,29.8467395031539,FALSE
2710,Gaia DR2 3561081428066561920,173.024282862701,-14.4070306203738,0.397479713894637,-20.0712629395066,7.12440036760207,1.51841334378133,60.675617,56.2623822271436,FALSE
2711,Gaia DR2 3561230446251209856,170.351795346557,-15.5173492663364,1.32978743589105,-5.22872190812622,9.39186674049723,1.64437679586279,4.2501984,-11.8323558228487,FALSE
2712,Gaia DR2 3561210891263352960,172.780911588393,-13.4906236162402,4.62195740977952,19.4566901082149,-49.1081710116067,1.53230218876984,0.29031545,21.7483936765421,FALSE
2713,Gaia DR2 3561189931822954240,173.019511539504,-13.6972244506974,2.14589400855272,-28.0124125871051,14.3804571167712,1.59344177567794,1.1038955,10.5770235530966,FALSE
2714,Gaia DR2 3560908937882512384,173.732029806244,-14.2873046726038,1.65971812851909,-22.6278105117462,4.50001741465314,1.62037942090948,2.8500025,-13.0496670935192,FALSE
2715,Gaia DR2 3561236557988283008,170.239870985166,-15.3635359010123,0.329528196807317,-7.05101755071181,3.79708517247807,1.52054956220934,50.793617,-23.8695141668729,FALSE
2716,Gaia DR2 3560925572293134080,173.613972137306,-14.1545790041062,4.76615796262914,-112.998883201603,-6.22178528293803,1.58085921048304,0.51590216,24.1805631820874,FALSE
2717,Gaia DR2 3561028617148228224,171.819423823406,-14.5564895959546,1.38010929243525,-21.5571085780263,-5.20226482878638,1.54246093383974,19.85846,4.31991334398159,FALSE
2718,Gaia DR2 3561035145498523904,171.782443487863,-14.4059558095591,4.38515633893091,-28.5651100916171,-33.3392176369443,1.52734205002942,0.28252348,51.2227341236617,FALSE
2719,Gaia DR2 3561152101751026688,172.66083287999,-14.0699949349341,2.97058227487081,-15.5793536706612,-35.646386706612,1.60837304257668,1.3110871,-8.57849941630158,FALSE
2720,Gaia DR2 3561153338701607808,172.703749898551,-14.0637358626865,1.55942903719044,-28.2718208493211,2.34511427540751,1.60096797350099,4.7499824,13.0010871719698,FALSE
2721,Gaia DR2 3561033668029763456,171.588653555426,-14.4892708322816,2.06685368202332,-4.63830450302123,10.1585502227172,1.59216363296996,0.9976136,7.54970768043188,FALSE
2722,Gaia DR2 3561249305451216512,170.116252318202,-15.3137049461653,2.9477832821061,-23.5357261048074,-3.00085800386548,1.63309607097696,2.039056,-31.79234027843,FALSE
2723,Gaia DR2 3561016282002150016,171.771928479242,-14.6168101701779,0.53614147593139,-3.40563157914418,-2.22905932886939,1.52609704640583,50.615864,46.6430657615993,FALSE
2724,Gaia DR2 3561148154678449024,173.195437550093,-13.7007683198004,2.55174209646519,-20.7798135724601,-6.36978634005485,1.67308491253613,3.7574573,21.3406924582434,FALSE
2725,Gaia DR2 3561202236906652288,173.184037619768,-13.4986753290987,0.494662698177341,-3.82556399660568,-4.3920101761072,1.51414353149324,40.854996,65.4113665995924,FALSE
2726,Gaia DR2 3561029819739070080,171.712108601466,-14.5241189131907,1.97145411210884,-48.4513849229058,-10.9914674721104,1.53608551119469,6.8599977,33.2452532176889,FALSE
2727,Gaia DR2 3561011609075832448,171.883245277341,-14.7023689078016,1.2009920040718,-22.5200857920604,9.98791079819192,1.53605965594691,14.470718,-2.20681596058503,FALSE
2728,Gaia DR2 3561062667649056768,172.469275816339,-14.0663772861542,2.37831149834005,-20.1977228708795,5.17141833417459,1.61167599518444,1.3158245,36.0919738607911,FALSE
2729,Gaia DR2 3561241956763480064,170.114849611577,-15.4052287255483,3.2074297958706,16.8332233196888,-19.3123932311538,1.58468405464562,1.111106,-7.76985836754126,FALSE
2730,Gaia DR2 3561017999989095424,171.869758835774,-14.5809400975722,0.738785011679704,-8.0822284048949,-6.63642503648966,1.53452507628069,53.776684,33.8562482944242,FALSE
2731,Gaia DR2 3561271574858052224,170.610484881352,-15.0633853276943,2.68922461291052,-46.5407088595164,-2.18725793102321,1.56855813460221,6.189146,-8.27380606999493,FALSE
2732,Gaia DR2 3561183957525686016,172.519753300126,-13.6579611316761,1.90140933132937,-8.77835839799235,3.31785299630187,1.65805304658826,5.332826,25.3374456878985,FALSE
2733,Gaia DR2 3561043426193515136,171.940665347873,-14.2971071574349,3.38887644985712,10.3093850846844,-2.97490621318645,1.60366243707068,3.3085573,9.85042736310923,FALSE
2734,Gaia DR2 3560954297034266624,172.299356140194,-14.797361617382,3.5237174592142,-21.1223365927013,-8.34445905581764,1.62616481998482,2.2811186,15.3638744760934,FALSE
2735,Gaia DR2 3561123896703212160,173.239740597926,-13.9451524669378,2.29172819450852,7.32561458752194,15.799902091388,1.59296248054148,1.238188,2.97707838172496,FALSE
2736,Gaia DR2 3561185331913010176,172.583297118278,-13.6365105085859,4.20574818629704,-65.2287889932635,17.6525746559085,1.65563098066474,3.1375105,-5.18273200533666,FALSE
2737,Gaia DR2 3561189072832486272,173.09439159619,-13.7196613949291,1.47097365341363,-4.54417958900356,-2.24372606532731,1.61056193893276,3.939252,-8.76615531492649,FALSE
2738,Gaia DR2 3561277416013542656,170.451943789906,-15.0682180319484,1.81780172265692,-19.8804525347097,3.97994165348488,1.51473257021987,49.428123,-22.3138481096218,FALSE
2739,Gaia DR2 3561254738586159232,170.118489986505,-15.2156873412554,4.24537029212814,5.6356541449853,-29.9224665457168,1.64084628710716,1.9519218,14.7236804964198,FALSE
2740,Gaia DR2 3561120392009892736,173.260798666884,-14.0615718129171,3.74326305812194,-86.8621139349305,-25.9588265759156,1.61772876899293,1.0157121,-61.0146094901651,FALSE
2741,Gaia DR2 3560945329142542592,172.22494169856,-14.9219323329004,5.24136316619328,-14.1196148294024,-5.017661086254,1.63253430925575,1.6348107,-23.4386609083047,FALSE
2742,Gaia DR2 3560930004697275392,173.541266175056,-14.059602912604,0.62803087342037,-6.53573583417703,-4.15089473186634,1.50619266493713,49.801716,26.7006805445515,FALSE
2743,Gaia DR2 3561279615036745984,170.274995505224,-15.0804445387471,1.32790301794429,-7.00135305339873,8.4030104456145,1.60778158021977,4.8994164,16.2700777542624,FALSE
2744,Gaia DR2 3560968418886683904,172.272596482232,-14.6472749568807,1.27080533620865,-9.53566822687067,1.43786233960984,1.63203509804798,2.785674,22.5107626962016,FALSE
2745,Gaia DR2 3560946600452862976,172.247770027168,-14.9202037591964,1.55977576032202,-23.5238678118008,0.0817878311236778,1.62712101224102,2.1457386,-0.705977364786504,FALSE
2746,Gaia DR2 3561116681158148480,173.333366636303,-14.1023050101161,1.75247381045326,8.78168964596591,-14.7739246280526,1.54494629786816,10.307076,18.2247569476679,FALSE
2747,Gaia DR2 3561236905881991424,170.335312203829,-15.3715322886535,1.4293997806688,-6.59679960622758,-0.554595387721488,1.633565357821,3.740432,-35.2684399941003,FALSE
2748,Gaia DR2 3561125202373302528,173.545069903111,-13.9721260723665,0.925166996585161,-14.478193728166,4.38769886997525,1.53751342890376,43.296696,-1.45989120412214,FALSE
2749,Gaia DR2 3561136953403795072,173.199571287081,-13.862945925454,1.54070726640532,8.92873558287523,-18.9146655226343,1.61627198277146,2.1281934,21.9925496473054,FALSE
2750,Gaia DR2 3560967525533481088,172.219230025206,-14.7113892004854,0.786112802960509,-5.22350592600033,6.04193209680924,1.52695049597612,19.387241,19.5455693788396,FALSE
2751,Gaia DR2 3561407158385770112,171.426338963997,-14.5373307990639,3.27009311008335,-46.7852893705099,-1.20499991374066,1.44855938012733,240.464,28.144687839618,FALSE
2752,Gaia DR2 3561399908480970624,171.275402237055,-14.6663581820843,5.23575962001682,-51.6309415044714,1.59906910905484,1.44535256121185,0.27214617,4.56494850732995,FALSE
2753,Gaia DR2 3561750858847883648,170.162300059744,-13.7607906231746,6.17118474292321,-38.7724566577985,-14.1446437724257,1.50125456431907,0.23387721,11.733934120234,FALSE
2754,Gaia DR2 3561603691792302848,169.198773814444,-14.2776914245088,5.69779635844839,-39.2288543203217,-0.241482198782177,1.50769919339236,0.24904388,4.76133555975724,FALSE
2755,Gaia DR2 3561308335481728000,169.925113576781,-15.0363538219059,5.55243134010089,-26.3504893443805,-29.8496238566951,1.61280660113462,2.3885787,7.87655892103506,FALSE
2756,Gaia DR2 3561772642920857472,169.830141873623,-13.5431862507865,3.30826858750248,2.20225886898505,-16.3912314970884,1.64361360544884,1.6190042,-35.893788075783,FALSE
2757,Gaia DR2 3561660664534693888,170.331845107711,-14.0841406176818,1.05612321933791,-6.83239401985731,7.09053429342723,1.62097853391489,10.709072,14.8198154662092,FALSE
2758,Gaia DR2 3561304560206798848,170.096704406457,-15.0661802163724,3.41663303609188,-4.59566223886336,4.13883400490869,1.55319337331797,0.4676593,23.2431418400287,FALSE
2759,Gaia DR2 3561614313247290496,169.304550064034,-14.3171861285216,2.63595191455469,-16.0808253924481,-30.8169733268409,1.56503265260337,0.9439589,82.3632070634712,FALSE
2760,Gaia DR2 3561528173383220736,169.231526997712,-14.7319916144458,6.21048203378443,-70.8239016175571,12.1473434523479,1.6708485729386,2.00639,10.2768647297544,FALSE
2761,Gaia DR2 3561677363367508992,170.212236404436,-13.9389701091888,1.5892523234599,-16.8124124679588,-1.52500000362037,1.55561472028405,2.9008248,53.9455812467722,FALSE
2762,Gaia DR2 3561565144461804288,169.867174877093,-14.4163011163799,6.10780266274201,12.7368735971957,-52.308723624012,1.56369859161309,0.3910429,25.9281290127819,FALSE
2763,Gaia DR2 3561567068607154560,169.892597270212,-14.3524462068269,0.5994926040815,-6.93176397076108,-4.88745990751093,1.49978275523603,109.97326,25.0460676060591,FALSE
2764,Gaia DR2 3561586653657898368,169.201886771077,-14.5083957694438,3.40806471232128,-43.8450933658116,-12.8898542280421,1.49488843824515,144.53517,31.2258445387786,FALSE
2765,Gaia DR2 3561554252424743680,170.046555837289,-14.3936831371055,1.41623122699824,-22.7496357307574,-4.29396137736486,1.5991370876339,2.1689558,8.92317571665063,FALSE
2766,Gaia DR2 3561560265378941184,169.54696734554,-14.5204091865208,2.12877532517954,-6.29463619056216,2.41521164829411,1.66034711187421,2.5169966,-6.56654146433393,FALSE
2767,Gaia DR2 3561593456886092288,169.01434351312,-14.5012184784945,1.70788111005129,-1.2153947675382,-0.671106274262345,1.61130221421497,24.986746,3.40988650353449,FALSE
2768,Gaia DR2 3561768141796246784,169.920493694715,-13.6416843543575,1.88101985554088,-33.2522209845111,6.78787897398222,1.62045918414465,3.8890653,50.0640946226017,FALSE
2769,Gaia DR2 3561757352838402432,170.098418347956,-13.6089745121642,2.04203729249643,1.76273374433703,-2.09087577841272,1.6355664463621,6.4045854,-8.07716028029773,FALSE
2770,Gaia DR2 3561387092298485760,170.740986386593,-14.7071513447394,6.74355563682565,-47.0087301535009,-52.8649066422354,1.63801280022656,2.0069005,-36.867257236617,FALSE
2771,Gaia DR2 3561676431358536448,170.046473647879,-13.9744396797178,1.78191630448387,-1.54859359791056,8.23789950537148,1.67541370377532,2.4963303,25.6710919148365,FALSE
2772,Gaia DR2 3561428152185895168,171.133906692105,-14.3785710077991,2.83164330743151,-2.92777638067364,-15.9047643828815,1.63967036820682,3.789501,-21.6587241541658,FALSE
2773,Gaia DR2 3561333628545465088,170.152904050337,-14.9189346233764,3.81846376625428,-34.4353304007354,-12.9774956859682,1.61639471358638,1.7146033,32.4080959001922,FALSE
2774,Gaia DR2 3561446843883468416,170.572673324389,-14.4965211244238,1.22340558295545,-3.86829443147664,-14.9781900264361,1.52923986262043,60.588196,-36.6831791436782,FALSE
2775,Gaia DR2 3561332151076714112,170.125416808873,-14.9315527304521,4.02928353420476,-31.4442053971093,4.22100620179606,1.58191649418716,0.64540905,19.4719526624567,FALSE
2776,Gaia DR2 3561634654212411520,169.253328529216,-14.0392959961611,2.27357967402707,-13.4319775295851,-8.16711368060155,1.7063618693173,6.1973133,-19.4929400982435,FALSE
2777,Gaia DR2 3561650768930036096,170.196654708034,-14.2780832622823,7.35164975579859,-33.0828789979653,-7.26605548879943,1.54503893073289,0.38452846,46.1262021889839,FALSE
2778,Gaia DR2 3561302876579614592,170.067408709496,-15.1385872932675,2.3450777860926,4.79431313026131,-14.8013165993778,1.6065673637897,2.733289,43.5942491389972,FALSE
2779,Gaia DR2 3561646645761431552,170.269299818981,-14.3318827193953,1.74089239106598,-24.5079846706098,-22.8337370290885,1.59359414185504,2.2859688,-13.5912810498185,FALSE
2780,Gaia DR2 3561296142070849280,169.891255332228,-15.1856984469297,3.41859653475585,6.89007991480562,-22.2497338561897,1.59110741298446,1.1884245,30.0981517459113,FALSE
2781,Gaia DR2 3561700968507769600,170.282101690367,-13.9019006588244,1.79801954534916,-14.527353417147,-0.351119847631777,1.62175129420503,5.666202,1.74078051257594,FALSE
2782,Gaia DR2 3561320984161696640,169.91673838269,-14.958192319526,2.95443407689922,19.3343142554543,-27.3887195879859,1.64054412048017,2.3214197,25.0222008003059,FALSE
2783,Gaia DR2 3561413343138680064,171.419859198437,-14.4268172735636,4.23493369324991,-41.8548037199363,-31.5045339554132,1.52324472688295,0.2857754,17.6549033003037,FALSE
2784,Gaia DR2 3561408910732429568,171.524600752776,-14.5010295595494,6.32255003415387,-85.1897892530681,-0.00348681557463013,1.47333823532405,0.1528211,35.3014682466416,FALSE
2785,Gaia DR2 3561558959708871808,169.673693433045,-14.4985331814722,1.073972767417,-19.5444594575633,10.241293323547,1.53024646509432,32.08634,-13.9266128888165,FALSE
2786,Gaia DR2 3561295489235817472,169.852608625126,-15.237048797527,13.383242985344,-31.9998978376299,-276.31369612008,1.34661395490037,0.12403719,55.342414535713,FALSE
2787,Gaia DR2 3561315658402234624,169.558575090834,-15.0487848294851,6.89544309066203,-51.4488623678444,-2.09392258183587,1.6864254898915,1.2128961,8.8338310994772,FALSE
2788,Gaia DR2 3561561949006110080,169.557223254427,-14.4309649633787,0.934964383827042,3.73274949249634,7.25837139345255,1.54075513376152,18.558903,8.19737165014403,FALSE
2789,Gaia DR2 3561298890849916672,169.802938686633,-15.1856007228054,0.471995783223598,-13.4959562101545,-5.69390329632224,1.49792422143573,40.50556,25.5388969086784,FALSE
2790,Gaia DR2 3561497279682576768,171.006690066726,-13.9941255565084,1.8925233546715,7.30442532871045,-3.98324694959502,1.61635864421475,2.311812,-6.89349072289379,FALSE
2791,Gaia DR2 3561292499938577408,169.877457531613,-15.332480769795,0.602454975194634,-12.4010271132404,5.46837318995346,1.52207580482926,47.923344,33.3061899491607,FALSE
2792,Gaia DR2 3561325931962345856,169.748990789021,-14.8796344109566,0.632242376833408,7.31418470731572,-9.10612991612276,1.36861719429094,470.97632,-0.12158589190169,FALSE
2793,Gaia DR2 3561574971346845440,169.091501111352,-14.6938956568497,54.7309939884725,-174.248208993641,-120.617988134336,1.44802461488737,0.076240435,15.9917033436656,FALSE
2794,Gaia DR2 3561429629654604416,171.074679571137,-14.3174079838809,1.77555525751561,-15.7135068047246,-2.70482286764839,1.56685088663293,2.4883573,-2.68473492955106,FALSE
2795,Gaia DR2 3561349571464023936,169.925511507446,-14.7974344499093,1.37017292948045,-10.3662162397618,0.0216788450905043,1.62097467877796,13.266813,-6.72523071189165,FALSE
2796,Gaia DR2 3561487835051355520,170.739485718018,-14.2046969335246,1.54669934286497,-17.7965407878847,12.8530905455875,1.63451081645786,2.4981544,-31.8861285478532,FALSE
2797,Gaia DR2 3561578746622738304,168.969439449365,-14.6691075415323,1.74331349296211,-18.4507073050483,0.61795264783101,1.61706662765793,3.0043938,35.6106759048258,FALSE
2798,Gaia DR2 3561608059774890880,169.132258868234,-14.2112660650084,2.90116109686611,-36.1414803560279,-17.2478627220448,1.61559705391015,2.761141,15.9360592952887,FALSE
2799,Gaia DR2 3561436669104504448,170.586763594092,-14.6007292892121,1.73002329384969,-6.93575096259696,-14.0976460047002,1.64360864772724,4.228885,6.74253542288985,FALSE
2800,Gaia DR2 3561611938129763072,169.515707848376,-14.3251010860433,7.7443920211318,20.1041435356235,-53.8151166690245,1.46422270017009,0.1341975,15.4946003729343,FALSE
2801,Gaia DR2 3561458212660456576,170.286634679496,-14.3986332780942,3.06133850336557,-30.9821717194773,7.93350402996309,1.57639835540527,0.76165646,13.2939191552494,FALSE
2802,Gaia DR2 3561615618917385216,169.515207040164,-14.2627533325223,2.26024153801049,-60.8630114369854,2.46365808299263,1.62491603537406,2.91914,-22.7927246370479,FALSE
2803,Gaia DR2 3561641075187895936,169.380303868554,-13.9785462392989,2.27146398730526,-16.9452071945427,-31.2821890045984,1.61880843762802,1.7856826,82.0364166666703,FALSE
2804,Gaia DR2 3561348093995276672,170.044797224203,-14.7682518876012,3.10378192391052,17.0481342779125,-6.41217127358642,1.53826171433074,52.489418,-10.082431947871,FALSE
2805,Gaia DR2 3561351598688590848,169.984284323904,-14.727591241859,0.962004697253846,-11.4074594133214,-3.75267644642084,1.5399220911321,14.51059,-8.80281333395675,FALSE
2806,Gaia DR2 3561734400533144064,169.753588389061,-13.8852313639629,3.50327962467576,-55.541569606759,-16.1391205871568,1.62937486365031,1.8707219,18.7270091354615,FALSE
2807,Gaia DR2 3561633516045456128,169.28817782884,-14.0889532139097,0.447459646448797,-9.40107902541356,1.0558463033762,1.52208947390457,46.95329,133.636466299597,FALSE
2808,Gaia DR2 3561448424431438336,170.679869655676,-14.4093787512776,1.11723435485844,-7.04363690147015,3.81582306275422,1.61515804433219,8.159715,-8.38685165759474,FALSE
2809,Gaia DR2 3561442853857409536,170.645451548535,-14.5361734141831,3.97554971082858,-32.5871252511585,3.97779467875077,1.58510483316699,0.6695466,14.2333770416895,FALSE
2810,Gaia DR2 3561332803911696512,169.990917521049,-14.941910684757,7.98139826639865,-72.3028617750156,0.319413664435334,1.57748158745508,0.40566713,20.5315236552783,FALSE
2811,Gaia DR2 3561348334513444352,170.010934607528,-14.7633603286584,3.49306767050796,-4.34603345870362,-32.0386098917013,1.6179973126729,1.8105118,35.1171504928922,FALSE
2812,Gaia DR2 3561636917659554048,169.465697276037,-14.0289260525813,7.90549384144349,-56.8157580222498,1.45889955771563,1.52859076046756,0.18593822,0.408769794072091,FALSE
2813,Gaia DR2 3561664714687757696,170.041578010718,-14.1733389357969,3.16472376604267,-12.011751563616,-53.0117704705127,1.57197039402573,0.9721712,82.8513346519447,FALSE
2814,Gaia DR2 3561473919357313280,170.809592190774,-14.2845063456396,1.60306232238137,17.3554839601083,3.84079820433876,1.61002030629793,2.9108613,39.8658715420303,FALSE
2815,Gaia DR2 3561322255472017792,169.908577954854,-14.8888606226195,1.69377511458425,-7.85143612774502,-3.04621469660247,1.60479306654227,2.1120756,-20.1389849772351,FALSE
2816,Gaia DR2 3561390974948926720,170.969959548103,-14.6651173122491,2.07468345636682,-36.1753894776085,15.3415786395795,1.66227405138394,3.4216068,-12.4687524992329,FALSE
2817,Gaia DR2 3561314451515158656,169.61045902482,-15.1012602131486,5.51489051097729,-94.2646980648804,96.8041232988468,1.5947812911191,0.54010725,-2.5567129002864,FALSE
2818,Gaia DR2 3561352801279435008,169.981181324455,-14.6913341936976,2.5434445480544,24.6726188268951,-32.4579854974334,1.61300254000367,1.9788426,67.4359964232783,FALSE
2819,Gaia DR2 3561448832451881984,170.703905265232,-14.3929555294198,2.88183898773285,8.13269466642076,-12.7112725518812,1.58878468251293,1.4825487,39.8498259301902,FALSE
2820,Gaia DR2 3561450692174134016,170.386808210224,-14.5701718513916,0.854555061507048,-6.21975092901407,6.7335813392886,1.45377560748584,187.1973,52.446882328087,FALSE
2821,Gaia DR2 3561677737028593280,170.131349453442,-13.9578645513595,8.34574412839696,31.0771702554838,-94.6688766055778,1.49697273266932,0.1877162,-27.7562702682285,FALSE
2822,Gaia DR2 3561455395161912448,170.250736461503,-14.4815970221866,5.3628968182039,-24.3362804191639,-15.5779259592222,1.64077768162008,1.8038437,-11.1433023231687,FALSE
2823,Gaia DR2 3561527726706623744,169.324877822271,-14.7179011406887,1.0428066497377,-28.3669460221436,0.933292524894715,1.52961188626316,13.9542885,26.3370569594484,FALSE
2824,Gaia DR2 3561359673227113088,170.055663721502,-14.6032155998329,5.82317603514973,22.1708781929512,-58.3395508592479,1.66801574481749,2.067287,-0.984983508064886,FALSE
2825,Gaia DR2 3561520305003195392,169.603004048264,-14.6556718488223,6.64650138869141,-61.3460538102688,5.74454722056,1.62351702504109,1.6467192,3.37989025593937,FALSE
2826,Gaia DR2 3561290781951775488,170.464224591629,-14.8724226183413,3.89295760502463,-24.3541424544173,22.9139458501298,1.67477844828936,3.6682322,3.40364558539063,FALSE
2827,Gaia DR2 3561359329629728768,170.009627296254,-14.6127016761342,1.23095728612376,-33.5449143098069,-0.00521014302778709,1.52022287182413,5.135608,10.5192952001501,FALSE
2828,Gaia DR2 3561357405484383488,170.247273148268,-14.595737133895,0.418871653635539,-2.902429883794,0.236560251476061,1.51864928563256,78.78268,10.3500287428208,FALSE
2829,Gaia DR2 3561287277258463744,170.612112717872,-14.8790167704853,1.47415661137518,22.1316836693126,-18.126867942136,1.581866738451,2.9850383,-8.17656749285714,FALSE
2830,Gaia DR2 3561357096246737536,170.219947418378,-14.6105875395862,1.9418154720019,-2.00104977200622,-1.80807391269383,1.65133799105894,1.995919,-22.0169328013109,FALSE
2831,Gaia DR2 3561284081802786816,170.458303777898,-15.0464249200889,0.540680627142414,-6.10553985878724,-1.54392379483081,1.65527541759205,14.671676,-15.7992506357666,FALSE
2832,Gaia DR2 3561695161712049152,170.727957697172,-13.767158956731,3.58121210762218,-51.2329212286742,29.7809754578592,1.57152756826478,3.8889406,14.2290097132213,FALSE
2833,Gaia DR2 3561283428967758720,170.520655190095,-15.0333789166424,1.8884274229907,-3.28473614164521,7.38797510565602,1.61938029699052,1.7568682,22.290261989021,FALSE
2834,Gaia DR2 3561694989913357440,170.746379027767,-13.7735058347684,5.70176762125192,-124.423429886569,-17.6221545761866,1.59352046193274,2.0810063,18.493926707311,FALSE
2835,Gaia DR2 3561645267076575616,170.151872118707,-14.3877848137963,0.435742336986475,-0.637987628637343,-3.95342533780923,1.5341705250197,54.310604,11.9221450094239,FALSE
2836,Gaia DR2 3561737797851987584,169.566604510255,-13.8244250471877,0.501951016180686,-5.90530588907874,-1.35721383556779,1.47916938694528,49.549404,-2.2341554244053,FALSE
2837,Gaia DR2 3561476977374076288,171.03185747455,-14.2655886456446,3.57911938011367,-52.6328172931777,1.29360695244455,1.60665834690086,1.2330946,31.9436969721712,FALSE
2838,Gaia DR2 3561692309853759744,170.585150606888,-13.900947418472,3.07175012595618,-11.975393311407,-0.480766323381122,1.58850234943108,0.80489457,5.07652365589026,FALSE
2839,Gaia DR2 3561681555255648768,170.64015826487,-14.0534651814437,7.29841070799094,-82.27171760922,-49.1913184630417,1.51090509966221,0.22448398,13.8561968462895,FALSE
2840,Gaia DR2 3561517590583849088,169.497801799667,-14.7766642245164,1.70084965216237,0.18328838974663,-10.806195775848,1.63576977122953,2.3176782,-10.1604016400897,FALSE
2841,Gaia DR2 3561381457301385728,170.67314361392,-14.8487504400086,1.9420879825954,2.63263942451538,-1.82823751168629,1.61796080476173,1.7788275,14.8705537597679,FALSE
2842,Gaia DR2 3561687430770891904,170.485953340338,-13.8849135853153,4.05032205936302,-134.486869349269,18.5522869947165,1.64134044128698,1.0231485,-54.1391061260001,FALSE
2843,Gaia DR2 3561380495228712320,170.748177119443,-14.862843341215,2.47460852063662,17.3641965738344,-28.9818433027674,1.61735220599046,1.7863947,-18.1000198448511,FALSE
2844,Gaia DR2 3561465153327378688,170.426004292294,-14.290032183437,4.84964176273837,-57.4927319037147,-4.64719871446736,1.7501144050138,0.8325554,-33.6902231394721,FALSE
2845,Gaia DR2 3561392967813747968,170.782031183179,-14.6925182287885,2.42055593639783,-2.89033966616348,0.925600961611443,1.52349657451467,95.18391,-0.992356220262929,FALSE
2846,Gaia DR2 3561717010209549952,169.917603088349,-14.0312101276061,2.38736880571886,-16.1529696106691,3.51952475783219,1.65127262284983,1.7894061,6.46334207651257,FALSE
2847,Gaia DR2 3561364277432199808,170.846322061272,-14.9568076950953,1.10228762868439,-13.4506720201843,-4.52006514971702,1.5438612137848,10.273519,-15.5047031104467,FALSE
2848,Gaia DR2 3561770577041654272,170.025419354664,-13.5226558970925,2.48613456382194,-11.9096888704551,-8.04906686715241,1.60568605536767,0.9824044,7.84737400014638,FALSE
2849,Gaia DR2 3561511646349109760,169.446883344883,-14.7967137353072,5.13002375448088,16.3637044655212,4.16755870467907,1.5359095253743,0.28760856,11.5728795624799,FALSE
2850,Gaia DR2 3561422341093601152,171.057236704118,-14.4096887211987,3.81340977137059,-10.9400116169249,-12.9442509858969,1.6099562113213,1.1676406,4.91250482247928,FALSE
2851,Gaia DR2 3561700075154610560,170.359260054372,-13.8516787358719,0.525112861890021,-7.61501164022199,3.43067428494631,1.54064930119312,52.223938,-3.31911442164166,FALSE
2852,Gaia DR2 3561361867953668352,170.132100180218,-14.5286769093911,0.926786148254905,-16.6607345199328,-1.1954525941149,1.5065693263063,10.551266,33.294371318567,FALSE
2853,Gaia DR2 3561352281586666752,169.949761294779,-14.7253677711227,0.486240082934188,-10.586389554271,-15.6540727484807,1.56203279899334,54.68875,4.43265489188487,FALSE
2854,Gaia DR2 3561769924206626048,170.120367197785,-13.5447840611343,3.07926098722348,-17.8316421889918,-14.7427486687026,1.60626318015959,1.1611335,-29.8735410646763,FALSE
2855,Gaia DR2 3561369671911127936,170.882310717603,-14.8576733755011,2.34552232646293,14.1541750139272,-20.0309487498189,1.62910695421544,3.8411605,2.29115650737626,FALSE
2856,Gaia DR2 3561509894002449408,169.453145600444,-14.887574187807,0.691542220096721,-9.32630166131126,2.0135848646348,1.45208682473173,140.65926,52.6518381352888,FALSE
2857,Gaia DR2 3561408734636852992,171.464299629249,-14.506989270571,3.86018455572397,-35.6616701850264,-21.0393781677365,1.53866441677303,1.0971537,31.295541782768,FALSE
2858,Gaia DR2 3561508072936313216,169.43241791883,-14.9371300120679,1.36715513046618,-27.5087684350107,6.74014044544534,1.63670940087381,4.02689,-8.99638646123412,FALSE
2859,Gaia DR2 3561703786006356992,170.400481627225,-13.773561437651,2.1271199973632,-22.3117019040343,-15.7982347872767,1.62313794282985,2.3551624,29.7529627881249,FALSE
2860,Gaia DR2 3561437528097964928,170.448583239307,-14.6525899298937,0.214385286844219,6.70066156920011,-8.39611697391582,1.4944952292454,387.6568,189.452215427146,FALSE
2861,Gaia DR2 3561710589234557568,170.467480414091,-13.6919401107622,2.1284932817057,-2.01710632658017,-28.3711062512233,1.62684019422223,2.499409,38.9210997538897,FALSE
2862,Gaia DR2 3561322599069379456,169.719112153107,-14.9976483891956,2.89082078985206,-0.695231110981794,-13.1364123633896,1.60738294051337,1.4887731,-1.22939383644415,FALSE
2863,Gaia DR2 3561435672672092416,170.641554843061,-14.6247117785811,2.85801044461892,-44.951458902562,-13.6419937928483,1.61910371451812,1.289642,-12.5211967709263,FALSE
2864,Gaia DR2 3561732132790407040,169.669937408917,-13.9706126860599,4.90258860282367,-6.81864413852733,-18.3318813551509,1.67677535516903,6.1016836,-0.492550287182194,FALSE
2865,Gaia DR2 3561544386884623744,169.691315613929,-14.6054796980753,3.55513610773311,2.52040683924274,-9.77021273570639,1.57869778984819,0.6465135,-5.13136787657473,FALSE
2866,Gaia DR2 3561349773325767680,169.908984015211,-14.7915458269498,0.484998093201218,-6.40638805669886,-3.00758096901183,1.49733241457208,38.509567,47.9126400245366,FALSE
2867,Gaia DR2 3561383965562291968,170.742474985024,-14.7374583192797,0.997218838950824,-4.48000993350735,1.92017880315114,1.52568533221023,40.426117,-12.3403678471117,FALSE
2868,Gaia DR2 3561324866812114688,169.799473801354,-14.9096761585935,1.35928372333022,-11.690169775455,5.8237739511507,1.61207989961426,4.3928313,13.245300297838,FALSE
2869,Gaia DR2 3561286276529267200,170.545760409438,-14.9691436530737,1.24774230678985,-10.3785733633806,-3.25679564197363,1.60860193720383,5.228998,-12.0992064168047,FALSE
2870,Gaia DR2 3561744841597621120,169.703075122929,-13.7677296641858,3.4661443586137,20.5149607139904,-7.48504618760077,1.61277635111877,0.9126282,5.70968399703355,FALSE
2871,Gaia DR2 3561298993929132288,169.83976468189,-15.197399672332,1.22808484679364,-18.4788464351371,6.24482037425848,1.68893374630741,42.381794,18.3078893919197,FALSE
2872,Gaia DR2 3561741474343261952,169.758009068009,-13.8091688266513,3.81233410238315,-9.5115222315423,12.7012723494785,1.60715107323466,0.85217875,1.24124979442509,FALSE
2873,Gaia DR2 3561502575379126528,170.884072599832,-13.8849847810286,2.72729362817744,-7.80123571979366,-14.6289282093794,1.63741069263747,4.274508,42.4932306169507,FALSE
2874,Gaia DR2 3561648290732820480,170.039486594936,-14.3698342096481,3.45641658452061,-41.0763235709426,9.71700918424725,1.64301016877962,0.77237356,-4.23025807767734,FALSE
2875,Gaia DR2 3561537033900358016,169.400253476699,-14.571684338512,0.254850105314879,-6.58328742114519,-7.09417095426911,1.47506221244172,296.1132,16.0018801435034,FALSE
2876,Gaia DR2 3561691072903181440,170.761907722539,-13.8548567248748,2.39261596765576,-28.8899345221139,-18.9891720248884,1.62378777376481,1.2261835,47.4394133086366,FALSE
2877,Gaia DR2 3561437120077475712,170.439275651772,-14.6686927497935,2.39985362727931,-50.9258426447025,21.1215418848662,1.6423470070394,0.99559855,-8.64051057692305,FALSE
2878,Gaia DR2 3561628400739320064,169.39689384721,-14.2064318527959,8.05292573797369,-73.2396401819653,1.88342684704435,1.58185549445327,0.90199566,46.778807266252,FALSE
2879,Gaia DR2 3561673957457374464,170.242052849824,-13.9852261226326,3.35580543315228,-40.4289292699168,27.6592471802897,1.59892511670871,3.2919765,-10.595310563387,FALSE
2880,Gaia DR2 3561656021673950720,170.366208160684,-14.1733736013214,1.15399491728524,0.998245024944906,1.53645297394132,1.62978981887154,8.586144,-3.19717442904184,FALSE
2881,Gaia DR2 3561633447325979648,169.294919213985,-14.1056927459951,2.03329821772331,-18.6658877272361,7.74026861402223,1.63999020629561,2.1791935,-12.3690858144366,FALSE
2882,Gaia DR2 3561350430457462144,169.834649594225,-14.7776481035986,20.05073307128,-122.061515807978,205.370501625547,1.99663687038354,126.87464,-8.1594149382482,FALSE
2883,Gaia DR2 3561403099640119936,171.059070841277,-14.6405995612449,2.65951435277776,-23.7962103322575,12.3027784094712,1.62776377715459,1.62876,-4.6202309511108,FALSE
2884,Gaia DR2 3561658392495897728,170.194980783657,-14.1535710358698,4.613589609004,-102.901374724659,-2.5258203954048,1.58041344345401,0.46105996,-0.450345701144567,FALSE
2885,Gaia DR2 3561340431773666688,170.224976132834,-14.8343493961475,1.84297652565166,-17.5967770180232,-43.4007134037562,1.52648065349375,57.966724,61.4156607536609,FALSE
2886,Gaia DR2 3561315417884055424,169.536912632965,-15.0907807544697,2.66565168888487,-11.5515226249124,-30.6666042551804,1.60110344918964,1.1632986,4.80251704452951,FALSE
2887,Gaia DR2 3561742062754802304,169.820871586944,-13.7618385312683,0.937178002180378,4.49926334528725,-6.85864885533885,1.53511198875351,43.433453,-26.0796578116163,FALSE
2888,Gaia DR2 3561447805956145920,170.600659334661,-14.4184466920459,3.37315684546467,-31.4068747859512,3.00175069945809,1.60732932812522,0.87150824,5.59043759449758,FALSE
2889,Gaia DR2 3561633898297382144,169.265269914019,-14.0966645150477,3.51555976362684,17.4645881481712,12.3673137774111,1.64865333574784,4.6251826,50.1251291334427,FALSE
2890,Gaia DR2 3561288544271998720,170.36601195571,-14.9552427402751,1.38099488470632,-8.40649514355036,-4.67660585987552,1.57190478500513,3.6942396,44.6877878127113,FALSE
2891,Gaia DR2 3561439039926451200,170.407981824215,-14.5759023111417,0.679637948259549,-10.2636870973961,-2.75559581602322,1.51733841536935,25.63715,15.858252034365,FALSE
2892,Gaia DR2 3561583385187415680,169.245577398483,-14.5458456853517,1.86219256778525,-6.99958247436438,-13.9130818854144,1.63149150616962,2.3796294,22.8490728729969,FALSE
2893,Gaia DR2 3561585038750231808,169.425999014351,-14.465951295972,1.31674724001973,-10.3281008055491,2.20777187670873,1.50904854866242,4.0779095,49.5900144911384,FALSE
2894,Gaia DR2 3561343867747509632,170.287196362092,-14.7073433789446,1.53918773834217,7.20177131113466,0.922084451609412,1.59947162471181,2.7398994,16.207506834477,FALSE
2895,Gaia DR2 3561343283631959296,170.361647255214,-14.6972707466735,4.80112017946523,-30.4540998564425,-20.555931566265,1.66600845158461,4.04137,13.8603645566167,FALSE
2896,Gaia DR2 3561582599208801408,169.32282717721,-14.5842453045947,1.75028674606809,1.68209658347071,-20.7825054035626,1.59420808360157,1.1044725,-47.6483411636915,FALSE
2897,Gaia DR2 3561665646696679552,169.894822048827,-14.2265681485114,0.669120924947014,-18.6238066315294,8.83782965786167,1.5064988067476,224.24327,-0.051841382315482,FALSE
2898,Gaia DR2 3561340088176290688,170.413074999129,-14.7283234483526,5.13106900607741,-25.0579992526496,7.27467872181238,1.49694935013315,0.25423405,18.6991048951075,FALSE
2899,Gaia DR2 3561761093753766528,170.438256930877,-13.5461555660981,2.34815504562686,-3.58002349183062,-17.6010950360998,1.5654645047076,6.9711676,-3.75583172063754,FALSE
2900,Gaia DR2 3561304697645751424,170.045696159142,-15.0668394786838,2.62278451024455,-28.8927923103868,-18.9536962936203,1.60138441555238,1.0722002,12.8784229334145,FALSE
2901,Gaia DR2 3561543287372607232,169.737910514346,-14.6389180306085,1.05807532549619,-5.42280855973872,0.42664815822318,1.52125123204956,10.6608515,4.977418456715,FALSE
2902,Gaia DR2 3561593349511541760,169.007055412523,-14.5165046472235,7.54319624070385,49.9027495085931,4.95127852467221,1.60333163376064,0.49772838,-21.9641143742499,FALSE
2903,Gaia DR2 3561551842947459840,169.948990154907,-14.4989931386039,3.29745153523429,28.4657958281393,-27.8871943670935,1.61533323525318,1.1791978,-5.97237535442254,FALSE
2904,Gaia DR2 3561552839379872128,169.833778877117,-14.463400058486,3.522725530542,-19.889991925378,-3.8543334963177,1.60430016436461,0.6887801,11.3249092022498,FALSE
2905,Gaia DR2 3561452788118178048,170.414186474034,-14.4981634702633,1.8161113373742,-30.9753810991766,7.49339217338924,1.54419908883638,13.691239,-0.224534674011537,FALSE
2906,Gaia DR2 3561669323188688000,169.941269322595,-14.0881198049868,2.50858087404435,-11.9199120470983,0.566973249671083,1.61540776135868,1.2525665,-16.6232869701261,FALSE
2907,Gaia DR2 3561733129222820608,169.597610744153,-13.9256471735602,4.19778276314677,-29.1317877990242,4.84219136584585,1.61268081687966,2.5497272,4.15251017759175,FALSE
2908,Gaia DR2 3561541431946850560,169.839062575966,-14.6517678667699,2.79688483414879,-15.3240653043458,-7.00437382360774,1.63036489752919,1.4097984,18.108422489809,FALSE
2909,Gaia DR2 3561544494259016448,169.697493705156,-14.5783010366859,3.82166025536967,-40.914624941277,-16.6105335525099,1.619742871617,1.4755127,-11.2292516027376,FALSE
2910,Gaia DR2 3561725467001188992,170.053319996793,-13.884547480399,2.32669428931878,-29.3519400230981,6.52781893196803,1.4664456823645,272.47147,18.2543124585053,FALSE
2911,Gaia DR2 3561538000268404992,169.438113946189,-14.4960462566532,1.31586781076582,5.06661222152582,-8.33888652149477,1.57432630876002,9.084905,-21.9704039674032,FALSE
2912,Gaia DR2 3561538000268405248,169.44053407205,-14.4966660756057,2.06848961920616,-10.6047307184355,3.07993624024874,1.6442750903788,2.1454406,-17.4067041360736,FALSE
2913,Gaia DR2 3561456808207568000,170.331784844226,-14.443123029663,4.58014790011077,-52.058800026305,-11.5354187135511,1.58856360842392,0.9812898,56.2340553644942,FALSE
2914,Gaia DR2 3561319128735821824,169.846538575659,-15.006440745502,2.57073735435368,-20.3804190478973,13.054529522533,1.64693727089326,3.163588,12.8806055223759,FALSE
2915,Gaia DR2 3561452685038962432,170.391849578039,-14.5025971965461,3.68544513790933,-19.3629353981414,-30.2182596924261,1.62724020131733,1.631413,23.3879212321393,FALSE
2916,Gaia DR2 3561723233618191744,169.988590924436,-13.9601339967984,6.25831142242871,-49.3666055146475,5.39226980644273,1.46785951449363,0.15169623,4.09700973423464,FALSE
2917,Gaia DR2 3561743093546974464,169.893298279348,-13.7252420393848,1.57884744295638,-9.54124615021185,-9.45569230156477,1.5392810680039,2.4109309,48.1517800035543,FALSE
2918,Gaia DR2 3561743299705405056,169.965570160888,-13.7031816195519,2.40585980281605,-7.65698593207741,-5.33228199549808,1.61589034111452,2.1116598,21.821192851106,FALSE
2919,Gaia DR2 3561617027666658944,169.426089807112,-14.2082365662728,0.471284650541806,-8.59442315181853,2.29300583922233,1.50676994726016,62.05553,47.8491581222182,FALSE
2920,Gaia DR2 3561431278922093440,171.258036535881,-14.2364661302786,2.63331178115271,-15.2213697317013,-7.02080023655046,1.6086219276167,1.1672249,12.5610073397556,FALSE
2921,Gaia DR2 3561432412793460352,171.22950705951,-14.1887534662238,3.60408981278114,-26.9501690951918,-0.118782890160334,1.34398123690781,2.1199725,8.58533413166174,FALSE
2922,Gaia DR2 3561592907129429888,168.929742264777,-14.5027696301573,3.1842961423626,-12.8885922346342,-4.56286176698848,1.66619163046978,5.260853,-11.4109554484538,FALSE
2923,Gaia DR2 3561638605582326528,169.481163451934,-13.9939355215789,2.0341693264533,-20.8485434672648,-14.0622146360894,1.6065554996453,1.7511859,28.7709810235299,FALSE
2924,Gaia DR2 3562151355958140800,170.57959201479,-13.2123846783879,4.09824328420972,-11.7077412286032,-21.2314657472525,1.67150127582247,2.8843272,15.1410981708566,FALSE
2925,Gaia DR2 3561805353393410432,171.428136395506,-14.1853951252172,2.40214768385883,-16.0707352131642,5.05571818578042,1.62054248929352,1.5912027,0.117125222762855,FALSE
2926,Gaia DR2 3562118886005460992,171.008928947329,-13.3742964585192,0.896268241950644,-41.9541744603884,11.8374158349966,1.43702932220827,581.60284,106.261467458236,FALSE
2927,Gaia DR2 3562094628030170368,170.954885911799,-13.4409394076754,5.34106814777005,34.9136770354844,-33.2783034155803,1.53059847169497,0.25739494,34.8358718334736,FALSE
2928,Gaia DR2 3562071125969114368,170.781848129558,-13.7062660228345,0.481827320438885,5.38121922111382,-13.5320426227255,1.56888953968195,58.232536,25.3100648332118,FALSE
2929,Gaia DR2 3562162900830230784,170.493660093565,-13.2108039055153,3.59596779789948,-27.8032452267381,-4.38601279705073,1.54552186389889,54.507484,34.4506041385476,FALSE
2930,Gaia DR2 3561961930721319680,172.616475086564,-13.4640381394388,2.00976156219869,-26.6808633766863,11.0014231870624,1.61459416951684,4.752706,-16.5821173976515,FALSE
2931,Gaia DR2 3562067689995277696,170.870775326362,-13.7395594846149,5.059477288569,-76.8210688257766,-41.0811975774189,1.54504521464855,0.3522228,38.2917942611568,FALSE
2932,Gaia DR2 3562095968059967872,170.910985670667,-13.3811551580902,3.43178099728229,7.52810976817289,-15.7729504791562,1.59204990385795,4.973928,29.5613488754542,FALSE
2933,Gaia DR2 3561776181975033984,170.193882833783,-13.4926289241321,1.68174596791618,-12.7475384191542,-41.9634764075048,1.5926410251063,4.0573854,-2.27991356648399,FALSE
2934,Gaia DR2 3561882937682622848,171.237306852325,-13.7474290651954,1.15828141897165,-26.1582121691551,5.06054187009647,1.53561691374741,12.729667,32.5452266242721,FALSE
2935,Gaia DR2 3561928739213997952,172.281643779215,-13.7078798611792,1.76095692601366,-12.310061603284,10.3454548427768,1.70170590711328,5.5585613,-0.340374546854738,FALSE
2936,Gaia DR2 3562051678357809920,172.159195722513,-12.946068524742,5.64715679198032,-4.48113700063798,-39.4067950093424,1.63566222933608,1.6231802,-8.80792307859672,FALSE
2937,Gaia DR2 3561782985203236096,170.175822181444,-13.3287115586759,3.89530755805274,-29.3929646466949,-36.0742152572163,1.62216328980614,2.3304935,33.5132533247238,FALSE
2938,Gaia DR2 3561969146266382976,172.778416276372,-13.3757486555327,5.52276262632537,-75.0443371371534,10.5828418702793,1.53046308678351,0.2658258,67.7680403686845,FALSE
2939,Gaia DR2 3562051540918855552,172.134454637919,-12.9637267933902,2.02273635342503,0.101269267850294,-13.9512202744892,1.57313487065221,4.5170794,12.9761149509251,FALSE
2940,Gaia DR2 3561967531358679296,172.664205654081,-13.3352426012465,0.902709002493592,-16.4124968113374,-0.121932400338137,1.52247326603968,6.3066964,17.9150556143176,FALSE
2941,Gaia DR2 3562061780120894208,172.152651879011,-12.8266656650659,1.90357343282357,-0.673259507201746,-3.97250357298021,1.59325042888281,1.7197261,32.9759488096957,FALSE
2942,Gaia DR2 3562038449858536448,172.223120515818,-13.0228550146261,4.20353892804137,-54.8870876780269,-12.7085179285236,1.60325680087537,2.1970284,18.6186056310728,FALSE
2943,Gaia DR2 3562079475385544960,170.951666543368,-13.5762630530572,1.22877900723535,2.22195791167225,-9.6928152705077,1.45620779661056,188.33005,-9.93537487333307,FALSE
2944,Gaia DR2 3562181489448779008,171.002952769909,-13.0207397180517,1.08198772816319,-12.9634690926614,9.35828425033899,1.55470173683389,6.9263306,-9.94336937591218,FALSE
2945,Gaia DR2 3562084217029435264,170.749180909545,-13.6293211031371,6.60066298397463,-9.67558214013695,5.07105264020962,1.63087485951829,1.169087,4.19552704569092,FALSE
2946,Gaia DR2 3562174273903718016,171.018357997805,-13.1088471353681,1.74926492451705,-1.27886071248279,-9.55229377906355,1.52994239551361,4.793644,19.5867604593999,FALSE
2947,Gaia DR2 3561878024240018048,170.916523867025,-13.8573332633276,3.97893851324339,-41.5057517877885,-5.97543506092675,1.6233271213351,2.0496793,8.97533964349322,FALSE
2948,Gaia DR2 3561877921160802816,170.900212305687,-13.8659964965717,1.71802281810851,12.0568719521569,-16.7015478603661,1.54948470970257,16.951292,15.0463545197785,FALSE
2949,Gaia DR2 3562144209132554752,170.45376347905,-13.3223514031664,1.76700026388069,3.64279672195829,-12.8866948844522,1.55422186260513,21.354029,19.1925565061101,FALSE
2950,Gaia DR2 3561815523874478336,171.452039720675,-14.0405796286193,2.84554346292757,10.7728956760422,-6.12888566888092,1.62395763294257,4.0056887,1.77381193816868,FALSE
2951,Gaia DR2 3561837853409396864,171.820672538134,-13.935082238555,1.63076492150791,0.0383694489832912,1.56672062192183,1.66077077856889,3.100612,-8.45539471884992,FALSE
2952,Gaia DR2 3561781125481331840,170.009698555022,-13.4166615674172,0.454321585668539,0.46976428583761,-4.39856689961751,1.52297054369625,54.938118,-27.6448593472564,FALSE
2953,Gaia DR2 3561821566893413120,171.891225680344,-14.0400874577341,3.28288534544402,10.785573361263,-35.5439698874809,1.60861769190637,0.85941625,-31.6197102221918,FALSE
2954,Gaia DR2 3561905439014755840,171.762418004293,-13.5272652794342,3.06966265259625,-39.8872060459792,-18.7684713901281,1.58660112323731,0.7924076,35.0836599927528,FALSE
2955,Gaia DR2 3562102045438459520,171.244252565062,-13.4507428072648,5.6986693371032,-55.723651507327,40.1806433348258,1.52877469334455,0.23733398,1.37230833634082,FALSE
2956,Gaia DR2 3561977113428886528,172.713709806583,-13.171902746767,3.5092153684697,-41.0800933896118,12.5252316017394,1.54695682039005,0.4440745,10.4481234747806,FALSE
2957,Gaia DR2 3561795350413043328,171.818782479421,-14.2339579097762,3.00995094902817,-15.2375216601658,-25.6914414117958,1.61223978451025,1.1704736,-38.9078988051618,FALSE
2958,Gaia DR2 3561993816558511232,172.661668604773,-13.0504826504899,16.1853592274637,29.7887849857732,-51.3393048540602,1.68661956544088,4.575851,-3.21732046423985,FALSE
2959,Gaia DR2 3561860706931889792,171.070068445053,-13.9895000650662,1.98161503603524,-10.0170494792228,8.93249712531541,1.61347435793162,4.1490197,22.8278868449271,FALSE
2960,Gaia DR2 3561773978655752320,170.016217829457,-13.5019245001744,3.90813241706661,-45.3859186975998,27.6331372914449,1.59540595622422,0.5017153,-3.33008515380256,FALSE
2961,Gaia DR2 3561994984789617920,172.600362640292,-12.9993637442161,3.19338214220384,-39.2094551855218,-22.8541363119238,1.59512021725687,3.0051634,9.72465189170046,FALSE
2962,Gaia DR2 3562062909695758592,172.109922515708,-12.7776838039025,6.18043673125808,-54.1252264870275,-44.7956246075008,1.61728270270838,1.1924667,50.978504342547,FALSE
2963,Gaia DR2 3561891317162293120,171.507996244243,-13.7824193999277,3.08712978360919,-7.3890753898687,-8.07760645886347,1.6140579471419,0.87586486,15.5971477565945,FALSE
2964,Gaia DR2 3561913307394843008,171.248299091155,-13.5554636878963,1.92364890404379,-10.1371773449877,-17.3612161380585,1.59574750370589,2.1620831,-30.1108944552375,FALSE
2965,Gaia DR2 3561875241101224192,171.194990864828,-13.8620928424073,4.67101414230493,-24.606515585992,-12.7324491440538,1.59061177308578,0.7254609,10.0984022179188,FALSE
2966,Gaia DR2 3561894409538745344,171.474887690678,-13.7513274795376,2.18875233840363,-24.5909836784324,-2.31783406905307,1.35220323071576,1802.0564,8.92476925491218,FALSE
2967,Gaia DR2 3561953581304800256,172.280850264369,-13.4202746528872,1.4917581209367,-8.10936677849504,5.94393969915663,1.61903256904325,4.1287203,3.68888828163972,FALSE
2968,Gaia DR2 3562144999406572032,170.678941808142,-13.3884309657797,2.53659569003734,-24.8621576831013,-12.6925736352799,1.61736034440125,4.0156527,21.5732576087777,FALSE
2969,Gaia DR2 3562003501708203392,171.837077697777,-13.333467800515,3.37363840188077,6.2870692948803,-8.73347165656472,1.59727816521418,1.0154669,33.0044637384616,FALSE
2970,Gaia DR2 3562172281038845184,170.865501104525,-13.1735425158128,5.18598252382662,-12.1338252664328,-12.6849813580685,1.52496383423984,0.19804746,10.9027681520355,FALSE
2971,Gaia DR2 3562062467315665152,172.202271831046,-12.7689504691742,1.27171441001568,-1.60949189255611,-2.51407203711307,1.53567129640297,55.481503,49.3267197368409,FALSE
2972,Gaia DR2 3562150222086807040,170.619483429708,-13.2633871853917,5.45815763630547,49.6260682124696,-46.2811598759378,1.55111529062271,4.8676705,52.6230531003715,FALSE
2973,Gaia DR2 3561813153054071936,171.669007752823,-14.0521573432186,3.13001324775231,-3.53584978840865,-4.74899349867202,1.62833958520487,1.4238726,2.19009717490448,FALSE
2974,Gaia DR2 3561805696990795136,171.438332482427,-14.1542387441063,0.380482311287997,-10.8105267521198,-2.13989190766155,1.53962115332141,63.592445,117.482962514084,FALSE
2975,Gaia DR2 3562060852407965184,172.317450208976,-12.7588357739777,7.3685078297904,-74.5048041584316,-63.6271430644859,1.44345301154576,0.11236788,17.5325397000498,FALSE
2976,Gaia DR2 3561884483870849920,171.243709649619,-13.7195050875772,0.556530578926989,-10.6601807177065,-4.30292638874915,1.51774233782568,27.137724,40.1167736386617,FALSE
2977,Gaia DR2 3561804769277903104,171.509259149102,-14.1914161597854,1.41257939791985,-10.3212144896824,-2.29658993330486,1.57848998852439,3.5037365,-21.326563238579,FALSE
2978,Gaia DR2 3561774945024426112,169.928716769402,-13.4524471768105,2.10191871795107,-23.5567104775828,7.58935950092965,1.49082760710744,38.024834,10.7742392080786,FALSE
2979,Gaia DR2 3562064631979187840,172.321230334612,-12.6888709183669,4.16397857421601,-31.188709123497,-14.383573767359,1.59458460486185,0.67542547,37.0161606238374,FALSE
2980,Gaia DR2 3562189667066462976,170.750176601455,-13.0219270342398,1.92279195862544,-32.0862316527435,-11.9630189750728,1.61217101576956,1.9862304,-6.53989396889718,FALSE
2981,Gaia DR2 3561831432434941568,172.187190838542,-13.8652386144581,3.4716773152222,-17.8144056333197,3.58299709389836,1.55320848707639,0.6007747,22.5400420627056,FALSE
2982,Gaia DR2 3561829061612993024,172.166524006494,-13.9434857846079,0.35310802472245,-10.0281015716409,-0.160609565468218,1.47079066126528,116.6484,20.825491821192,FALSE
2983,Gaia DR2 3562125208197324928,171.038291190376,-13.2449217870736,1.73690718786681,-11.0915867171796,4.47815348687858,1.61883057954147,4.4513073,0.441389628973486,FALSE
2984,Gaia DR2 3561773742433582720,169.948757113811,-13.5060255090068,2.01219432107605,-21.4684395655684,8.13481560364143,1.64645568182472,3.0084164,15.3027182358097,FALSE
2985,Gaia DR2 3561805628271317760,171.414067309221,-14.1611734465845,1.75639616543936,-22.2608852585699,-1.90151217315816,1.62466664835979,2.573903,-31.3239762794449,FALSE
2986,Gaia DR2 3562042469947982336,172.552690193131,-12.9574155138971,0.623107401137445,-10.7213492241078,3.59120044585532,1.5114269887885,40.226505,22.6411075011404,FALSE
2987,Gaia DR2 3561835967920399488,172.130920307302,-13.7638635223495,4.18851112656028,-6.82791142873744,-7.61529183452335,1.60203358886357,1.9303522,11.2144956601643,FALSE
2988,Gaia DR2 3562160839245913984,170.347812919809,-13.1896101987397,0.273186130752664,-11.2633075235722,9.06183707465684,1.44225381973681,381.4622,143.78774451553,FALSE
2989,Gaia DR2 3561943857498828544,172.038895290413,-13.6533217057307,3.37999975335739,-24.0152166167947,-13.0324876813448,1.60253079930436,0.9253127,-30.60700064562,FALSE
2990,Gaia DR2 3561869086411571840,171.250818322647,-13.8786277355927,0.568978425564706,1.54278497823831,-10.1727983328662,1.52218942798154,27.058172,250.684995427443,FALSE
2991,Gaia DR2 3561819853203086464,171.906410121885,-14.1350067070554,0.480817471205543,-18.1522267664521,-4.43609808595953,1.54625341216392,48.931698,49.784270603629,FALSE
2992,Gaia DR2 3561956673681253760,172.249719389337,-13.3899312002506,1.08512436395775,-3.22825925392221,0.788330278472044,1.57228234398738,29.166756,45.9465754935645,FALSE
2993,Gaia DR2 3561847955172471552,171.898734129533,-13.7384019366377,2.25605110096727,18.7649449566392,-28.4771249449362,1.62860549550076,2.9806104,-2.86211111722949,FALSE
2994,Gaia DR2 3561841186304015104,171.838426683849,-13.8166607672528,1.28492185904401,-9.00444522061128,-0.657266706098177,1.64023329334568,4.563013,1.93060141804823,FALSE
2995,Gaia DR2 3561944059360833408,172.028099269791,-13.6450092306718,4.18654898907992,-4.55090441266765,-17.1746978073039,1.57302557737352,0.5867027,12.6110922732368,FALSE
2996,Gaia DR2 3562037865743032960,172.299000948713,-13.0426006353928,1.00719983537209,4.18009242707998,-0.322189892951123,1.53184698505865,66.98069,11.2610607486304,FALSE
2997,Gaia DR2 3561814596163084928,171.651182945455,-14.0133370633889,3.10574709613566,-18.7559336224157,12.4217701052375,1.50715068398515,0.61708283,10.966562197243,FALSE
2998,Gaia DR2 3561943926218307456,172.072737093294,-13.6432294688984,2.5404316936297,6.11265288110508,-6.38958508732847,1.58851433768447,1.1337998,-19.3181574060112,FALSE
2999,Gaia DR2 3562191071519703808,170.687076211852,-12.9621203495257,2.98955654367636,-25.421711363277,-1.75455889281116,1.62709985697442,1.0494691,10.4233418287382,FALSE
3000,Gaia DR2 3561827412345535104,171.900766739702,-13.9355844114712,2.37322474604839,-18.8322585662654,-15.3468781716672,1.60870489922627,3.5188153,34.3268853588448,FALSE
3001,Gaia DR2 3561797278854977408,171.802770531603,-14.1335409133188,10.3560534142335,-44.533422758381,-12.5143339369956,1.58952424413533,0.53036845,22.1414526336096,FALSE
3002,Gaia DR2 3561800508670385024,171.799498257178,-14.0935606773747,3.6920617591967,-35.9161636152623,-28.1177457576496,1.63213477683249,2.235401,17.0861948976416,FALSE
3003,Gaia DR2 3561860500773458432,171.064218663251,-14.022058787806,2.50415120909444,-24.4950089678004,-25.2461344047123,1.59849758778679,1.3511934,30.4159448744383,FALSE
3004,Gaia DR2 3562177911739909888,170.757053606121,-13.0437248434125,4.31091892115656,-37.5269894090352,-11.5348243078669,1.5685787190396,0.4950064,20.3784717549699,FALSE
3005,Gaia DR2 3562018624289450624,171.59608412182,-13.2751136217838,0.298222542268465,-4.59541621811122,1.09612533472459,1.55249813733223,74.36981,122.796092962743,FALSE
3006,Gaia DR2 3561791506418891904,171.604782472384,-14.2718298637626,3.27228868391207,-7.95096720505493,15.1153155957949,1.58667294820173,0.746561,5.89968389890657,FALSE
3007,Gaia DR2 3562163961686135680,170.446167871432,-13.1777885356757,0.670590089622842,-6.61020550500213,0.92242972201422,1.50646174980027,113.44276,26.9694015081588,FALSE
3008,Gaia DR2 3561784943708858752,171.61022630437,-14.4219626163546,0.65975796633712,-6.16670855234393,-6.34649353036327,1.32056793782033,880.6527,44.768444534935,FALSE
3009,Gaia DR2 3562021132550353024,171.673509670206,-13.1698519165808,1.05505110508108,-6.75197547107795,1.79821113798525,1.62714698555329,8.978501,-15.2657037994931,FALSE
3010,Gaia DR2 3561849913678304128,172.024038725188,-13.6778227427565,0.46690496984014,-6.02098676765667,-9.87146682337614,1.51213114299437,43.3199,13.0539658848651,FALSE
3011,Gaia DR2 3561943681403710976,172.147094306459,-13.6100044635948,0.53565436465892,1.0659929905074,0.181696336108814,1.53298671565579,48.825874,29.6321638536911,FALSE
3012,Gaia DR2 3562069472405633792,170.868371149994,-13.7149707699689,0.781834166115438,-1.09225554293041,-1.34073239386044,1.52650016739771,15.433726,21.4318509475014,FALSE
3013,Gaia DR2 3561900632947932032,171.717167045953,-13.5970222702672,1.91754017709572,-40.1591152636047,-18.3001388766666,1.58870847616856,2.612302,18.7550612264664,FALSE
3014,Gaia DR2 3561894070237900160,171.640715256613,-13.6639047208121,9.30294626089589,-66.8942551075293,-29.6366522027882,1.61061243352728,1.0202315,17.1127825677284,FALSE
3015,Gaia DR2 3562103870799844480,171.347838222142,-13.4118504162696,1.98331607511307,-25.1891580057223,-19.5935226407739,1.60440001428949,2.2019513,17.0964775129544,FALSE
3016,Gaia DR2 3562092940106936320,170.935571737828,-13.4762924134614,1.46836988683354,35.9484270692352,-86.6764906547346,1.68814689740363,6.008598,208.942996548766,FALSE
3017,Gaia DR2 3562123588993555456,171.008166819357,-13.270900017621,2.72529555506162,-37.0844596124361,-3.27491881416733,1.60238656205021,1.9551619,32.4373934019913,FALSE
3018,Gaia DR2 3562041920192165888,172.508615240415,-12.9978610626948,1.98718460940947,2.71745281414662,-6.98563762277003,1.60324404891831,8.245286,10.5829293600608,FALSE
3019,Gaia DR2 3562138299256561664,170.516183625035,-13.426956624445,2.61679516643709,-1.20249898405559,-7.32672681728656,1.62489790560676,4.990874,25.7749234311394,FALSE
3020,Gaia DR2 3561892111732809856,171.658482116037,-13.7772122083351,1.21671866840128,0.721598152996362,-6.85326066898081,1.52924034744394,41.70265,-15.5128406453849,FALSE
3021,Gaia DR2 3562026939346149888,171.900932595586,-13.1059620448166,1.23173523519455,0.663620251815723,-35.1417011156709,1.4037776944646,883.87036,44.0713758222243,FALSE
3022,Gaia DR2 3562040958119489280,172.391507976013,-13.0058631597852,4.96267859491683,-24.276943849347,-0.657231295183876,1.54248787702611,0.31115916,16.6943843364894,FALSE
3023,Gaia DR2 3561968287272885376,172.562087200981,-13.3280655910491,0.884562573457011,-7.70118469220724,6.70899134594086,1.54336899569938,5.039399,-3.48935273923751,FALSE
3024,Gaia DR2 3561918156414503168,171.581329833446,-13.4419286850761,1.57156081921649,1.23745109367874,4.38689717705534,1.60213946081828,4.429411,12.5286673807681,FALSE
3025,Gaia DR2 3561814596163084800,171.651659614721,-14.013743485111,2.3888107316223,-21.8447508847533,12.4685782521103,1.61984270970489,2.7587993,6.46872767168705,FALSE
3026,Gaia DR2 3562043427724174464,172.543346424057,-12.9124214378805,3.10262165522485,2.69400452901996,-17.0206290298405,1.61028968156495,1.3433932,-31.1390102808771,FALSE
3027,Gaia DR2 3562013058011854848,171.733198816516,-13.3929324555101,2.80264029737175,-29.2091705516074,-11.1911926669686,1.62028860116553,5.965802,6.21426486082794,FALSE
3028,Gaia DR2 3562059924695078144,172.413846638537,-12.8027350057619,0.465913480053215,-19.6072189544518,-0.492742064885401,1.51272046884016,35.691086,52.3894961638123,FALSE
3029,Gaia DR2 3562112907411038464,171.488088699849,-13.2503422487696,2.01741677038306,3.64010614211167,-13.3208262537599,1.61179136716501,1.9152157,33.8792804599904,FALSE
3030,Gaia DR2 3561907298737180288,171.705820392216,-13.4446820684264,2.19794254850444,16.2051611038462,-11.5012796287622,1.63666661146068,5.2120647,-1.89281678157687,FALSE
3031,Gaia DR2 3561977113430702848,172.714568289404,-13.1719118056474,3.63743025584412,-40.8584724831279,12.6548172230873,1.57373007531272,0.6739091,11.4286313625168,FALSE
3032,Gaia DR2 3562043535099874944,172.548958470328,-12.8982234921798,0.335720801229262,-12.2958927633416,1.16800420422395,1.52659044724991,54.04747,104.163970602755,FALSE
3033,Gaia DR2 3562016665784370176,171.777963343377,-13.2506526883927,2.42883406752349,-25.7538751064705,0.716605103287871,1.61519105203067,1.2931187,1.6880475384665,FALSE
3034,Gaia DR2 3561968562150796032,172.63588494422,-13.3026960982511,2.03840893752638,-0.023961648398135,-1.99524273775804,1.63066752503093,32.701904,-3.5673801875046,FALSE
3035,Gaia DR2 3562106310341249664,171.130979543085,-13.3982296106988,2.09094604074633,-55.847003043366,11.6503685754321,1.61765143947669,1.5418469,39.4106823193877,FALSE
3036,Gaia DR2 3562021510507484160,171.74653165128,-13.14008384086,3.66900165277728,-19.3840754242471,-6.32772587311014,1.56202452235946,0.5559998,15.4898428440657,FALSE
3037,Gaia DR2 3561815558235754496,171.472832470334,-14.0494356695334,1.73753650431344,-21.5132763716824,12.4763215811876,1.60076520549086,2.8610394,-12.4635314715132,FALSE
3038,Gaia DR2 3562102736928458880,171.200273553514,-13.4549783115359,2.32468585957189,1.66305389711671,-7.41639285019621,1.66412833330891,3.3888419,3.68103923717507,FALSE
3039,Gaia DR2 3562183551033085184,171.066710496028,-12.9582674873454,0.740328222922874,-0.671986482709051,1.44835579008854,1.50793521302,40.31126,-1.38533538782568,FALSE
3040,Gaia DR2 3562101568697353472,171.259435259593,-13.5110146667477,0.616059376213265,-5.65420894452352,-0.309588035475606,1.49077200080024,42.341694,-0.146369419414796,FALSE
3041,Gaia DR2 3562010618470446336,171.992616324632,-13.2081359732796,3.54641524138079,-44.7003839773506,-30.0808664524724,1.57188676505452,1.4093331,21.1952308081172,FALSE
3042,Gaia DR2 3562175820091896832,170.784196484819,-13.1555647903935,0.805571878408493,-16.1120022069904,-2.3391053877787,1.51037798672266,45.333515,33.751438423152,FALSE
3043,Gaia DR2 3561838854138376832,171.727363767675,-13.9139503932384,1.12553836926176,-24.9449349848749,-9.34846747862906,1.52035380641759,42.39125,4.25925396525015,FALSE
3044,Gaia DR2 3561959594259016704,172.218966499855,-13.3196251110753,1.83340838099581,2.8465845400547,-2.45717278234462,1.5728378716804,5.4882493,-13.2537216181232,FALSE
3045,Gaia DR2 3561942173871715328,172.446435026487,-13.4611181851404,2.13609523991417,-32.9694139961566,-7.27324593364972,1.53109453304503,1.4214365,37.3761484399109,FALSE
3046,Gaia DR2 3561816314149955584,171.423570760641,-14.0331407273199,4.29314758201994,-43.7845603828012,-26.7691781762456,1.60987013588807,5.273255,50.7298954819201,FALSE
3047,Gaia DR2 3562007972770594560,172.136278093976,-13.2357490004341,2.1181248025731,-30.7450326875415,7.01528391697229,1.63663640618663,3.6325386,15.3867375015508,FALSE
3048,Gaia DR2 3561808510192834816,171.298569723129,-14.0928587778913,2.77963462090954,-0.574832441816173,1.77911857147793,1.60890059149067,1.9746559,2.04209603526591,FALSE
3049,Gaia DR2 3561953959261974016,172.337018568678,-13.452036827273,5.05476389860725,-60.0886159856895,-15.510934176735,1.60874169392052,0.6513201,14.7418965154868,FALSE
3050,Gaia DR2 3562007727956019072,172.167687894445,-13.2531029662343,2.7227143975643,-22.7845572998671,-19.3393296566202,1.56816437102035,3.7676706,22.9460284182438,FALSE
3051,Gaia DR2 3562165134213228800,170.571735879069,-13.1317174422018,0.379973810352231,-15.1976247430988,3.33484901811968,1.54489890097455,47.45054,41.2585265396419,FALSE
3052,Gaia DR2 3562009823900059648,171.952047257418,-13.2640301589283,0.361959570490576,-34.9589708694041,-0.670106731452118,1.56727689834066,95.95062,157.728169047232,FALSE
3053,Gaia DR2 3562089164831717504,170.580830645525,-13.5427075703821,0.492460008756541,0.318989206161825,-7.3256911209071,1.5372506046568,58.017014,43.0484432009612,FALSE
3054,Gaia DR2 3562085557059189248,170.679264500651,-13.5735223209332,3.06349990598145,-56.4206250170307,2.67931110836702,1.58074658362119,1.6795346,36.3874400185252,FALSE
3055,Gaia DR2 3561884312072160256,171.349273690491,-13.6854846352788,3.41973047250311,23.2433238469854,9.39388409897793,1.60342779849621,0.654274,41.6434097516781,FALSE
3056,Gaia DR2 3562015252738724480,171.830249339799,-13.3192284051331,1.76014793953833,24.3063466845076,-5.25830541679408,1.58819283002912,2.8312445,22.5958483983276,FALSE
3057,Gaia DR2 3562004364998057856,172.084542024874,-13.3699551022423,0.716807276664456,-2.16086062339453,-6.1331744497446,1.47527474867432,72.36966,78.1927162027832,FALSE
3058,Gaia DR2 356358113771367808,31.0863816140828,46.9096044363928,0.976164332814188,-1.43864453608486,-9.3029800450109,1.53261994450593,16.113218,-4.04999101756056,FALSE
3059,Gaia DR2 356235037188555264,29.2956735952863,47.1256126520925,1.12911218699061,0.754091098479117,4.05215626655993,1.51274567907035,15.504757,-59.0633724890585,FALSE
3060,Gaia DR2 356343751400313600,28.9218210568357,47.9396982060706,1.10705683799571,3.57175596222019,-6.56860461796947,1.59508229653497,4.552819,27.0275278095235,FALSE
3061,Gaia DR2 356223732834636544,29.4968588523617,47.0954961662563,2.65324175753691,7.13982359922641,-5.93032354513298,1.52277848487552,437.12335,-4.31442494930052,FALSE
3062,Gaia DR2 356235002828817920,29.2561834875331,47.1250607580176,1.23345546792027,-4.88939578100571,-7.02103833891774,1.46992513817711,44.32494,-26.6966986593226,FALSE
3063,Gaia DR2 356275233786115584,29.5037745850073,47.6165910760414,4.17968477500917,-5.16163349312284,-1.04486076573435,1.64253770589208,1.7273316,3.07288157673162,FALSE
3064,Gaia DR2 356237785967627008,29.1995050336274,47.124478554692,3.95353375934876,-32.2790935203893,-0.925025494697079,1.46515324402517,0.3377039,-15.3025144427744,FALSE
3065,Gaia DR2 356281903871481984,28.8544721582732,47.1185715423529,7.81115731353996,74.8971831594081,-23.4465748069605,1.45981815846427,0.13439186,-25.2673507503136,FALSE
3066,Gaia DR2 356254038123986176,29.8847443562487,47.3665583513676,0.33460263047938,-1.46605349869688,-2.08317264956014,1.50692797382206,40.673477,-112.592743009205,FALSE
3067,Gaia DR2 356238473162395520,29.1426718391267,47.1246663079709,4.20556859358032,-34.5161566201713,5.48588377259418,1.54015770653304,0.324125,-27.3403606847779,FALSE
3068,Gaia DR2 356318668791379072,29.0019288954259,47.6278862235832,1.56474271180514,7.17418732665372,-3.07219349347109,1.64092592605632,14.883495,30.0991242007119,FALSE
3069,Gaia DR2 356367597059314176,30.8110366807788,46.9312389774028,0.921016069927503,-0.499877461239843,-2.72173212593727,1.55075421286511,17.56831,6.97969867707731,FALSE
3070,Gaia DR2 356222766464143616,29.5787647255315,47.0840475560037,0.458240643475334,0.213278376784459,6.28525304076404,1.53505145355416,61.873238,-42.0027933605017,FALSE
3071,Gaia DR2 356316813365549440,29.0411231258406,47.4981845130547,1.47806325829462,-7.75189469566967,0.845871139010399,1.62456178820173,15.63077,-17.4478390652201,FALSE
3072,Gaia DR2 356291696396848640,28.8702294058852,47.3766336508954,0.687832228216165,-1.59393696278917,1.32797736610084,1.40788141053377,126.32514,-9.16912981703751,FALSE
3073,Gaia DR2 356283209541522304,28.7797621211639,47.2137688713815,0.654378928082359,0.316235131865753,-5.41201364471477,1.50142125389763,58.48669,-22.7561770990769,FALSE
3074,Gaia DR2 356284102894924928,28.915098469286,47.2206594859177,0.319778470080153,1.07519602584858,-0.48667240621574,1.52073341101606,129.06027,-28.9887814378967,FALSE
3075,Gaia DR2 356260772632553728,29.3894824322422,47.2584134893102,3.24259332168186,-2.40117542611589,-13.6501936729811,1.60074660004617,0.8211978,-26.2445878499516,FALSE
3076,Gaia DR2 356329148511756160,29.164368167143,47.887345710272,0.554727055576293,-3.08606507264514,-4.76586849221391,1.51756996894444,68.3828,-64.3482523866784,FALSE
3077,Gaia DR2 356251151905977472,29.9088146950192,47.2247589928654,1.32045716350189,8.97600607499086,-2.6096471601384,1.62168695997659,6.473605,-0.163390397173696,FALSE
3078,Gaia DR2 356340177987536896,29.0308077858946,47.8641974032601,3.04300475598264,10.6493216024729,-11.2594909564045,1.55555119856006,0.7243391,1.13196477332662,FALSE
3079,Gaia DR2 356238748040297344,29.1122095553433,47.1437410767556,0.787126077964469,-12.5834852958512,-8.65498895104517,1.51780946707843,61.98963,-4.3508839330409,FALSE
3080,Gaia DR2 356240088070061184,29.2592897616155,47.2485258352828,0.809071834553589,1.9872885858127,-3.55570185384308,1.51035552404949,72.19624,-27.173651226697,FALSE
3081,Gaia DR2 356207098423415040,29.4478425774426,46.6582426894886,1.08903747754847,9.13392477529112,0.288574187396059,1.49625566370782,32.003998,-9.24628239347771,FALSE
3082,Gaia DR2 356216379850675840,29.6233526226467,46.8935962715523,1.66180802361084,-2.39290681047891,-4.76017446937717,1.66059825405459,4.457252,-11.890183073751,FALSE
3083,Gaia DR2 356339937469371776,28.9722157152222,47.8537104744053,0.742340331801217,-2.39773501340132,-2.74471932677779,1.50492529968845,18.065327,13.2172927962246,FALSE
3084,Gaia DR2 356305612088536064,28.8568018854109,47.4859181819324,0.691912151808449,0.190837904501558,-4.81916836193329,1.40297125632127,144.75153,0.545986105912194,FALSE
3085,Gaia DR2 356339937469373056,28.9846221073939,47.8478018831959,1.71617191549737,10.6607564031706,5.70026851052632,1.54108722942084,6.3943467,16.979064923699,FALSE
3086,Gaia DR2 356292452311086208,29.0030592988466,47.3894761168194,0.641728904247707,0.835056622242344,2.94555275984822,1.50599703401195,26.827421,-33.5247757148291,FALSE
3087,Gaia DR2 356226683474326784,29.2574135744158,46.9206317211729,0.606316528636354,1.89733115213565,-0.725610908442437,1.51189685493981,68.57448,-28.8916907945686,FALSE
3088,Gaia DR2 356334951009885312,28.809350879077,47.7340755378495,1.94673435454174,-8.97777119814079,-7.18696251203809,1.62215709384122,1.796621,-79.7989858013378,FALSE
3089,Gaia DR2 356250529134234880,29.6022275590147,47.3482911805316,0.81826909577933,3.96998527549305,-3.92007646993568,1.53118152054131,11.3784485,32.2035532209605,FALSE
3090,Gaia DR2 356328804914374656,29.2132120059136,47.8499792475099,3.63048539669546,16.0448167311493,-27.7500025642029,1.52288264571207,0.40798268,-2.98231027794058,FALSE
3091,Gaia DR2 356229367831765888,29.1121903135705,46.9786367000682,0.368635635395312,-0.259259201202922,-2.14404418109188,1.50896196036341,73.78807,1.39966437383063,FALSE
3092,Gaia DR2 356351959080376064,30.913180883781,46.738060725184,1.48500633002679,8.3401085127071,-1.26169402761957,1.62693922477131,3.875286,1.68236513890121,FALSE
3093,Gaia DR2 356273520095398528,29.4787367776155,47.5646382964188,1.30767326087376,-0.279725611054436,-9.38613294490257,1.41189321939441,320.35794,47.70061645821,FALSE
3094,Gaia DR2 356216757807809920,29.5128312272376,46.8532216511098,4.39395596519441,4.96130912975772,-11.8235604697596,1.59738530609351,1.7044679,-17.0096486080048,FALSE
3095,Gaia DR2 356236926974143360,29.3749203412725,47.1996131553265,0.586858648541063,-0.76542648876376,1.0416210967913,1.43527684584977,178.75227,-42.7498864881029,FALSE
3096,Gaia DR2 356332893723025152,29.0127157701476,47.7661328275121,0.306988064314183,-2.07690080783817,-0.31699653143978,1.51449069399935,52.32858,-71.2106378142649,FALSE
3097,Gaia DR2 356303859744206080,28.7807034404068,47.45153825699,6.64227721054552,27.7429196799038,-34.1942187344536,1.62252514976285,1.1140295,5.67911011277605,FALSE
3098,Gaia DR2 356331652475002496,28.86044408284,47.6923344420905,4.36546055507311,5.09067636984749,-6.04300022850035,1.58217110680528,0.49172506,-18.3092495895492,FALSE
3099,Gaia DR2 356323616593900288,29.3616538642892,47.7216969573637,1.18685168238307,8.86932140924451,-1.76023869580764,1.56490626541976,2.8414862,-20.0821553044735,FALSE
3100,Gaia DR2 356302068740275584,28.5981890408189,47.4727631038778,0.879720280584189,-1.1512850593655,-0.660476317265185,1.52837530209503,20.79148,2.50982389850472,FALSE
3101,Gaia DR2 356236201121840512,29.4028426453155,47.1955476602362,0.403087059704602,0.131352679000932,-1.29917666036949,1.52099560204019,45.98549,-42.8988070546972,FALSE
3102,Gaia DR2 356305058037513216,28.7495835120488,47.4786658087844,1.18518127296398,-1.17124514593121,-1.42801023551662,1.60862907979717,9.294768,-59.2689616917721,FALSE
3103,Gaia DR2 356268125616487808,29.3478418691804,47.5356217671793,0.358581207306872,-0.805172580090039,-1.83691795623529,1.50614058401645,281.85352,-16.6481751775993,FALSE
3104,Gaia DR2 356301828222108928,28.6704814814914,47.4442363216731,0.493389581029032,-3.08208039836078,-0.710352723233183,1.47572534766871,34.732918,-116.86536342517,FALSE
3105,Gaia DR2 356288015607294464,29.1319837633095,47.2821296143933,2.02194343342322,37.7011960941675,-18.3646660788279,1.48610730925182,267.49036,11.304712267137,FALSE
3106,Gaia DR2 356271080553969024,29.7207538021815,47.5632426340001,0.699006004040211,-0.866797666195131,4.58667941181004,1.51370986512189,18.163593,-24.2328510919611,FALSE
3107,Gaia DR2 356312788978648448,29.2242443653634,47.4402111817003,0.76613954420972,-1.59370578328865,1.62291768870842,1.59494700360108,12.950411,-16.4055178625268,FALSE
3108,Gaia DR2 356212806437988480,29.3349926014414,46.8154105833913,0.953879894422652,-5.67555259952187,-2.40781881296888,1.47143007780191,285.24234,-32.0370986118399,FALSE
3109,Gaia DR2 356214039090561280,29.4121935647636,46.8691900821857,2.19384641224248,-0.51004736197663,0.943006610596924,1.60565894803788,3.386184,-28.4914836949388,FALSE
3110,Gaia DR2 356289046399443072,29.0780191709629,47.3125933149974,0.6572173717862,-0.735853555452643,0.490285271096691,1.48328059611471,41.059204,-40.6936716293812,FALSE
3111,Gaia DR2 356212119243156096,29.2864504964144,46.7383205420005,0.418019933142465,-1.81619167088909,-0.0112003266123712,1.49029491822546,144.43187,-51.7830418584869,FALSE
3112,Gaia DR2 356263727570001152,29.4829021171104,47.4347421829872,7.60519482431968,62.4636224014232,-40.1210590577763,1.66417068669832,3.287505,7.81311647156675,FALSE
3113,Gaia DR2 356316328031693568,29.1897570333945,47.5938868130382,0.561168952705595,3.41836840274142,-2.64026701707876,1.45121458066987,182.56024,2.27738722824714,FALSE
3114,Gaia DR2 356320657358725248,29.0727057703718,47.6798684152913,1.51490874240082,5.31050355425127,-1.0976327660617,1.60800107432214,1.550897,-20.7055569587932,FALSE
3115,Gaia DR2 356312170503360768,29.2078816336222,47.383288314011,3.81983833130778,17.7247370846623,-16.5670364624482,1.55262886578573,0.44752222,-31.5810041490283,FALSE
3116,Gaia DR2 356286847376193280,29.0209408300952,47.2211348937364,0.477187619382831,-4.6887494405441,1.53449823039352,1.48553122600878,65.77558,-86.0322035445868,FALSE
3117,Gaia DR2 356353951945203072,30.9812725081797,46.7904130289886,3.98820423035014,3.65685440676821,-26.1877109715778,1.59178259762487,0.59796154,5.34255829599297,FALSE
3118,Gaia DR2 356272283144804992,29.5995758804531,47.5990770176637,0.782812116984439,1.36778715822349,1.39129477110475,1.50578211976593,90.0404,-7.89863100541496,FALSE
3119,Gaia DR2 356296296304239360,28.6341829511378,47.2975190448205,1.32124002939249,2.33674519374719,6.92306253707657,1.61271548528449,4.4484396,0.0589814583557935,FALSE
3120,Gaia DR2 356286057102211456,29.0593108301543,47.2039347171186,1.4647224003448,12.0774084499718,-3.77895888935847,1.60736185657419,4.1093397,-21.8052644798851,FALSE
3121,Gaia DR2 356370414557712256,30.5841422043185,46.9190093717849,0.872294041533476,3.15355587595101,-2.39489348464863,1.46886709722182,529.14246,-35.4947640877041,FALSE
3122,Gaia DR2 356355055754671872,30.9148270127892,46.8415325702825,0.693212150506015,2.31856690790526,2.26007750696985,1.51381960982134,53.1231,-24.3300219252235,FALSE
3123,Gaia DR2 356288084326769920,29.1675272902651,47.2950836718141,0.831349373985129,10.853683157273,-4.29567987191043,1.59521213321823,8.255308,38.6162413463383,FALSE
3124,Gaia DR2 356369864801895168,30.6849786414991,46.9234144630099,0.487554865756824,0.913784652359344,-3.49530139057189,1.5085405939879,47.96743,-55.1822574800163,FALSE
3125,Gaia DR2 356228440118943616,29.2255157529066,47.0324579860525,0.561958555327455,2.04262374888609,-5.26230730491888,1.43074125299859,208.26105,-83.9796101505342,FALSE
3126,Gaia DR2 356312342302051328,29.2099308908612,47.4111632608428,1.31964799616765,5.02328221114461,-3.81028559364375,1.56880587770125,4.638591,-28.3941047027158,FALSE
3127,Gaia DR2 356243111727211008,29.666880084498,47.077063571347,2.60321879941681,23.4461071992863,-4.10799205145736,1.61461143447787,4.0637794,-23.7521545625784,FALSE
3128,Gaia DR2 356322929399140608,29.2578542080017,47.6965204763019,0.515000277909532,-3.56427242360886,-2.54976786067738,1.49259134000591,38.232983,-53.3819728034179,FALSE
3129,Gaia DR2 356331240158142976,28.851496495478,47.6727250303474,4.30123278449302,-12.8081259335809,-2.89513156152657,1.52059320987784,0.23284821,-8.30781855374644,FALSE
3130,Gaia DR2 356265101959557760,29.2796731262268,47.3641091458908,0.635823080973942,9.99623391527842,-1.32186936941913,1.48062576299032,79.918335,-0.883050339534851,FALSE
3131,Gaia DR2 356313411751683584,29.1662915220932,47.4528619953541,1.12837952602293,-7.98389525691851,-3.27499920280254,1.52637153428919,12.146723,-55.2225623759364,FALSE
3132,Gaia DR2 356212565919745920,29.2491695217353,46.7881277628398,0.422154058959178,0.0870834549293626,-1.05304516502103,1.55156287246929,49.599506,-6.24908858457338,FALSE
3133,Gaia DR2 356275547319934848,29.5749101340806,47.6542162784135,2.40410219878469,-6.2695920138372,-5.54007152998899,1.64217642015648,2.4089725,-6.69596634676118,FALSE
3134,Gaia DR2 356243833281714816,29.6857331068535,47.1199834431927,0.8079691559571,5.40002737309885,-19.403072568293,1.49006431395591,179.55797,-76.9901646810221,FALSE
3135,Gaia DR2 356290596885235840,28.9424380531329,47.329967717232,4.45834350781219,5.25569420865318,-20.1478798154755,1.56436849796252,0.41568726,-4.61655041675701,FALSE
3136,Gaia DR2 356369589923993088,30.6152574719116,46.9120250376173,12.9099414142181,56.7977453132344,-65.1638837219841,1.59080014804471,0.5341686,2.90544212808561,FALSE
3137,Gaia DR2 356289596155253376,29.1086842744263,47.3724179944992,0.434167571361807,1.87050583438206,-1.05228334898279,1.530194655633,71.67959,-29.7782820058919,FALSE
3138,Gaia DR2 356217788600040832,29.6748847531939,46.9140165590423,1.67115797975961,4.89732277670285,-5.2207566600496,1.64821834306284,4.4616823,11.3489919991937,FALSE
3139,Gaia DR2 356348286886230272,31.0427614411173,46.6878511858937,3.4304647653713,-9.82484077337405,3.47654236343003,1.64075255734625,2.1856778,-23.9460964192077,FALSE
3140,Gaia DR2 356305405932412032,28.7470809304874,47.5159597893088,0.557210478360724,-1.15337997123153,-12.1919195749142,1.53235145776549,49.22009,-24.8719071027264,FALSE
3141,Gaia DR2 356301072307865088,28.4883985634579,47.4332034874686,0.739739021248042,6.02392239621454,-1.54775411163598,1.539609604771,12.206529,-2.27089199143776,FALSE
3142,Gaia DR2 356207751258444288,29.3909143538994,46.6451495192976,1.2259241191764,-7.44601496894911,-9.99092245674286,1.52057812330351,6.0514174,-83.1293346378625,FALSE
3143,Gaia DR2 356348389965443840,31.0493619376158,46.7096344977154,1.56397289889018,10.8443850861501,2.80157237672503,1.64884352478779,2.6590195,2.26107775784313,FALSE
3144,Gaia DR2 356273382656455552,29.4707233132098,47.5363296509327,1.76092799733265,-3.49726254602162,-11.7441707187323,1.59610103516037,1.426162,-31.5211512903152,FALSE
3145,Gaia DR2 356314064586698240,29.1347874461035,47.4997751948866,1.2840258194348,-1.92517440582783,0.887603901911327,1.64099820487747,7.3690953,-25.3467776290688,FALSE
3146,Gaia DR2 356256993061281280,29.6665690881928,47.4201625659819,1.83271252295054,3.48676787164059,-9.43756598616402,1.50930993194497,12.025629,-23.4141181929817,FALSE
3147,Gaia DR2 356367734498108544,30.8607359618595,46.9406707231876,2.47714885903943,29.9346537859728,-12.9463218852196,1.55854215162695,0.4317998,-13.6404321372577,FALSE
3148,Gaia DR2 356228165240914688,29.2543876392219,47.0044643825686,1.30202168117055,11.7782791031167,-5.65521883348978,1.5846617190107,2.1575236,13.5680844142652,FALSE
3149,Gaia DR2 356293032129086464,29.0499732801913,47.4480855354481,2.25216933157851,-19.2414204026181,-2.55900919559074,1.61381761256579,1.8000268,-23.5432813617085,FALSE
3150,Gaia DR2 356359488161033216,31.1583351830034,46.9378346530462,0.350881438161301,-0.301020661156978,-0.227837425196441,1.49262945341044,57.829777,-21.8890906181759,FALSE
3151,Gaia DR2 356289767953943808,29.1394921158288,47.4086129489994,0.524046144393693,6.50900763887267,-4.078148906725,1.49889257544506,50.620937,-55.6724176224407,FALSE
3152,Gaia DR2 356230055026297728,28.9810751032494,46.9747083018389,0.450937792016542,1.05436274625297,-2.69660241478544,1.49882407224792,66.81759,-107.630340438545,FALSE
3153,Gaia DR2 356267404062006912,29.2878056057914,47.4473189958984,2.26994875294973,-7.42764037354594,-3.19505688653341,1.61889686185406,1.7539423,-32.2609402265008,FALSE
3154,Gaia DR2 356299594839119744,28.5846741935393,47.3455537923818,2.34838125856035,-14.5773546146309,-14.7768316579622,1.62909093493296,2.043466,18.8982067151388,FALSE
3155,Gaia DR2 356302554074598016,28.5098580168878,47.4546217143406,1.97666234558872,4.54863977222775,-9.2051720528428,1.64750627931584,1.4742824,0.893868427698908,FALSE
3156,Gaia DR2 356224694907375104,29.1866976022466,46.863564751284,0.688184986834757,-0.857009123259207,-1.23687796670614,1.52861779984423,59.285187,27.063143553705,FALSE
3157,Gaia DR2 356227065729298560,29.3260255619796,46.9536733854359,0.34267254236434,-1.3707640599269,0.510569869131043,1.50615283387462,59.48955,-34.2300065908734,FALSE
3158,Gaia DR2 356263791991744256,29.3509749534415,47.2868336080053,0.472717469535109,-2.23572870172734,-1.81920265797966,1.52761920743391,50.70515,-66.1208400098807,FALSE
3159,Gaia DR2 356318943669517184,29.1320166139618,47.6004051305516,0.604175719846141,1.04255076602535,-3.2163306227907,1.50032879152315,53.523594,-37.5683560841681,FALSE
3160,Gaia DR2 356360759471216000,31.0471110320744,46.9349204977254,2.00124362640433,0.606746189762836,-17.4434515837252,1.61571136839228,4.8641677,-38.4965648262132,FALSE
3161,Gaia DR2 356318943669517568,29.1453623507784,47.5985433764992,4.12082793747534,29.1872683592139,-14.2066244228075,1.56974595145775,0.6053838,-37.4804473694209,FALSE
3162,Gaia DR2 356210813573075840,29.4640923318894,46.8380516609258,1.54248684180875,0.313483034612819,-3.92650573665551,1.5519741215334,6.6752343,5.50445629587374,FALSE
3163,Gaia DR2 356275272442030976,29.5070464281033,47.6425795754931,0.570100908979304,-2.41927655064365,-1.03986869508327,1.49630446053466,66.715996,-8.0522614667323,FALSE
3164,Gaia DR2 356270389063008512,29.6804116803732,47.4816894194753,0.537520323363325,1.30403534167296,-0.924250566370871,1.49267428306897,45.284855,5.14882050750435,FALSE
3165,Gaia DR2 356315507695703296,29.1800168171302,47.5260853934183,1.75016894142548,-6.16763025734764,-4.58764514054999,1.53653770037196,75.20329,-23.4084772952607,FALSE
3166,Gaia DR2 356244791057931008,29.8033868731081,47.1473406470997,2.65243094207021,-16.9268672996262,0.791383888333993,1.61780212440861,1.9952338,-28.2575035690149,FALSE
3167,Gaia DR2 356276543752339200,29.5094277181222,47.6951754022845,0.387423302227378,-0.188334378925952,-2.0191334619581,1.4948932404154,56.262154,-48.9377874499333,FALSE
3168,Gaia DR2 356354231120954752,30.9522731528789,46.8129528500443,2.98241681743269,47.1636198652922,-17.6891080643438,1.60144120128994,0.6836526,-2.62487383902851,FALSE
3169,Gaia DR2 356266510708814080,29.4371127647109,47.4214913398794,0.320823830758489,-1.40794303373294,-0.647397570634404,1.50912867419402,73.12094,-37.0028675826217,FALSE
3170,Gaia DR2 356329625251945856,29.2268380894478,47.9123917478776,2.16535720551643,22.3800170657942,-9.31404319337083,1.61099830818952,8.990833,-12.4747490138863,FALSE
3171,Gaia DR2 356370174039530880,30.6628316158519,46.9621693648724,2.7306404552665,4.45482219600825,3.99126179624954,1.53128562580173,28.458336,-0.5755278971032,FALSE
3172,Gaia DR2 356328560100056960,29.2584210653507,47.8773650511458,0.255077195899535,-3.67595008657939,-1.68283449207802,1.48710348081767,67.8007,-54.5979689985337,FALSE
3173,Gaia DR2 356248811147319040,29.6660982615164,47.23379618127,0.573219770558495,2.43614794759967,-2.20851007914735,1.52791397692594,31.597021,29.0883135776787,FALSE
3174,Gaia DR2 356285305485542400,28.8352992181157,47.2905912618408,5.19657514683145,28.8755102269441,-20.4684674799919,1.59249551895264,0.7838284,17.8342944496012,FALSE
3175,Gaia DR2 356343712744675968,28.9639279375935,47.9548619843747,0.284664326689463,-0.639873116166589,-1.32418602823604,1.52115303985975,63.67517,-71.3077136743582,FALSE
3176,Gaia DR2 356342544513571072,29.1116680800955,47.9980667778003,3.05032143927059,-5.74377776644729,-10.4414242946646,1.60177539811102,1.765441,-88.778750251113,FALSE
3177,Gaia DR2 356302244836518528,28.5452972677161,47.4232725568939,2.05917791297189,19.173872592072,-1.06353420167833,1.66267781489241,5.9127626,-0.272309168426753,FALSE
3178,Gaia DR2 356342858047095808,29.0679664736244,48.019783690513,0.895033917371905,2.21422261644453,0.167432094716464,1.49078611022457,23.832354,-41.855418728562,FALSE
3179,Gaia DR2 356278738477944448,28.9392211558233,47.0971402720578,2.10864890038753,16.041206290264,2.89724703360333,1.62729744252111,3.1119108,11.2489420276056,FALSE
3180,Gaia DR2 356342166556449536,29.0029142192857,47.9481869369872,1.45343039747843,-11.4407531744808,-6.03665294499805,1.5918327523428,2.037067,17.7741541589337,FALSE
3181,Gaia DR2 356281555976490496,28.8249810591232,47.1053226091405,0.835467433360626,2.49443376343554,-0.246602247409719,1.52822797404971,17.946959,-27.9966562960352,FALSE
3182,Gaia DR2 356229196033083136,29.0992965864186,46.9468373687381,1.18111178810697,4.73611760105661,-12.3764450470269,1.49415747555004,14.885261,-72.4595023336852,FALSE
3183,Gaia DR2 356279837989569664,29.0723753040179,47.1508767359488,2.75205841564659,18.7274638446287,14.2950029654771,1.62293719859995,1.349306,11.1188888364715,FALSE
3184,Gaia DR2 356230467343381248,29.0514133105079,47.0363594158549,0.599645787153688,1.40347515652092,-0.931818239171403,1.482370854388,68.05306,-12.437737362126,FALSE
3185,Gaia DR2 356242939928396928,29.6489312567732,47.039472358732,3.05534795800791,9.75813373174309,-13.6770599154632,1.5497453831764,62.61596,-27.8677992687066,FALSE
3186,Gaia DR2 356332717628401408,29.0444393356231,47.763286365892,0.434727792485909,1.281424769511,2.06193780374422,1.49679774081272,47.141556,-32.1227487984307,FALSE
3187,Gaia DR2 356282002653086720,28.8404618715403,47.1506677551169,1.85146756053455,10.0116597206458,2.32999248273783,1.57639185108309,3.145264,-61.3599028513249,FALSE
3188,Gaia DR2 356217921741043200,29.632874461604,46.9154982588233,1.44402430247826,0.852105161775759,5.64243723794789,1.61428145318064,4.0183964,39.7958448670337,FALSE
3189,Gaia DR2 356245860506271104,29.7744520154973,47.2168455251342,0.32074516680647,-1.33409958228471,-0.146849351391615,1.43546964089996,287.5147,-30.0399402116893,FALSE
3190,Gaia DR2 356328147783197952,29.2729604429605,47.8217717217145,1.92533696212606,-0.204329125950761,-5.61115732778509,1.62391390226114,1.8032438,-10.7570720338453,FALSE
3191,Gaia DR2 356245791786794752,29.7862974104417,47.2133923840493,5.30427206994274,2.83109020838199,7.01857950832812,1.62881345480264,1.2286975,1.45954745316554,FALSE
3192,Gaia DR2 356318359553739392,29.0580883011492,47.6063535699584,1.56356512374136,-6.73593044241205,-16.7186547999611,1.4913834385376,188.09918,-18.1765094103562,FALSE
3193,Gaia DR2 356251804741005440,29.8165190767216,47.2528733491974,0.462476047636903,-1.99535162860063,-1.001314191353,1.51432365852644,69.273605,-35.3863559489884,FALSE
3194,Gaia DR2 356216409912556288,29.6120986215365,46.8836830902391,13.9665313079089,123.176331482653,-41.9783301129792,1.47093495850986,0.17460662,-19.3237047155975,FALSE
3195,Gaia DR2 356326017479420288,29.2514299939298,47.7285990790695,0.799717351520094,2.23288113877153,3.065102821548,1.52780409063749,11.523091,-12.9527707509435,FALSE
3196,Gaia DR2 356327155647298688,29.1915771638687,47.8048641405676,5.57454527041942,47.906993982122,-41.6362995820534,1.63799779491834,2.2922993,-20.4892798864472,FALSE
3197,Gaia DR2 356217681222875136,29.6557004232148,46.9033984601509,2.77201205865378,13.4736574211397,-5.49563266315423,1.59098504487704,0.84436077,-36.5495515062944,FALSE
3198,Gaia DR2 356219747104997632,29.6114890388338,47.046143777008,1.89552026968775,0.415952688131227,-0.580134235367818,1.57633487965319,6.5892587,14.5972391658385,FALSE
3199,Gaia DR2 356252320137077248,29.832622622124,47.2935423501453,2.09273187614096,11.2182207574741,12.4202063474538,1.62597196749317,2.2972908,19.416216320531,FALSE
3200,Gaia DR2 356226133718513280,29.1610096508744,46.9139601201291,0.453472774369599,3.40826718348099,0.402050876216452,1.51915443132142,40.565792,4.22518878841974,FALSE
3201,Gaia DR2 356220773599324416,29.4957532363114,46.9888225815107,2.91939810754762,11.172929121073,-1.79802142838751,1.62673578779807,1.2586956,6.79944887905548,FALSE
3202,Gaia DR2 356343923198996224,28.9558607523655,47.9752350311972,1.0201756555248,7.22332395028503,7.98181869924083,1.48796950484271,45.432858,-33.8759830764815,FALSE
3203,Gaia DR2 356259982358575360,29.4778020592608,47.2367677985094,5.4478005631741,-26.0433974029482,-5.85997520332837,1.58407708002674,0.58844256,-30.4680651691415,FALSE
3204,Gaia DR2 356288878898512768,29.1386543037661,47.3623587729216,0.580833369529444,2.96751202184104,-0.759532785296474,1.51566819018475,23.10401,-32.452337864235,FALSE
3205,Gaia DR2 356288638380346496,29.1962234750451,47.3463881499776,0.352762368647302,1.01806895034938,-0.984416821993607,1.49164126121475,191.40417,-61.4954311864705,FALSE
3206,Gaia DR2 356235651366029056,29.3825307650882,47.1324198183304,0.578620517768831,-1.80840558841537,-6.46478433482443,1.50985975574026,77.47333,-74.2636304048699,FALSE
3207,Gaia DR2 356350344176165632,31.1019313501794,46.7493443973312,0.362163133734158,-2.53690964216427,-2.94879130938244,1.52777718657007,57.81141,-97.3612539347003,FALSE
3208,Gaia DR2 356258023853627264,29.7960424651871,47.4567739523394,0.572526938658198,-1.26888546271564,-0.358289299646398,1.51366458651021,50.166203,-17.4846908439908,FALSE
3209,Gaia DR2 356277505824979840,28.9781313824068,47.0344165731114,1.96825676944758,1.90234331912226,-7.79992937822013,1.6595597705747,9.136975,-12.4171710737981,FALSE
3210,Gaia DR2 356362026483745280,30.956295609462,46.9752415531271,1.73204893204632,25.1832831459279,2.89341282128484,1.53725792441924,10.285633,37.439391398275,FALSE
3211,Gaia DR2 356359724381275136,31.1547343287237,46.9622676166757,0.616374943903625,3.6728512829298,-5.37390819941623,1.52116044089526,25.87048,32.6631983036112,FALSE
3212,Gaia DR2 356241702977742976,29.2082708108289,47.3234921551855,2.17759702792986,6.77193145533753,3.1101014622247,1.61725004821717,7.2871366,-37.512110483045,FALSE
3213,Gaia DR2 356362713678513024,31.1099804720052,46.9667574227219,1.25771214311493,14.0432397936881,-13.1633066347824,1.56601971414064,10.880957,130.26938975904,FALSE
3214,Gaia DR2 356361098770810240,31.0792625672887,46.9385479973843,2.28717448385952,-3.78958179664336,1.37865015457061,1.61910025699273,1.9925103,-12.972410831488,FALSE
3215,Gaia DR2 356264964520841216,29.2693681987633,47.3368532248108,9.56490864599876,-17.6901316780372,-4.05620462622427,1.60316068740693,0.87205184,-12.6963958278607,FALSE
3216,Gaia DR2 3562388506872586496,166.166536148187,-16.462482139335,1.05641171661197,-7.60945109654689,-3.26904517554261,1.6431363138998,6.728089,22.6853363423288,FALSE
3217,Gaia DR2 3562424511582652032,165.607504157588,-16.4481186916145,1.95076077508554,-40.1665041049373,-1.56614966386739,1.5974075452615,1.296819,2.31301146024611,FALSE
3218,Gaia DR2 3562241618990962944,171.563245286295,-12.6682803103812,5.04632736079596,8.84744627021159,-28.367649027513,1.59002228762799,0.6726123,22.6114706123125,FALSE
3219,Gaia DR2 3562376034287553280,166.048663694431,-16.5440531797626,5.0269078207801,-20.0044188685777,-7.79750497318903,1.59355442948571,0.9013323,-21.0710396180515,FALSE
3220,Gaia DR2 3562553635479047936,167.118608615008,-15.519139272636,3.40983786327434,-12.4167925069245,-6.54175772217449,1.6055575832131,1.3185016,30.6490693849472,FALSE
3221,Gaia DR2 3562322982851435008,171.741295693809,-12.3605056881568,1.63927828100975,-28.1282986548672,-9.74410160428307,1.58237783131041,2.4232697,58.7611682098865,FALSE
3222,Gaia DR2 3562290066222064768,171.46322605338,-12.5774009906344,4.21887064950783,-5.42362154544633,-6.83446505074004,1.55463653530368,0.5049037,-3.95877951504638,FALSE
3223,Gaia DR2 3562352394787546880,165.913618598471,-16.8057352958881,1.99907330480273,-11.3774982381627,-10.4797961038601,1.63921941247342,4.269775,14.4755364740304,FALSE
3224,Gaia DR2 3562490074258943104,166.620629966239,-16.206593288006,1.33669474552753,-6.27995647953222,-8.23343226818794,1.64315913417525,6.544765,0.686878004559617,FALSE
3225,Gaia DR2 3562274226382739072,171.84259087191,-12.4661224432738,2.68042737864092,9.92401310731524,-13.980588842062,1.52398597071678,43.56283,91.3933934268233,FALSE
3226,Gaia DR2 3562489318344698624,166.632327017359,-16.2516442226532,2.34964282740088,-22.1506328757963,-7.24228908675299,1.63248104637388,1.577038,-50.4210302443823,FALSE
3227,Gaia DR2 3562458119702444544,165.877870064238,-16.1770083964026,5.56759654759793,-35.1030801169363,-0.785906317638644,1.61749889108073,2.42799,19.0681483745493,FALSE
3228,Gaia DR2 3562497667761166080,166.83747484479,-16.1119162345332,1.97070846513291,-1.406416898071,-4.87938821862006,1.65316372155019,8.666127,-4.25136021644836,FALSE
3229,Gaia DR2 3562275841290443520,171.875548880127,-12.4361507248132,28.95151933653,-100.269661526386,-44.6820169582743,1.62362924481624,1.1473242,22.8327434791786,FALSE
3230,Gaia DR2 3562533500672373760,167.09875573365,-15.7772423168942,1.20843188959809,-9.14054296472693,-4.8752054213191,1.60885355909331,5.3181386,2.47248437704348,FALSE
3231,Gaia DR2 3562300064905840896,170.916417285153,-12.6600967386048,1.63103689205352,1.71304413263374,-14.5750507223531,1.61846293024432,2.9677548,-64.319877542483,FALSE
3232,Gaia DR2 3562285290218372992,171.205782916855,-12.6851714122293,0.383323694553703,-16.8939033864535,-6.061617011054,1.51566784435305,55.192776,91.7641118872129,FALSE
3233,Gaia DR2 3562539380483580672,167.229689147426,-15.6357514932521,9.20477409061967,34.0954808274971,-67.9230268467924,1.62894746687516,1.0979503,-9.88179171755948,FALSE
3234,Gaia DR2 3562500107302593792,166.954737922975,-15.9972606543929,3.40321592140123,-8.95426299881256,-22.6663412007424,1.58701562578768,0.61894244,8.77241113953441,FALSE
3235,Gaia DR2 3562276769003383424,171.888539079673,-12.3579315704844,3.71135502877609,-1.45730307629346,-37.8885541254447,1.59143580846539,3.2686563,18.5819986234609,FALSE
3236,Gaia DR2 3562280033178398720,171.301562194328,-12.786232896505,0.590339726906068,-15.0284641025928,-12.0266518484646,1.56151331270073,58.746605,129.369773783537,FALSE
3237,Gaia DR2 3562429120083296768,165.862392813498,-16.3592936259878,3.6212057255264,-8.74005583030505,-16.1106792713384,1.57089087038986,0.49696127,-8.10963140557801,FALSE
3238,Gaia DR2 3562313843161019264,171.552470220393,-12.539643829125,3.70253130050913,-62.0874885820466,32.2893508788501,1.57455841018334,2.603408,92.6422672011454,FALSE
3239,Gaia DR2 3562284740462556032,171.168733060632,-12.7234541958728,5.35152497418859,-52.0397730661311,30.7303334754631,1.46029547529785,0.17648461,1.03606153441593,FALSE
3240,Gaia DR2 3562421629660284160,165.680136531695,-16.4621707529401,3.42010565616455,21.4105837200318,-40.8623503742861,1.62000231127909,1.8948019,10.9672223583867,FALSE
3241,Gaia DR2 3562457226349290752,166.019993265418,-16.1090786100429,3.41945804585801,-33.1622729343831,-9.50285721008658,1.55117422937125,0.41688484,15.7960530699557,FALSE
3242,Gaia DR2 3562324219802017152,171.789208193303,-12.3566459398031,14.2973161351392,-100.108306510021,23.7575590392069,1.64175432351471,17.040976,8.68578451004001,FALSE
3243,Gaia DR2 3562421148623945984,165.66597302044,-16.4914456416295,3.71468805228562,24.4133758955918,-14.2961001052771,1.60528107445855,0.89123046,-2.14406309914121,FALSE
3244,Gaia DR2 3562535218659289216,167.311409422074,-15.698839150519,6.9911737704531,17.571180403083,-51.4499613957844,1.50466636041825,0.17940877,0.971919807813197,FALSE
3245,Gaia DR2 3562511892692774400,166.385879821953,-15.9906493965811,0.363901049728543,-9.08179977389623,-0.46833838380307,1.3733201714219,1087.4408,83.8607625887014,FALSE
3246,Gaia DR2 3562322261296927616,171.71121346632,-12.4004327527928,0.275521812132643,-7.57886415412887,-2.24449272337655,1.51621242810067,203.76831,-4.50287234699464,FALSE
3247,Gaia DR2 3562429875997498112,165.801424809209,-16.3407374149645,14.1226841093076,-303.465613511115,22.0964172589745,1.44201883030617,0.16123913,68.5287443057818,FALSE
3248,Gaia DR2 3562231134975607168,171.356989369389,-12.8923075552346,3.16116328108887,-11.4920078801346,-3.63088944763478,1.61375176466978,1.3034767,16.3487437986216,FALSE
3249,Gaia DR2 3562227870800462848,171.425104433984,-12.9334480828939,2.56306071366099,16.7176707578984,-48.0345020198856,1.63454357683758,1.4935946,9.78972175161544,FALSE
3250,Gaia DR2 3562484198743875712,165.886812274927,-15.8951556405085,2.29535289360754,-13.7714463759203,5.0766644004572,1.53705696716425,75.69593,14.9900237938587,FALSE
3251,Gaia DR2 3562509040834526464,166.513461772972,-16.0390384567539,1.63549214751249,-30.1404794820667,2.91095837832627,1.47988711463248,130.25491,-5.24124065995627,FALSE
3252,Gaia DR2 3562213370990873344,171.56940772047,-13.0550085236609,0.263181753165901,-5.77180973574155,-1.10185700364955,1.48565665334328,139.4924,50.6826974548728,FALSE
3253,Gaia DR2 3562273161230848896,171.855781888233,-12.4965232955357,3.5556661744654,-6.87525743535849,-21.3384304867848,1.56453096270989,1.0054168,-29.4625458878725,FALSE
3254,Gaia DR2 3562528969482825856,166.882607741482,-15.8527625880859,0.324567253205049,-4.00787890647068,-0.717929518726877,1.5412424022108,77.34495,32.312788998583,FALSE
3255,Gaia DR2 3562252785906050432,172.188209376242,-12.6866082276667,2.56216509354553,-5.57991702849644,-8.14330211312516,1.63303098558562,5.816905,1.99622213195634,FALSE
3256,Gaia DR2 3562350333203246080,166.04724033077,-16.8019909890364,1.96777932553102,-20.0661175013118,3.74979688422903,1.65092408720496,3.1109343,18.0399436903131,FALSE
3257,Gaia DR2 3562214917179099008,171.561614721789,-12.9816853758239,2.55761111760022,-15.3799756393669,-10.2604024891476,1.5898114554916,1.0368161,51.4026752017117,FALSE
3258,Gaia DR2 3562399158391509248,166.458842738768,-16.2594421859819,1.1695672062945,13.2416750324065,-20.2689632675801,1.51886228611325,38.76082,53.0205529109054,FALSE
3259,Gaia DR2 3562241618990962816,171.565243292266,-12.6694828664586,5.11207178084996,16.7130106760238,-30.795613170457,1.63734113359396,2.1353598,19.7436146239352,FALSE
3260,Gaia DR2 3562488218833110400,166.673221291626,-16.3045322461246,0.944282638862336,-27.894610212222,-0.559677532017128,1.52534530254802,27.716831,48.6394084678392,FALSE
3261,Gaia DR2 3562545870178184064,166.769986255995,-15.716974179031,0.454348785021434,-4.89208633956322,-14.6126573505124,1.54222200739487,50.748497,109.305960966322,FALSE
3262,Gaia DR2 3562304291153700480,171.258451266108,-12.5472049769316,4.69112096108591,-77.4521330331955,1.88253753586893,1.55354793731999,20.483213,18.2051651980802,FALSE
3263,Gaia DR2 3562378679987367552,165.904952799487,-16.5157870406655,2.34292278301814,-40.6619599986592,-39.3794985412176,1.61891589413756,1.2368463,27.3998395664022,FALSE
3264,Gaia DR2 3562421011185021568,165.637633943024,-16.5160310528361,0.225731450268756,5.81668966835431,-11.8136801958224,1.53652302794018,129.34904,67.3020629629403,FALSE
3265,Gaia DR2 3562548348375239680,166.841719907262,-15.6218909639778,0.935766300652878,-34.4481052038251,-18.5191137461344,1.54037273324322,15.098133,92.9648129423341,FALSE
3266,Gaia DR2 3562549379167390976,166.802854854066,-15.604031881698,3.48039250330151,-21.2129487696625,-7.62704612056149,1.56354182486599,0.6964569,14.0919151187075,FALSE
3267,Gaia DR2 3562438191054158976,165.576218040961,-16.3267524006934,0.298784259484911,-7.16928368130372,-2.00826036215548,1.49234875211146,72.542076,77.1007777039803,FALSE
3268,Gaia DR2 3562293364756904064,171.420521921735,-12.5449639720363,5.09131723493933,-83.1418241287397,-58.0031911415829,1.47755217479947,0.118824475,37.0921358401843,FALSE
3269,Gaia DR2 3562247730728398464,171.773112351208,-12.7756502155935,2.35560432942842,-43.028621174665,-5.61143665240519,1.59472957105998,1.4005921,-7.33867573119891,FALSE
3270,Gaia DR2 3562443619892821760,165.413563352613,-16.2279090775886,0.327265328293996,-7.75354504338823,1.10706865696761,1.50765030843465,95.08833,-26.0905128849826,FALSE
3271,Gaia DR2 3562459352357205248,165.85526055421,-16.123637833625,1.29615207645156,-4.37565700395168,3.05626917857307,1.67467977672735,6.2548633,6.74025842975745,FALSE
3272,Gaia DR2 3562304119355009408,171.281712237751,-12.5450388933186,1.37458649699884,-15.3731111414865,-4.0810520467768,1.57634652212204,3.1394439,-5.12792543529496,FALSE
3273,Gaia DR2 3562381428766439808,165.896391352903,-16.4339616094494,5.98709258416833,-36.2723661719685,21.1061651715807,1.55768974791994,0.39170423,21.9875453658477,FALSE
3274,Gaia DR2 3562330503338114816,171.457082969179,-12.3970944488903,2.11263972091088,-11.957568639667,8.10884718373394,1.63916255215173,2.5990639,-19.984153981874,FALSE
3275,Gaia DR2 3562397955800664704,166.447334479872,-16.3164051807592,1.04740973903478,0.434046262676661,6.84273242285322,1.52729938567063,6.1897187,0.0615717807386673,FALSE
3276,Gaia DR2 3562396336596714880,166.41547426475,-16.3404263091474,1.82980765307913,-26.3667488995381,8.05006381875323,1.64476071246523,3.3636177,-12.684238328055,FALSE
3277,Gaia DR2 3562292608842654336,171.372180494667,-12.6080239592623,4.52153827397307,-26.4059494650961,2.0866541683833,1.58722039666709,0.5509604,26.4513391000608,FALSE
3278,Gaia DR2 3562398402477264768,166.463471498056,-16.2742869173015,10.2240281163719,127.306284223178,-2.20256666689978,1.62548902592088,1.8137016,37.0156265223891,FALSE
3279,Gaia DR2 3562509796748802176,166.544853174184,-15.9857102417718,5.29183018918687,-49.3614890871224,-13.6788168925094,1.66348183227501,8.7779255,19.0247797362691,FALSE
3280,Gaia DR2 3562482652555650432,165.974860843733,-15.8794662592482,1.61984790320405,-6.34189849120557,-3.14095860036552,1.66668380730456,17.264734,-35.4010345284285,FALSE
3281,Gaia DR2 3562353906616035968,165.93688713752,-16.7891547222476,3.63070683577572,-28.733370397552,28.8609887214691,1.59642734923137,0.74762565,30.6827217056669,FALSE
3282,Gaia DR2 3562230142838279808,171.246568527764,-12.925006356667,0.496653212876171,-4.14147065957216,-6.83923262553447,1.50677289521124,126.817635,108.278067109469,FALSE
3283,Gaia DR2 3562256909074642304,171.995959628595,-12.593208765315,2.31402454018164,-14.4002390937164,-2.26973385637434,1.51373852936292,23.574223,-4.97066773218806,FALSE
3284,Gaia DR2 3562412038997323392,166.415262378836,-16.1694591892063,3.08989011821919,1.02846599522066,-36.4376615734608,1.55749035805241,0.60525227,32.782503904479,FALSE
3285,Gaia DR2 3562480930272654848,165.946218521931,-15.928276128021,0.712413697665182,-21.0257823686346,3.6885280837072,1.57404570409704,15.447744,37.8045295096175,FALSE
3286,Gaia DR2 3562203685839690240,170.732719647621,-12.7816749530792,0.562279284902618,-2.12057254795548,0.00530095724381541,1.43417307695176,538.3822,45.909816028936,FALSE
3287,Gaia DR2 3562480105638934144,165.975699983155,-15.9465503158307,1.44147637426522,-9.86961070884943,11.1351614838939,1.56096874884221,8.804694,21.0359542241313,FALSE
3288,Gaia DR2 3562487252464513664,165.889739156433,-15.7928188676004,0.819063014872067,-3.98961143071359,0.740996633221581,1.66041025026153,12.762682,37.2476092013015,FALSE
3289,Gaia DR2 3562353253780963968,165.8239482634,-16.7839561718687,1.31137349754073,-4.44870922338044,-2.44987171880666,1.52422786722165,58.687553,-18.5280942222769,FALSE
3290,Gaia DR2 3562285358937852160,171.240845144997,-12.670245296823,1.55941633121751,-3.8460479315083,-5.47379637282824,1.55925167847147,6.2451653,58.3400926769049,FALSE
3291,Gaia DR2 3562266839038982912,171.748840785395,-12.5564602339042,2.12733461850261,-21.8975981319437,-6.31039322157338,1.60076241257409,1.2003878,76.9553641829462,FALSE
3292,Gaia DR2 3562286286650831488,171.425020338008,-12.7445783123754,0.540517420334197,-10.5296206681464,-9.58717394524866,1.48651521060378,146.90318,20.8033038508484,FALSE
3293,Gaia DR2 3562303844477099392,171.214752982987,-12.5673061171256,2.47093577702158,-43.9697809440568,-20.5051525828232,1.53049845569803,7.3147182,63.5504541147397,FALSE
3294,Gaia DR2 3562274123303522304,171.764330654884,-12.4661085898377,2.55382552663413,-0.136301312977254,-5.35653780039189,1.54907610074427,0.32775554,1.22555088644618,FALSE
3295,Gaia DR2 3562290169301224576,171.309911714222,-12.6858905498501,2.33658133836767,8.94088932182123,-13.1486110839501,1.63894122746183,5.1188283,-3.80700509505466,FALSE
3296,Gaia DR2 3562502851785756160,166.685725018849,-15.9901805046287,0.749289176869433,-24.2968343744895,14.0378789449497,1.53545527686035,14.578926,54.9318411654679,FALSE
3297,Gaia DR2 3562525842746658176,167.077619820178,-15.8955289971381,0.732303006620627,-9.34874757347208,5.09230645833748,1.47709374344349,82.0476,58.8342167241242,FALSE
3298,Gaia DR2 3562404582934396928,166.03438256998,-16.3843538666428,1.40172808791797,-7.99478228704177,-5.88365712546131,1.65923885086983,4.2788424,-17.9928633973579,FALSE
3299,Gaia DR2 3562416029023031936,166.338861964791,-16.1325640561209,5.59797216256606,-41.7769982224738,8.38430551438251,1.58679061646361,0.62748635,16.0531543678473,FALSE
3300,Gaia DR2 3562412730488148224,166.374194973581,-16.1722826464823,4.8564411327987,-36.488536317114,-30.8837672297141,1.60162531627433,0.6698148,26.1675428899766,FALSE
3301,Gaia DR2 3562333668730019968,171.47187882577,-12.3011735679337,0.389308458147324,-4.40490114000976,-0.963773740553893,1.47994993126374,146.23738,72.7997089686792,FALSE
3302,Gaia DR2 3562359163656039424,166.227609415757,-16.6462196262714,3.2165347407455,4.25627684702019,-4.85880505975521,1.63052065315413,1.1770982,6.66550954373706,FALSE
3303,Gaia DR2 3562317794530888320,171.468393529642,-12.483709621347,6.10775730581411,21.9897344059434,7.40189324850435,1.50692679359999,0.18282059,-44.3848548856662,FALSE
3304,Gaia DR2 3562524532780664960,166.9641670416,-15.9474822458677,1.48108270029467,5.9423793206536,-22.9667690992417,1.60023351366182,2.8299835,-0.818375467305298,FALSE
3305,Gaia DR2 3562233922409608192,171.598750960138,-12.8531886142505,4.7802143045692,-6.03841413212057,-21.098947805391,1.61510902732943,0.72297394,22.4476474261937,FALSE
3306,Gaia DR2 3562209733153789952,171.693943336665,-13.0769100574784,3.81364816145605,14.2174558470855,11.7032314428925,1.6213352359908,3.1145425,18.5191285885588,FALSE
3307,Gaia DR2 3562345140586655872,171.568177733253,-12.1627650616707,0.327650687191913,-6.28119340867124,-6.24871984545041,1.52793420466771,54.393875,28.5223206688533,FALSE
3308,Gaia DR2 3562210867025157376,171.66570517694,-13.0373621222532,7.21931911941414,-53.8388770862751,-101.931479053526,1.61711107532637,1.4056016,36.4036865185014,FALSE
3309,Gaia DR2 3562352562290515328,165.885136495038,-16.7983393815385,3.79575113110667,-79.1925121830201,8.6653512585731,1.5634914032815,0.41760266,33.4183657420567,FALSE
3310,Gaia DR2 3562382768796298752,166.263987300201,-16.6194233401378,1.12247408835493,-19.5634184005709,4.88548871306314,1.64305170200514,5.1536818,-6.08964498731959,FALSE
3311,Gaia DR2 3562525464789544704,167.08468204967,-15.9271901456434,0.477705832980223,-1.84256032115619,-2.04893549780515,1.49633422509486,21.536783,-22.02384492549,FALSE
3312,Gaia DR2 3562492307641979264,166.736338987561,-16.132553995585,1.84413804631354,-51.6446708782539,2.44931242036311,1.62465931457881,2.1255708,-23.3352184775075,FALSE
3313,Gaia DR2 3562209149038235264,171.628688986127,-13.1318194117592,2.40711919060097,-9.79828040823716,-10.5508742946542,1.63663985759466,7.2334366,-6.39369026277672,FALSE
3314,Gaia DR2 3562423107129031296,165.529704245848,-16.4715841123996,7.47104801902372,-45.4427585570088,-8.20172357912317,1.63627097803392,3.221309,-3.86547138161705,FALSE
3315,Gaia DR2 3562499798064948096,166.964291643742,-16.029025898516,0.921573481538211,-8.28250337781724,4.568198868647,1.4454697563739,522.73737,-5.86513704607783,FALSE
3316,Gaia DR2 3562419464996763392,165.607101409426,-16.5389936322148,3.76808600035905,-27.5212536022303,-11.7637713977334,1.64953867757074,3.7889335,12.3771767597696,FALSE
3317,Gaia DR2 3562521169822179328,166.658215292915,-15.8346636433398,2.59404609852408,-86.0437524028903,-0.44970248489402,1.53453722290958,40.037968,93.3001245249492,FALSE
3318,Gaia DR2 3562422660452431744,165.552142775644,-16.5125139672122,3.86690600316496,3.66570614423605,-55.6315694765752,1.55058503083935,5.3615313,-1.38857608826489,FALSE
3319,Gaia DR2 3562418159326704256,165.570185747549,-16.5862981631155,1.03297958586907,2.61786947676243,-1.30533951464608,1.46179488005677,195.50842,12.5743071059274,FALSE
3320,Gaia DR2 3562266804679244928,171.768057286222,-12.5602666550939,1.86996824741688,-39.6235777489061,14.7922346560934,1.60686647711121,4.009049,9.17327810801728,FALSE
3321,Gaia DR2 3562518180524941440,166.687860510569,-15.8470524427163,0.759319827971939,-7.51595485339175,-5.82385564148829,1.55011330154868,68.80492,6.80680653269433,FALSE
3322,Gaia DR2 3562530721829488640,166.999407943287,-15.7902048930376,1.88134526178506,-6.05941617524277,7.96591217774304,1.60813524053255,2.5088487,-3.48045472292229,FALSE
3323,Gaia DR2 3562490452216105856,166.737559211867,-16.2135320164974,0.779887715129232,-19.6341763888337,-1.6156428153808,1.52601814798534,13.777039,50.6802423077134,FALSE
3324,Gaia DR2 3562267423154486528,171.675440106426,-12.5445280686334,0.592650919884855,0.998314829805639,-3.77256765320171,1.52815429789319,17.126667,106.320858693425,FALSE
3325,Gaia DR2 3562451587056333568,165.609861350716,-16.095845933221,0.398893104057866,-7.89173884041498,1.93947715015099,1.49958091022857,63.038174,100.451726489443,FALSE
3326,Gaia DR2 3562467736133122688,166.047204992503,-16.0047500176477,0.511276317532035,-2.75274806711229,-2.82985515653548,1.50215304345628,28.194801,25.0051484059002,FALSE
3327,Gaia DR2 3562479216581781632,165.762316104174,-15.8863913424957,0.442447253322585,1.82172081125946,-7.19409502435814,1.48819498484871,82.107704,-2.77296168618206,FALSE
3328,Gaia DR2 3562449628551249152,165.437677350851,-16.1944865038605,2.10563314804485,2.45059182984905,-13.7630918947147,1.606155487361,2.3911161,18.7193826383137,FALSE
3329,Gaia DR2 3562458905680607616,165.856941752207,-16.1711285821761,5.64674568322366,-35.1071814358409,-1.20050380727853,1.57294881944657,0.43128452,19.6856416000086,FALSE
3330,Gaia DR2 3562376137366769408,166.045086800952,-16.5215681921936,2.19034708985218,-59.9612729114125,6.27892596401741,1.59293826601807,3.3813777,8.04679917179132,FALSE
3331,Gaia DR2 3562242477984513408,171.982586288794,-12.8646468254159,1.86145042711515,-6.82654474623451,-11.8285656315367,1.60834168389156,1.4773475,11.2938498857943,FALSE
3332,Gaia DR2 3562322841116458240,171.715879325151,-12.380399166687,2.66585255038549,1.8293699133859,-11.0229795102828,1.59718570129114,1.7579696,-11.1350528932706,FALSE
3333,Gaia DR2 3562552505903624576,167.144003942967,-15.5615016820397,2.86263685135037,-13.9819717713748,-25.0426857010152,1.54369933231243,55.24969,137.729850492302,FALSE
3334,Gaia DR2 3562293330397167232,171.443062892596,-12.5363555263308,2.60926583219494,-30.6632592198527,4.30582139837393,1.65706632318911,15.1550865,3.56236256186588,FALSE
3335,Gaia DR2 3562988908940395264,167.006276553496,-15.1579786082753,2.74900581133583,7.851288421306,9.77275147304996,1.63248999464003,2.3071725,-3.30574358968056,FALSE
3336,Gaia DR2 3562749490283708032,165.305918507345,-15.3700800979917,0.525884738947065,-9.37451047556915,0.266375289614151,1.45102438009174,106.98213,7.93378045489178,FALSE
3337,Gaia DR2 3562748322052603776,165.38907135239,-15.4024843173895,1.36583180184811,-5.31268688655695,-4.75293932192161,1.61151812862505,3.4428189,-15.3021118495156,FALSE
3338,Gaia DR2 3562830544906637440,166.114184873445,-15.0106739551062,0.928760331692447,-6.35179355942325,1.9426921399956,1.52158309726958,52.186924,3.39526506741313,FALSE
3339,Gaia DR2 3562811440892135296,166.308087716758,-15.218160922263,0.921633876141166,-10.2923003191876,0.568494703857988,1.51416417626388,44.05095,71.5873130304527,FALSE
3340,Gaia DR2 3562738495167426944,165.318821150162,-15.5229058790967,0.227490650354163,-1.3447156713302,-6.60579480660022,1.49751151166056,132.47827,-1.27364317955241,FALSE
3341,Gaia DR2 3562720009628128128,164.832949578802,-15.6837999317955,3.03421926420671,3.74637737913785,-21.0937317620335,1.6268921217931,2.1476073,11.8895298449127,FALSE
3342,Gaia DR2 3562710835578034816,165.211882718442,-15.7207068512438,1.06928450382976,5.22067016266602,-12.7485764424461,1.55737285363605,7.5445156,-15.1005090064616,FALSE
3343,Gaia DR2 3562841333864420096,165.508315030883,-15.3332692428816,0.668526841408331,-13.2710237107514,6.61422930124071,1.50059725076963,52.10948,31.8045427348921,FALSE
3344,Gaia DR2 3562837073256930432,166.145150490213,-14.9224163740641,10.405653290463,-130.333093348754,74.7587235353177,1.65479090502858,3.5757751,30.8347722658384,FALSE
3345,Gaia DR2 3562782441272946944,166.173900895909,-15.3786855976585,2.02937457519249,-9.71265187931587,-9.50930708342002,1.63372440065928,1.6681275,7.120533437522,FALSE
3346,Gaia DR2 3562737979771349376,165.239902398095,-15.5592279774992,2.32335303700117,-14.9440694670003,-20.0349482679646,1.60582524547757,4.270897,41.9771787114286,FALSE
3347,Gaia DR2 3562587209239260416,166.387612476301,-15.5952031314492,4.3510384338566,-8.90013360756007,-5.28397688304725,1.58258725843622,0.43200186,-11.8422621462819,FALSE
3348,Gaia DR2 3562867649127916032,165.516752508392,-15.025687891658,5.64061809833207,-1.03167987233976,-13.6329294664314,1.56390478121998,1.0968724,10.2223515769049,FALSE
3349,Gaia DR2 3562842326000744576,165.690075686633,-15.278619621059,0.447576459353992,-2.99753581720438,0.228410226962018,1.51363511964921,33.722046,70.9888526283981,FALSE
3350,Gaia DR2 3562849094869201024,165.758019921368,-15.2047732707702,6.55377095374591,-78.3809469990692,-8.10852033166513,1.5968192667766,0.6224584,-0.0821662880953085,FALSE
3351,Gaia DR2 3562899157007991296,165.682682978125,-14.7309620545425,5.90275526881335,-32.9621168830851,30.2108167504649,1.54823733899722,0.18907812,25.3923273182946,FALSE
3352,Gaia DR2 3562573362264695296,166.377986893664,-15.6923361249851,2.06585032589528,-16.2905516320646,3.76493941148209,1.56464948893746,2.8253,-1.01602444753382,FALSE
3353,Gaia DR2 3562865243946230400,165.347817037295,-15.0384441403696,5.12801727750939,-39.7321017604985,-8.84673185546174,1.75452525654953,0.36412922,4.62751381264626,FALSE
3354,Gaia DR2 3562823260642133504,166.153984357202,-15.1655855307464,4.9875619717173,-7.93972840509004,27.5524056073623,1.53341533506154,0.28428575,42.1028274580169,FALSE
3355,Gaia DR2 3562588343110627328,166.363358755825,-15.5501690486606,0.376157942215871,-7.1090754047382,-2.52150719724583,1.47649012759978,144.87964,41.06134489533,FALSE
3356,Gaia DR2 3562588652348272768,166.375738670736,-15.5470063292473,2.74693863579034,-16.9706028268702,4.83905999287079,1.63327175944441,1.3750165,1.13317139317077,FALSE
3357,Gaia DR2 3562885310033434880,166.035274995587,-14.8673525251852,2.14991831267179,-31.7581083631468,9.81531432299682,1.64236495508867,1.0498413,-11.1397039899222,FALSE
3358,Gaia DR2 3562592088322111872,166.357135320565,-15.4867044695843,1.52531035663603,-14.6915617044687,-10.6309045599406,1.5159217852999,22.662868,28.6258780840737,FALSE
3359,Gaia DR2 3562747291260493952,165.485996459363,-15.361868024083,3.1266721117566,17.659516331831,-70.8619983476678,1.57895881841642,0.68302846,-34.5997847556084,FALSE
3360,Gaia DR2 3562593153474001664,166.291439834837,-15.4483241726555,0.474273350498199,-15.9097483956528,0.374026108193935,1.50809244473673,49.429214,58.5212563215118,FALSE
3361,Gaia DR2 3562555770078730624,166.905448851406,-15.5333208405765,3.093787008454,21.7274922375638,-28.1519240470484,1.59542475914232,3.356474,16.1864933216555,FALSE
3362,Gaia DR2 3562902111945495168,165.988426818256,-14.716450351569,0.519750937408844,12.1491887183016,-28.786506889335,1.54724326370652,32.690056,114.531136724468,FALSE
3363,Gaia DR2 3562962623740696576,167.89121089008,-14.9939485409766,45.4075252649302,670.796018517166,-601.587955330413,1.23342605150584,0.19107924,-11.8308657355376,FALSE
3364,Gaia DR2 3562740831629602944,165.15391217062,-15.4970445804311,2.02997628627263,-4.0799619559556,-7.31553051468079,1.63409011553785,4.7403927,47.2576673594877,FALSE
3365,Gaia DR2 3562884077379018496,166.126784600249,-14.9041677041782,2.2260662532609,11.3029159159831,-21.6896311405068,1.60880231795311,5.1308584,-20.2412328625402,FALSE
3366,Gaia DR2 3562576042324279680,166.118442543126,-15.8488009843041,1.89219887558001,3.55017382426402,-5.69485448255198,1.63861718010195,5.0598855,-7.26916796816624,FALSE
3367,Gaia DR2 3562845800630393472,165.454875806807,-15.2463612966357,1.31166040597118,-20.5187371296696,14.3734061700366,1.66900200728194,22.405478,35.397001833537,FALSE
3368,Gaia DR2 3562872459491281792,165.522541863362,-14.9046839927369,2.39584399311902,-2.88069616025931,-2.07963956396662,1.6248647927177,1.6276096,10.0558736192513,FALSE
3369,Gaia DR2 3562869882510904960,165.615973294003,-14.946637785981,0.395284043292543,-4.55171709703455,-0.438632071818245,1.52178897554679,69.28011,-1.69685776042723,FALSE
3370,Gaia DR2 3562806007757936896,166.258747986044,-15.3214639329828,0.39242658928681,-3.8282203785108,-0.492130584905254,1.48783749245702,239.05708,44.3758120307619,FALSE
3371,Gaia DR2 3562610676940610304,166.822066074238,-15.3048605333359,0.291400463014366,-6.87638477911139,-0.547148592531372,1.52128991917855,74.8018,-11.8051605355813,FALSE
3372,Gaia DR2 3562834182743395456,166.391072909362,-14.9409657246653,2.43752574501222,-44.5627817461165,27.8046330988807,1.63623948574223,3.2317696,18.5315575344085,FALSE
3373,Gaia DR2 3562758733053296128,165.064317124934,-15.3625585469881,4.08252658387692,-33.9911037723073,8.24614913116951,1.60733362577463,2.6138556,19.3216426841738,FALSE
3374,Gaia DR2 3562563329221083776,166.205364482018,-15.8743885409825,1.69149018764752,-38.5136193527277,-7.98587086958536,1.67026847591026,2.7479546,24.626525898732,FALSE
3375,Gaia DR2 3562620160228395136,166.67363645477,-15.3704311895108,2.18936016584942,-16.1272290196361,1.79761202732336,1.59092119683987,2.5460093,16.1920959010164,FALSE
3376,Gaia DR2 3562627680715224064,166.597290770216,-15.2049451298765,3.62628285900921,3.1876524065684,-4.34310355223468,1.54919870023898,0.48150596,-3.4998049462344,FALSE
3377,Gaia DR2 3562711587196402432,165.062558226336,-15.7136444328244,2.90903450712421,14.2114433995907,-15.1103353636569,1.60130628070244,1.0068423,4.55771074830091,FALSE
3378,Gaia DR2 3562672077793191552,165.539101963519,-15.7787852907669,7.24206463274905,-84.4488165478839,11.6253958511914,1.54652220863713,0.36422074,13.3332569577337,FALSE
3379,Gaia DR2 3562715023170238080,165.044986020445,-15.6509785280611,0.573618118427516,-4.3417761469736,-6.46634814432082,1.48723801045211,23.155752,39.4516433488522,FALSE
3380,Gaia DR2 3562617136571384320,166.350543495925,-15.3826113691228,1.53584065635332,-4.78964928306219,0.185232266788703,1.59319316464797,2.757319,-25.6416771147817,FALSE
3381,Gaia DR2 3562754438085998464,165.139579994411,-15.441215364745,6.14272291251367,-51.425966556429,-13.6018174429623,1.54782672939216,0.39373848,44.8053597882209,FALSE
3382,Gaia DR2 3562616037059756160,166.397662993707,-15.4237635426867,3.12031653219577,-13.1252453272737,-4.62135975502169,1.61970745097603,3.9197288,-27.5806553017947,FALSE
3383,Gaia DR2 3562617617607722112,166.35548970884,-15.3546540825776,2.0502483041069,-21.7864896561302,-2.32838017682522,1.58983995860389,1.7487516,5.23336686455214,FALSE
3384,Gaia DR2 3562971522912873600,167.536631904779,-14.9706523158242,4.78094017528572,-38.5005300431826,-0.0882511307583857,1.58652848349261,0.6048892,0.76481957969655,FALSE
3385,Gaia DR2 3562757079489997056,165.031645346018,-15.4013569331152,4.11236392765817,-37.3008602300828,-30.0399109252721,1.58050372134353,1.7146528,-5.68034265831624,FALSE
3386,Gaia DR2 3562900466974149376,165.711929046806,-14.7158015012416,7.90591136303776,-2.34848262735847,4.63380091965476,1.45315425044579,0.1225416,-11.0231473545504,FALSE
3387,Gaia DR2 3562802576079597696,165.927217140169,-15.2329108295113,1.05832772292809,-9.67908092002978,8.82076523601595,1.54726538277167,69.96868,12.112999695376,FALSE
3388,Gaia DR2 3562967090506621056,167.613828176577,-15.0569548195994,1.08093826095573,-12.9958949828853,1.05010329412698,1.60147279793106,6.217815,10.8191472943927,FALSE
3389,Gaia DR2 3562885176890647168,166.080751380893,-14.8621842009391,0.786523104060164,-8.35119459056604,5.47696153702389,1.5387748948861,15.762312,126.327799609247,FALSE
3390,Gaia DR2 3562849099165301888,165.758402505874,-15.1956061253139,1.40158932681398,10.6223260481925,-18.0317384335669,1.58266690874318,3.2217078,-20.3960821734316,FALSE
3391,Gaia DR2 3562776187800522240,165.919958097344,-15.5432421127419,1.39247618466544,-10.7102871129343,9.10105638881897,1.62079741873016,2.7180288,-20.7838725622708,FALSE
3392,Gaia DR2 3562839542861928192,166.303982737141,-14.8233463834304,0.422377634718666,-6.21217633615745,-2.08427941215227,1.51065046590232,58.237125,-32.650125162845,FALSE
3393,Gaia DR2 3562839302343759872,166.237061406771,-14.8344986312795,2.61934164895502,5.94197588843935,-14.7435981068943,1.60327467778603,1.0612535,4.44723499580082,FALSE
3394,Gaia DR2 3562788832184242176,165.759818407781,-15.4615689671165,1.5379618932769,-0.578461062784802,0.295608541673619,1.62027820855455,2.9772484,-9.60712944454024,FALSE
3395,Gaia DR2 3562976848672323584,167.637922845468,-14.9645817347443,1.28260248081582,0.253600532156735,3.21557859739724,1.48933359244178,39.675564,3.98847953278995,FALSE
3396,Gaia DR2 3562900909355429760,165.756139888835,-14.7011093703564,0.358869837823129,2.93615527222763,-5.02490887013728,1.50425696731186,98.786,35.6462873122906,FALSE
3397,Gaia DR2 3562873597658743936,165.663902308595,-14.8638153195517,1.59052851990428,-3.5687390961938,-16.3433262818554,1.39063966986428,264.19797,16.5383839706681,FALSE
3398,Gaia DR2 3562812815281670784,166.251567262649,-15.1621837750404,3.73084416375207,-42.5658329559011,-2.74705241590877,1.62665862870771,1.948993,8.99564765245225,FALSE
3399,Gaia DR2 3562812815281670656,166.252257948513,-15.1629698609629,3.67206657464552,-42.5697945355172,-2.05932047923056,1.62473884644146,2.8049524,10.166331135067,FALSE
3400,Gaia DR2 3562887131099567232,166.243985601084,-14.7598766617879,4.21773201355239,27.1967445260409,8.50532273795878,1.57430357904659,0.84696764,20.1064866573127,FALSE
3401,Gaia DR2 3562841265144943872,165.51833325093,-15.3290230076307,1.09986563226505,-12.966792315732,-0.936638208980685,1.61163080774012,5.5210915,29.0065694654808,FALSE
3402,Gaia DR2 3562729733434107520,164.937429634719,-15.5264108150573,2.07494812778154,2.06127264069336,-5.77569400930538,1.64558900824704,3.4045105,0.817986400908611,FALSE
3403,Gaia DR2 3562888922102139264,166.069209973412,-14.8032638228758,2.55628334101592,-11.0849156230435,-5.46723367620899,1.62972019377663,2.6257012,17.6291756144744,FALSE
3404,Gaia DR2 3562811372172657792,166.27615550228,-15.2349932654589,0.356284882207631,-4.42730118011317,5.01700987870286,1.54962931594474,51.38882,38.3996590277833,FALSE
3405,Gaia DR2 3562987259672950016,167.008447359368,-15.2264528679633,2.44586858560895,13.2348365373635,7.33382833318181,1.63243042279201,3.050114,5.0436119073069,FALSE
3406,Gaia DR2 3562956542067008128,167.953079622093,-15.1392258036398,0.26488619824591,-13.8925147398111,-10.9428599176027,1.53592451440169,120.532715,61.2338349353609,FALSE
3407,Gaia DR2 3562686577602780928,165.36227470267,-15.7340120052063,3.51345190537311,10.3967057350671,-5.79509521324343,1.63388620213436,3.1557393,-4.1046625837475,FALSE
3408,Gaia DR2 3562834496276588672,166.342718654394,-14.9505794510199,2.86386619956328,9.72077920502795,-0.692036804425523,1.59504299520635,0.73483086,15.5109746393675,FALSE
3409,Gaia DR2 3562923831595996544,167.406266944851,-15.4365060596795,5.53106519315495,-60.7680504050171,-25.4385689156682,1.60137233001414,2.3194804,4.90642680657521,FALSE
3410,Gaia DR2 3562716985971146496,164.736277361371,-15.8192310059494,2.24819635950076,-16.0020865914636,19.5918488384108,1.61952635655142,1.7252811,-0.977136626298046,FALSE
3411,Gaia DR2 3562571438119379200,166.527026894411,-15.6714861632066,2.52422258203749,-8.13550754206954,-22.1033661679391,1.60652440376367,2.1473277,31.3165327398362,FALSE
3412,Gaia DR2 3562819790308565376,166.402990714001,-15.040692429816,2.8495277298909,-42.7316966034345,-14.4165926325056,1.61487389680687,1.7406942,7.76045207923968,FALSE
3413,Gaia DR2 3562674895291767936,165.756755353002,-15.7324025629476,3.63077046364738,6.27816663184074,-16.6743194315776,1.55576414846406,0.3761246,-27.3698495889762,FALSE
3414,Gaia DR2 3562917715562563840,167.374900103091,-15.4784523080207,3.10632670986727,46.2718654220222,-23.450300351829,1.5417811120845,0.75864756,71.4281523601162,FALSE
3415,Gaia DR2 3562933207508764544,167.127936290061,-15.4002162218285,1.00509213529858,-10.3921726236178,4.97254345681692,1.54076014215222,9.891971,1.18538264566338,FALSE
3416,Gaia DR2 3562746569705986944,165.473290063064,-15.4085202813945,1.69521976686079,23.1603150164382,-21.9655206781379,1.61470951942795,2.6953409,-1.89073534234804,FALSE
3417,Gaia DR2 3562918608915762304,167.341222096202,-15.4577347231389,2.27472060163191,-11.6076489319593,-7.94279105730413,1.66545619851636,4.549684,21.7960190741224,FALSE
3418,Gaia DR2 3562916508675919488,167.264507499205,-15.5149635255994,0.499898617250013,0.752078180457376,-3.88204431916274,1.50090054140418,49.429718,11.8063457949071,FALSE
3419,Gaia DR2 3562918127879423744,167.333361176888,-15.4861377847839,1.23646719298967,6.15543747877304,-13.8269387712534,1.58722644160448,1.7773056,51.1540224580567,FALSE
3420,Gaia DR2 3562666752033768960,165.724614260538,-15.887448396592,5.60658786388499,14.6582864897408,-36.5800801682821,1.55933586627884,2.9696262,-10.1419396885662,FALSE
3421,Gaia DR2 3562603564474799616,166.76583993932,-15.4970266771137,3.22038792825603,-52.1853148634666,-2.51877697035746,1.58672545704997,0.7330747,21.1029312461618,FALSE
3422,Gaia DR2 3562955408195617536,167.820571014388,-15.1894529340679,6.68604714122526,43.419423886194,-37.1577632799499,1.47345334382898,0.18140669,42.031861424053,FALSE
3423,Gaia DR2 3562667542307750272,165.602824985842,-15.8788206392568,3.4996887654873,-2.2398021318023,-21.0859563723274,1.5862621651519,0.47490966,-9.96742405433637,FALSE
3424,Gaia DR2 3562808211076746112,166.347212572691,-15.254257308686,1.99705887140499,-17.9092194498953,-17.7535848904131,1.62571796853186,2.5152307,17.6536484887361,FALSE
3425,Gaia DR2 3562601674689148416,166.57675152418,-15.4782648420679,4.93630197658873,-91.0296607996097,60.6853819272196,1.6027063902092,0.8311918,21.9901487300079,FALSE
3426,Gaia DR2 3562954205604775680,167.693756467165,-15.1106057995912,0.767503443278503,-12.4783624175853,-16.1662725480927,1.47615617846304,90.79092,82.6052403661286,FALSE
3427,Gaia DR2 3562882153233629056,165.936719072843,-14.8828960929212,4.04141559825332,-5.49903317431784,-18.4446038490798,1.63878655633597,2.7375042,21.2519707117432,FALSE
3428,Gaia DR2 3562596761246601600,166.775554729595,-15.5512985815392,2.37132197026011,-47.6857452562476,-5.7992530830773,1.43734528311015,174.39905,26.8535247110166,FALSE
3429,Gaia DR2 3562643868447977728,165.34690606587,-15.977683937145,2.47058409973116,-11.8943434220621,13.4825225634508,1.60131586007721,0.96801054,-21.8391452766612,FALSE
3430,Gaia DR2 3562783678223525888,166.0632987481,-15.394763800024,1.55891741090567,-33.4828457459875,24.1972574510985,1.51763270164152,38.504948,26.4299827229904,FALSE
3431,Gaia DR2 3562978115686793600,167.632289423141,-14.8874263331386,0.984750962778075,13.529807328643,-4.88966190212428,1.49323883328133,87.88211,22.1202068394504,FALSE
3432,Gaia DR2 3562875968479776768,165.945495912999,-15.0222725808161,2.71676920111957,-89.3291856066496,5.46879660813492,1.65873332268187,3.3726633,66.4383119271598,FALSE
3433,Gaia DR2 3562725472826529280,164.705271661035,-15.576827046021,2.39211802982575,-51.3436081553512,16.0466563504481,1.59313889695802,1.2577591,53.6193575337146,FALSE
3434,Gaia DR2 3562881191160950272,165.844933739885,-14.9215131077135,1.80428178716056,-0.413578254602078,0.292620757896745,1.59637668516185,2.1756573,25.1117062811543,FALSE
3435,Gaia DR2 3562897752554847616,165.735332691718,-14.800295407173,2.2090549495421,-6.84403306177773,-7.4619133340241,1.62120914639258,1.2846576,-14.2274771366874,FALSE
3436,Gaia DR2 3562978704098200192,167.664378589372,-14.9104983531149,6.03423196360827,-38.7370582024313,10.5329247390635,1.66059103994588,5.1411276,14.3211956013792,FALSE
3437,Gaia DR2 3562916409892503168,167.256229583566,-15.5340856017391,3.47250135879553,0.207866309922595,-18.2092117879229,1.57736877289573,0.9788249,5.17419678645696,FALSE
3438,Gaia DR2 3562855077759781120,165.643453295654,-15.0596669113588,4.09353368960139,-35.2782398864951,15.4746083278119,1.57144079584691,0.8230563,19.9161925350445,FALSE
3439,Gaia DR2 3562889849815028608,165.96892292485,-14.766117155635,3.6716510245448,-17.0842322433934,-10.9234204632436,1.56286421370443,2.1446364,-4.59311141572989,FALSE
3440,Gaia DR2 3562769693810002944,165.967331166673,-15.6707987496509,1.78305884520182,-31.5406553549025,-11.5511592178658,1.62295385648727,2.999337,3.42410907100653,FALSE
3441,Gaia DR2 3562697057322994944,165.581601690541,-15.5296410923083,1.72287521773211,-7.68310614320088,-6.27783630853168,1.45350832011454,250.22026,-4.87109476974508,FALSE
3442,Gaia DR2 3562744125868476672,165.458642888874,-15.4660785581875,2.17974788426808,1.36898512863646,-14.6420471481323,1.61480134107766,2.384033,15.2776882819266,FALSE
3443,Gaia DR2 3562637030860037888,165.228618900696,-16.0896043420884,0.49767223544477,-11.687759194833,-7.98185530076046,1.53697326913983,27.817175,168.235205917152,FALSE
3444,Gaia DR2 3562901944442934656,165.924246854624,-14.7265349315971,0.442461356723155,-6.1949616230869,-10.1372836362155,1.54387992516604,28.664211,91.7640367650602,FALSE
3445,Gaia DR2 3562698397352792832,165.513422899568,-15.4844968274061,5.71701828122526,-95.0567792466753,16.4157932231041,1.58641890992324,0.7929909,34.3413880058957,FALSE
3446,Gaia DR2 3562675204529437568,165.868466769528,-15.7393703685984,1.27065146643938,-22.9332001652329,6.38563263867841,1.54416151374693,13.328429,-12.8231405539641,FALSE
3447,Gaia DR2 3562906101971278848,165.87372060746,-14.6537374668402,4.2129504781951,4.48216446461839,-12.9658454951389,1.61741164411795,0.9201852,-1.61426453375076,FALSE
3448,Gaia DR2 3562665515083184896,165.558347673739,-15.9262706484953,13.1726970329776,-252.643347688431,144.336099964681,1.5837154478022,1.0182918,-0.872701324706503,FALSE
3449,Gaia DR2 3562663968894957056,165.589095470314,-16.0099116847608,1.94420430177931,17.6975768571691,-7.69959753977889,1.61761760082338,3.100155,-4.45296630748196,FALSE
3450,Gaia DR2 3562609233831642368,166.836845613097,-15.3598087498367,16.7676600037196,-249.076002302704,137.976803164216,1.74420253836387,2.2720265,13.0171853708372,FALSE
3451,Gaia DR2 3562761138234984960,165.225382544041,-15.357010152419,1.56827304935147,-1.01893560916112,-9.5319504003008,1.47398259837763,94.27324,43.6849903584212,FALSE
3452,Gaia DR2 3562700351561960960,164.829488424449,-15.9543996666457,7.22861616243329,-63.4938029123198,26.7531334924086,1.54560383199552,0.27817973,14.8243272315172,FALSE
3453,Gaia DR2 3562956748225438592,167.95004823651,-15.1294535954776,18.5756409244076,107.908058061307,-293.198115298988,1.47185570336538,0.12745705,-35.6760530327576,FALSE
3454,Gaia DR2 3562947436736308224,167.655778367455,-15.28451987532,1.14318481424364,-13.7372687752913,6.80698322339295,1.52842277626722,6.374364,0.644852200497279,FALSE
3455,Gaia DR2 3562557522425390592,166.953529566719,-15.4822816111193,1.12051001433549,-11.2385006292281,8.97512519486478,1.51557359485563,57.85381,17.7173161184403,FALSE
3456,Gaia DR2 3562677025595549824,165.850994287138,-15.6738503498201,0.361344363573759,-4.1590592415122,-0.0852921976236469,1.53532872636309,60.71972,91.0591922092727,FALSE
3457,Gaia DR2 3562936853936876928,167.347812390023,-15.3637014326069,5.79769480951546,-53.7325133149878,-6.97671732685966,1.53443713561056,0.36854494,39.0068178159198,FALSE
3458,Gaia DR2 3562987981226699904,167.041573149828,-15.1718776840882,5.14015611114665,-0.621495616558917,-34.73539966047,1.61449989573777,1.8527441,-17.3395924487898,FALSE
3459,Gaia DR2 3562639225587413248,165.415593945205,-16.0874927951453,0.867581686604853,-7.0313833356417,-3.0462656551545,1.5255775333305,14.395751,51.6445333089996,FALSE
3460,Gaia DR2 3562880778844089472,165.814499337639,-14.9376485733441,1.73475744829322,-20.0632872266742,11.5647457954802,1.55064031240177,63.75441,35.1467376732461,FALSE
3461,Gaia DR2 3562805599736610048,166.300541706985,-15.3302114152281,1.5700572444457,-7.41636681957447,13.5028874355046,1.64733035174782,5.167197,12.3672855879841,FALSE
3462,Gaia DR2 3562687470955946112,165.286342858408,-15.7027092392281,1.51630447489152,-20.0277789594772,4.34198154117239,1.65893862809299,2.8534775,17.6634895540172,FALSE
3463,Gaia DR2 3562653523534430720,165.102928443757,-15.9715764405445,2.3734641222925,14.5114936768435,-20.7339232647959,1.62566060096414,1.2147024,-32.1705513418082,FALSE
3464,Gaia DR2 3562750417996685824,165.481752393413,-15.3374129785841,1.08837852041993,-6.9113441273229,-9.36476204239322,1.51552276665391,6.6677623,50.1065086513902,FALSE
3465,Gaia DR2 3562654004570769024,165.091530543854,-15.9252651210218,4.84357549044097,-7.84420857730975,-5.42110820762241,1.45262908294169,0.2495172,7.77503196379001,FALSE
3466,Gaia DR2 3562562332788704000,166.357379264867,-15.848519431784,3.53548647796137,-19.7143992798998,-19.8925885460944,1.65012423024875,9.270016,23.0480608177317,FALSE
3467,Gaia DR2 3562567658548152960,166.469413549084,-15.8109884375944,3.51148284985173,-21.1121255841308,12.1561794717857,1.57852247306326,0.73192954,-6.52202656905811,FALSE
3468,Gaia DR2 3562662972462486144,165.183406568492,-15.7983335744428,1.65186005088364,-21.1201936299621,-3.02560951447991,1.56155105528508,2.5051415,28.8930595124791,FALSE
3469,Gaia DR2 3562662285267719168,165.232226456478,-15.8088638934243,2.07456762002557,-27.3548738831493,22.1845857384664,1.63562419081419,3.7444024,12.8056813039782,FALSE
3470,Gaia DR2 3562662663224841984,165.239500198675,-15.7928425327951,6.83775389565733,85.304060997567,-37.1071005980187,1.54745883612123,75.31793,-4.99698108516802,FALSE
3471,Gaia DR2 3562706025214622720,164.864093156803,-15.8357401578173,1.58145254654254,-8.12793594820352,-9.17877203846053,1.63830289917895,2.9383311,1.93502848170762,FALSE
3472,Gaia DR2 3562841230785206144,165.569788392268,-15.3202775828296,1.09606962320765,-4.81085444988009,2.34143448762787,1.63649547653463,5.1957936,-16.5486874390562,FALSE
3473,Gaia DR2 3562805668456106368,166.330372238,-15.3112525160028,4.28226213607372,-27.1442186406308,-10.4367298389356,1.56775338102187,0.48172158,34.6259585808105,FALSE
3474,Gaia DR2 3562634690101943040,165.106078854879,-16.1694388177416,8.01385909447085,-73.339388785686,23.2315835699902,1.4464633377911,0.11101526,17.6187426687624,FALSE
3475,Gaia DR2 3562635239857756544,165.14653879515,-16.1305094390594,2.84021013720957,10.9409193951329,-9.50272987011736,1.60701715315992,0.9856703,-6.66982277878231,FALSE
3476,Gaia DR2 3562662074813417216,165.220949863762,-15.8367077805039,1.44156287760814,-0.045875574894953,-14.5395920648467,1.57853610627969,4.6444435,6.94391304778376,FALSE
3477,Gaia DR2 3562653484878827136,165.066222810839,-15.956147386484,1.62423512258133,0.829138608559961,-3.88117372821233,1.65537521253749,2.5982761,9.49416014309539,FALSE
3478,Gaia DR2 3562600781335951872,166.700992177119,-15.4999617177751,2.38991176776882,19.7366776407915,-10.4129455948492,1.49832254851187,32.125584,-5.61184992812733,FALSE
3479,Gaia DR2 3562682175260370176,165.446195149956,-15.811615607573,2.43062099230464,12.3311214479468,-11.6532564157891,1.5883468521941,1.0685868,6.12154561841334,FALSE
3480,Gaia DR2 3562931665616302208,167.210434638695,-15.3810078593794,0.891769484127898,-2.16392928523579,2.46936318942722,1.51952929906728,64.87873,-0.999605950356198,FALSE
3481,Gaia DR2 3562978738457949568,167.67541505809,-14.9011420886288,0.855480964880313,-10.14366188491,16.0931206853236,1.51675261208497,41.187714,53.2195396878655,FALSE
3482,Gaia DR2 3562719081915190912,164.820866633213,-15.7617352530062,2.46274416180738,-31.2992005656947,-6.01619562938194,1.60630990932918,0.9384888,24.5987242705528,FALSE
3483,Gaia DR2 3562828998718408960,166.111693603744,-15.0707634794253,4.3715053981182,-82.8936306296222,-9.53479523464149,1.61531884989049,4.1298227,28.0423069332264,FALSE
3484,Gaia DR2 3562665270269095168,165.560634013209,-15.9489279489791,1.0179631623331,-25.3024980701856,6.90290682198262,1.5581037886464,7.2753706,-2.54589459390729,FALSE
3485,Gaia DR2 3562915997575602048,167.229342775199,-15.5440569525962,0.649513489340345,-10.5812100946318,-2.66968178430657,1.53525166935155,10.918739,56.2414336153095,FALSE
3486,Gaia DR2 3562651496309865472,165.04486084427,-16.0186612956824,0.857002922167992,-11.8846633368462,10.435989536775,1.54130314449283,7.6520143,18.2903337491975,FALSE
3487,Gaia DR2 3562667915968947840,165.672667523683,-15.8311616715185,8.13758098459969,-45.6728102996722,25.3915385992911,1.48987192234078,0.2245225,28.3195314458454,FALSE
3488,Gaia DR2 3562756740188448512,164.977455356189,-15.4297540108395,4.4588724183984,28.0248217962955,12.1953604956831,1.51607223980377,51.7608,-2.07329125757315,FALSE
3489,Gaia DR2 3562669324718221184,165.538383472423,-15.8569912147587,1.16146401487279,3.31990924119564,-6.28194773401386,1.53498129541791,8.167173,51.7773512801269,FALSE
3490,Gaia DR2 3562927989124292224,167.190622638485,-15.5277668001738,4.42712167354293,17.5510235071052,-10.6867380236352,1.6520910141018,6.926289,17.515677598595,FALSE
3491,Gaia DR2 3562618785838829824,166.518290548938,-15.3070417446423,3.16954768035793,-21.5174684266059,12.8336131238456,1.60079982867935,1.2772002,-12.8265892277284,FALSE
3492,Gaia DR2 3562711179175419008,165.181547476324,-15.6893942290667,2.26404735273678,-6.71954034551658,-1.38504997650593,1.63496518876977,4.844493,-3.42031894765634,FALSE
3493,Gaia DR2 3563311959200749440,166.661803817984,-14.1592120858254,5.15756945138079,-33.1065613312014,23.8455372291424,1.61007976176288,1.4954562,14.0460379587723,FALSE
3494,Gaia DR2 3563014227771818240,167.021334440869,-14.8867674994724,4.76676688035223,-13.0170705181165,9.47898483077522,1.80147900404402,0.38119158,-24.700489126076,FALSE
3495,Gaia DR2 3563234374911581824,167.026191038042,-14.5546147939833,2.83329373113012,-31.4756604238153,11.1982521932861,1.56865176114195,0.66793436,-1.02016127607288,FALSE
3496,Gaia DR2 3563310722250168704,166.752073052304,-14.1929518408135,3.39913732955741,-3.38066334907385,-2.11783448098869,1.65425111905725,6.0156136,-15.2974435965967,FALSE
3497,Gaia DR2 3563075598560626304,167.870627404359,-14.7334008995638,3.66652280044188,-33.9699128157763,-6.43366088287191,1.60865763728828,0.6906905,50.0516003687418,FALSE
3498,Gaia DR2 3562994440858276096,167.117352488602,-15.1179677562757,3.21313682687927,-58.5206208885534,4.46148668935149,1.58357187017746,0.58447677,38.9275769058659,FALSE
3499,Gaia DR2 3563005294239849344,166.808043798571,-15.039856912369,0.298286148518863,2.11694089521714,-5.51892901288307,1.56202241804754,81.06351,2.51408607899863,FALSE
3500,Gaia DR2 3563025983097467392,167.458552071629,-14.8753445301607,4.7634739662826,11.0746364455092,-10.0187780848505,1.61594233438912,4.719771,-10.9619672737226,FALSE
3501,Gaia DR2 3563262137580059648,166.300467316507,-14.7609075256751,1.04616497539351,-23.2592350935645,6.60346393728689,1.51016510117917,44.371986,60.6641379082616,FALSE
3502,Gaia DR2 3563271307334545280,166.467006295913,-14.5839690735597,1.79498386175505,-33.0544247550072,-2.30893958217884,1.63504878529374,3.7726977,31.2425394756177,FALSE
3503,Gaia DR2 3563165586715451648,168.244801812783,-14.2785581538849,8.14289353772441,-36.9371098562274,7.33790002666498,1.41853872997619,0.0931601,3.41965753225964,FALSE
3504,Gaia DR2 3563040551627177088,167.208635282466,-14.7322245473278,3.02537697862035,-43.330195253439,-13.9086479309041,1.64798631536281,5.342223,21.5931206774917,FALSE
3505,Gaia DR2 3563138030205181312,167.852853090875,-14.4020102434402,1.1582097637223,-6.64026127796285,-14.2479286072406,1.6007248560118,3.4105594,32.9566394387706,FALSE
3506,Gaia DR2 3563034332514529408,167.184803820159,-14.8561820316802,1.55484927634594,-1.56309243071472,-6.56925069213267,1.55828534062727,5.080792,5.97949450355063,FALSE
3507,Gaia DR2 3563247534691347840,166.927974372155,-14.4827299436531,0.502843446967031,-7.2777487870235,-3.92151613668969,1.47790186913748,69.65923,50.6683124002284,FALSE
3508,Gaia DR2 3563247534691347584,166.920342061893,-14.4884486365131,1.4522864869795,-11.487018844999,-14.6844286575513,1.52946134785386,7.837032,13.5689276349865,FALSE
3509,Gaia DR2 3563043712723108480,167.296486926385,-14.7051646346624,0.654116864460035,-0.361479588044899,2.68737272603376,1.4808397694274,127.756546,60.7024895440185,FALSE
3510,Gaia DR2 3563048591805957888,167.22041946236,-14.596051668571,0.863810743863194,-5.58532130815594,7.45390814506249,1.50987319911566,65.11388,-3.15165292543417,FALSE
3511,Gaia DR2 3563285708360578816,165.978883638729,-14.4434975836947,1.72136379658777,-5.43616794923566,-9.21740517705889,1.65897631099722,6.84651,-17.5110708964763,FALSE
3512,Gaia DR2 3563116860310294528,168.502123710489,-14.2668156448776,4.72090257855881,-64.524591599089,29.5548510221734,1.60833893098297,2.638558,42.2857149839825,FALSE
3513,Gaia DR2 3563091953796164224,168.236556514584,-14.6414494940939,2.82966808292434,-67.2369554221403,0.828948441846064,1.58873028767874,0.8143255,8.14066235953768,FALSE
3514,Gaia DR2 3563042166534882048,167.175074966228,-14.6387101326268,3.08467296404966,9.93069217327269,-41.4991684213335,1.59453657244442,1.89009,-6.27744174046995,FALSE
3515,Gaia DR2 3563118097260877184,168.270020062958,-14.3444921171847,0.97594247110724,-8.33350615499141,-0.457910090312207,1.60495139357159,8.123882,16.6559586023248,FALSE
3516,Gaia DR2 3563225544458739584,166.657529656014,-14.5600682051644,1.63984353100938,9.07572500781489,-12.9903030779249,1.51152756931837,50.53456,52.1254086417101,FALSE
3517,Gaia DR2 3563174657686293120,167.871736830637,-14.2481051971402,0.363993130679286,0.653195480502526,-0.923297954731217,1.52807861080799,59.8674,12.7963223056879,FALSE
3518,Gaia DR2 3563258388072910080,166.968791181309,-14.3383981584624,3.35695668853383,-34.9819305988388,-16.7482284702856,1.57793089691427,6.5262585,-8.55599284431128,FALSE
3519,Gaia DR2 3563225681897738624,166.686951355293,-14.5465949561274,2.93164656792546,-33.4176768482823,13.4188698174099,1.6256978008222,4.3796515,25.7855446458391,FALSE
3520,Gaia DR2 3563295981921430016,166.304424576245,-14.2432475865958,1.37932311343779,2.9851738966386,-5.67568962300861,1.63652484913295,7.7759886,6.8083808461218,FALSE
3521,Gaia DR2 3563201939318517504,166.763276413239,-14.863711768527,4.34382274789668,-99.943816138535,-1.80800244497607,1.58328228154057,2.382264,65.6466286481222,FALSE
3522,Gaia DR2 3563212281599766400,166.606730646617,-14.7931389756978,2.49789797605625,-18.6317309272551,-28.9105289689598,1.63182771636357,6.522942,27.7616746235335,FALSE
3523,Gaia DR2 3563200427490029824,166.659031685263,-14.8063550126116,3.43879491508762,-23.9714532309797,11.9277971936626,1.62851032920568,7.0326447,8.30943944597994,FALSE
3524,Gaia DR2 3563205512731310080,166.781448505461,-14.8106292656867,1.84821500429403,-9.70036356421682,-8.87393950831352,1.62270950263751,4.4649687,14.1936443530885,FALSE
3525,Gaia DR2 3563100401995622784,168.52664317383,-14.4589544783529,6.07623189918635,-49.158017575858,49.5247309457103,1.86224081849072,0.22703728,19.0691072089409,FALSE
3526,Gaia DR2 3563211800563426176,166.536868824694,-14.8323518896615,1.44184537917633,-4.57774944197994,10.2682165857142,1.65327323424119,11.85538,2.71511678698683,FALSE
3527,Gaia DR2 3563140778984187008,167.560871217824,-14.5177263669899,2.13313287782986,-16.6595262271533,-1.1173765423283,1.62763327355816,10.222037,13.9912489922671,FALSE
3528,Gaia DR2 3563281894429624704,166.205531727187,-14.5465330513019,2.34611496011141,7.84588822031187,-6.83074597598838,1.64523164461318,1.6896436,0.901334445031956,FALSE
3529,Gaia DR2 3563177165947201024,167.985859941157,-14.18369044055,2.13104995703527,-7.14053663403358,-8.66438605763703,1.60780499293866,6.8045607,2.09969820864177,FALSE
3530,Gaia DR2 3563097790655507072,168.698104968551,-14.4908450546991,2.53146366927385,1.87814885235142,6.65560186578555,1.6340033279921,1.2776171,-16.1823079822632,FALSE
3531,Gaia DR2 3563199053100493824,166.727411017637,-14.8640225906492,1.19395727636574,-19.8996414454744,2.97867822411079,1.63338216134056,5.571349,3.6305475080791,FALSE
3532,Gaia DR2 3563079996607148672,168.140529315989,-14.6647704797577,1.86732037332063,-4.63044368012414,-16.8726091794765,1.62255785656861,2.0516806,-7.51159945447432,FALSE
3533,Gaia DR2 3563068726612941184,167.887797222813,-14.9118818470525,3.26533830343629,-27.6143910204827,32.7426402519691,1.56390183897093,0.45124173,40.7732784001589,FALSE
3534,Gaia DR2 3563026945170873600,167.632995651799,-14.8288474299468,0.817423293370951,-11.5184610406021,-3.02258725018675,1.52697101183814,13.353408,43.2039025309497,FALSE
3535,Gaia DR2 3563003030792841856,166.732538174604,-15.1286047506461,2.61128784255294,3.00441885033452,-0.801499455299415,1.67866553062771,4.2667875,-5.09706706495168,FALSE
3536,Gaia DR2 3563317559838064512,166.539910671724,-14.1920834739597,2.80802053613907,27.0548761108709,-27.077913621867,1.64641515717929,14.665746,6.18055497449243,FALSE
3537,Gaia DR2 3563002962073364480,166.692810208503,-15.1279572156633,4.2192113359589,-3.38826411792365,21.535979028561,1.66684274482903,8.492991,-9.12882379447285,FALSE
3538,Gaia DR2 3563183316340374784,168.019562106393,-14.1226829891403,3.98748357067374,-67.6106364718521,22.0755509590054,1.51268824820612,47.115784,9.1285397371623,FALSE
3539,Gaia DR2 3562998804545022464,166.869707134366,-15.1947201994401,1.2480621632409,-43.0480224069902,3.75112165142889,1.55389090844522,3.6373763,51.7522386773251,FALSE
3540,Gaia DR2 3563315773131667712,166.47285252075,-14.2481291870779,0.77257857080029,-0.996925259939664,-6.00324337539369,1.57075503554991,120.47855,23.9955991836166,FALSE
3541,Gaia DR2 3563092537911719296,168.295371212422,-14.5952112113842,7.72237273688949,12.0622688334854,-2.10018457488834,1.56701219572308,0.51632994,26.0455553994725,FALSE
3542,Gaia DR2 3563226094214551808,166.578043921363,-14.5648301654944,4.22131441353342,-43.2542935675645,-34.0605384307142,1.56788314142334,0.50383085,34.4618841123228,FALSE
3543,Gaia DR2 3563244029998070656,167.157024292836,-14.3799064187368,0.960588853692932,-10.3003335386889,-0.846121301124714,1.53675803596767,82.538315,19.9971507018416,FALSE
3544,Gaia DR2 3563145005231997056,167.437516467793,-14.4673957728362,6.4774156905152,-22.40371631582,-22.7486864121695,1.55157575299738,0.41825536,19.4109717924641,FALSE
3545,Gaia DR2 3563101226629340800,168.488531398761,-14.4370864169734,0.694814150066815,-7.63297504486067,1.67493047553853,1.57055518188138,13.144063,-26.275399962221,FALSE
3546,Gaia DR2 3563318831148385536,166.54822783652,-14.1433438710827,3.43729650571652,-36.9485580993697,5.81840147178199,1.55013379194302,43.863384,-0.996079498143009,FALSE
3547,Gaia DR2 3563035363306681088,167.153328051023,-14.8240892056862,1.33340918849276,1.66168206641849,3.98682739077832,1.49358807220863,30.300762,0.997859819387646,FALSE
3548,Gaia DR2 3563077831943626240,168.05811823914,-14.7211304489122,8.69575245947072,-57.4521639121939,-9.61819357106344,1.41995736163623,0.06864777,-5.8918956991156,FALSE
3549,Gaia DR2 3563025433342379904,167.549112584185,-14.8714345951651,6.00753094363536,-25.4364149397148,-0.132203525189681,1.61905376167038,1.2858368,-19.6739295162697,FALSE
3550,Gaia DR2 3563296325519733248,166.276752230404,-14.2570819988098,3.00541447438181,-48.9116234851781,-13.4065789601869,1.5538288843596,0.612833,37.3252333320848,FALSE
3551,Gaia DR2 3563140297947846912,167.491152766668,-14.5480080874361,0.785682063799254,-17.3822109965053,-3.3934693077887,1.53590369669918,10.578083,67.6672063529049,FALSE
3552,Gaia DR2 3563021378893162752,167.200616421672,-14.9604740800752,1.86073091456602,16.0822378826709,-57.1995153032935,1.58283804,3.8489041,-11.1982458758776,FALSE
3553,Gaia DR2 3563137205571459328,167.885740206748,-14.4251340549925,0.656800553732635,2.07970373893701,-3.705133421458,1.51283259428176,71.829506,32.7923470943202,FALSE
3554,Gaia DR2 3562998044335049984,167.146035369661,-14.9686806525038,0.457095452366384,-8.87450459158717,1.3005539072184,1.50653680946572,59.866875,47.9695075229203,FALSE
3555,Gaia DR2 3563189294934789760,167.947078240139,-13.9832706414314,2.56960895532296,-34.2948583154883,-4.20770417224045,1.60983824719875,2.295697,18.4167442705802,FALSE
3556,Gaia DR2 3563083978041125888,168.045281192877,-14.6247605995308,2.79274378722661,-42.7947719423732,7.42780784508368,1.61398395868599,1.4912388,-14.9705444660399,FALSE
3557,Gaia DR2 3563299722838167552,166.747624116474,-14.3504490108859,1.18113690569649,4.10369365047529,-10.6892158656829,1.53850343737144,52.49442,-11.0498421320137,FALSE
3558,Gaia DR2 3563155416232751104,167.745028289632,-14.2180355662576,0.342128194516046,-3.07079968229929,-0.0575760931883195,1.52563827748376,70.26168,0.603568097553174,FALSE
3559,Gaia DR2 3562992791590868352,167.201972934674,-15.1075354200703,1.56437643471789,-40.3501555730551,21.8600907200583,1.55907529970007,2.6961715,47.9559509907492,FALSE
3560,Gaia DR2 3563072231306263040,167.881408058389,-14.7789085742355,3.71686022071504,1.39834505787408,-7.74224591818019,1.58006312514998,1.168633,-38.2575071081147,FALSE
3561,Gaia DR2 3563308420147745920,166.926370334721,-14.2185607196859,5.87688461014015,-111.969799222561,34.5942652231562,1.47221268780805,0.19739194,25.6723234822793,FALSE
3562,Gaia DR2 3563234374911581056,167.025473082526,-14.563537200997,0.52388028084643,-7.35178875796018,1.28557120887131,1.46841006023512,178.70973,34.3802257262328,FALSE
3563,Gaia DR2 3563308695025653376,166.896427305515,-14.1959050748727,2.15596182723682,-3.42248371913646,-66.8162930842072,1.57028509608914,2.7509954,103.190126066008,FALSE
3564,Gaia DR2 3563147960169513088,167.70046041217,-14.4406576168944,1.77808326708745,-35.4969704583732,0.970544494568979,1.59417758786582,2.5334795,22.2067055969223,FALSE
3565,Gaia DR2 3563230457901406208,167.060588513035,-14.616361282583,1.98029231654841,-1.98360277497437,-0.287485747675765,1.59735565842884,1.6356767,25.1197214728371,FALSE
3566,Gaia DR2 3563173523815022720,168.174228132396,-14.0766793970809,1.17686886130799,-1.53857654121865,2.73525003308996,1.50732303190708,14.800491,13.4762836743679,FALSE
3567,Gaia DR2 3563309450939896704,166.84793053515,-14.1882707449441,0.318157494883433,-6.50803382357139,0.857254904534112,1.50127877838356,115.319,90.8019568880011,FALSE
3568,Gaia DR2 3563026017457880832,167.459361600924,-14.8666175722652,1.41910717795125,-9.68396418363139,1.37067453598637,1.54557584550294,8.435436,10.1117724653268,FALSE
3569,Gaia DR2 3563229289670300800,167.108525091093,-14.6746572396674,0.720595500795631,-17.5490600666054,-0.426340758091692,1.50113445027623,88.76445,51.9948228564084,FALSE
3570,Gaia DR2 3563173592534500096,168.220595048258,-14.0773964152594,2.9833268254716,-11.8411122748281,-21.0232919987691,1.59255634645621,4.3734746,41.4782708894545,FALSE
3571,Gaia DR2 3563065840394999424,168.139491750838,-14.7735020161903,1.90474466762612,-5.21450095311231,0.499963511387114,1.60143285391715,1.1039422,-7.0962486768221,FALSE
3572,Gaia DR2 3563148990961665664,167.673504629722,-14.4142101866058,0.472292061580759,-20.138723513786,-10.8170705084216,1.5025803601637,543.5869,257.602917087279,FALSE
3573,Gaia DR2 3563047320495638528,167.333385180695,-14.6309714668011,2.66828676372357,-27.3069110271342,13.331719551847,1.60292263650798,2.101631,-2.49696988645778,FALSE
3574,Gaia DR2 3563039349036309248,167.053946797406,-14.7695707063252,3.05701354600647,26.5724152226931,-52.5520690632495,1.59319691452353,0.99056184,17.6200791822041,FALSE
3575,Gaia DR2 3563137274290937472,167.875590451367,-14.4105552774619,0.500323596402206,-6.90746835507611,2.21507078516409,1.56427114439709,10.096195,-13.9044957434469,FALSE
3576,Gaia DR2 3563086318799099520,168.426784081901,-14.7579845420915,3.14731256534668,3.84463731645746,-17.0523260533149,1.51957978855265,6.8380394,77.8751360282813,FALSE
3577,Gaia DR2 3563146345261810304,167.579439923156,-14.3865248956773,0.882294420102416,-8.31149772634041,-5.51823532803935,1.48909236453523,48.746223,28.8599295280916,FALSE
3578,Gaia DR2 3563186649235004928,168.085840123942,-14.0036908716404,0.463514225087932,-8.53240018006287,3.43648482859808,1.53405730034595,21.606005,31.0406145237154,FALSE
3579,Gaia DR2 3563092877213362304,168.396832928068,-14.6058151217618,2.77536465950585,-20.4415534716808,-0.743188604886377,1.62458807035698,1.2647382,14.8297461039717,FALSE
3580,Gaia DR2 3563180533201500800,167.753681887141,-14.128477067754,4.13935045874684,-1.53020061972353,-5.71380164334531,1.60411837721984,1.0624328,3.83628647484153,FALSE
3581,Gaia DR2 3563045946106104960,167.399723777288,-14.6155290674598,2.18564328327058,-8.2298930056671,10.1336853919284,1.52220518797786,1.145955,-11.1671779050831,FALSE
3582,Gaia DR2 3563265367395503360,166.420321709287,-14.6047130400432,0.586584549037438,-13.3449686293742,-2.86388755679558,1.44603184912602,379.5782,33.8234127629996,FALSE
3583,Gaia DR2 3563001377229677568,166.948155825805,-15.0914637747392,1.24264238150278,6.6041726122413,-16.3969173569647,1.55367122216503,6.6553955,26.8143917787105,FALSE
3584,Gaia DR2 3563299074298852224,166.659155636153,-14.3741601379668,1.72115311341784,-16.7459864099719,-1.41000293991236,1.50586261324035,42.811802,45.6653364135785,FALSE
3585,Gaia DR2 3563056013509744640,167.984281453557,-14.9570846439737,0.516572575935631,-6.73214202038172,0.310264321656474,1.5324917428231,23.599562,-3.91996501402091,FALSE
3586,Gaia DR2 3563274266567745024,166.489204830068,-14.4982721101187,0.903651398117524,-31.7858749877154,12.6760992457746,1.52884030193695,17.747974,18.6013170348617,FALSE
3587,Gaia DR2 3563218535071344000,166.644347999909,-14.7440546050749,12.760236808258,-43.6661826752976,-20.5617750570441,1.67714001984939,2.3618875,18.4655731508856,FALSE
3588,Gaia DR2 3563083157702991616,167.887306993652,-14.6417607311048,2.26954862568253,-37.8169986745277,3.90186687272586,1.60155588521744,1.3820378,67.9652515982641,FALSE
3589,Gaia DR2 3563141672337412992,167.607251313391,-14.4924933069122,0.32420624783186,-6.40244835398935,3.70422848537073,1.50695864047969,50.73852,11.2675082031787,FALSE
3590,Gaia DR2 3563243514601994496,167.126286959073,-14.4124315799595,0.299802721019867,-4.72201636956683,2.235739370133,1.50860418436706,66.544464,23.3649661833441,FALSE
3591,Gaia DR2 3563149918674606080,167.692236176007,-14.3381482609056,0.439562223065651,-8.97662274657473,2.40368197334253,1.51974777075083,62.93919,20.2289143719364,FALSE
3592,Gaia DR2 3563253410206640640,167.000491581164,-14.4474022941261,6.49929739870291,-30.690254907658,-15.0922452857391,1.51468206876517,0.23667367,34.3624169263446,FALSE
3593,Gaia DR2 3563203932183377920,166.869567997061,-14.7941124276494,1.07497040541014,-8.58618680007215,9.35462747681419,1.51461940585989,10.538007,22.696435884966,FALSE
3594,Gaia DR2 3563267669497937664,166.143632188907,-14.6580493883114,2.18443155547069,-27.0938250089986,-0.338152601382047,1.65443671434059,3.222272,40.6330130306305,FALSE
3595,Gaia DR2 3563202214196457856,166.82354407273,-14.8394237894832,0.640912636525391,0.30242414736305,0.617025053525952,1.49433765416851,54.24314,10.9790593831875,FALSE
3596,Gaia DR2 3563310447372312832,166.910919573102,-14.1032700681064,0.378379760222038,-6.4753826354041,-8.41734568021964,1.53391114104917,70.583176,42.2834067592504,FALSE
3597,Gaia DR2 3563237810885422720,167.180147442736,-14.4936258233865,1.15955746428917,6.28983525867771,-5.00128719103425,1.54014185011236,6.6936765,27.588560735133,FALSE
3598,Gaia DR2 3563256979323636608,167.015562541483,-14.3195603968675,2.74511470840639,-10.5001255123211,9.83150763005425,1.61770418632911,1.2884415,12.0619651551652,FALSE
3599,Gaia DR2 3563046152264574848,167.432254570225,-14.6097764982915,7.10394889627097,-15.0156123141491,-21.9694013521016,1.63495791383654,1.7893811,-5.02857498026286,FALSE
3600,Gaia DR2 3563097760591986176,168.724625589802,-14.4948815547867,1.36626402376005,-5.28721184559503,-10.0921521239991,1.52838188471261,6.5195923,-10.8940361912118,FALSE
3601,Gaia DR2 3563125729418831872,167.783355889089,-14.5616019764226,1.75022634469206,-24.5035511956893,-0.754955506867364,1.63808188452178,6.101647,39.2655814135951,FALSE
3602,Gaia DR2 3563225097782138880,166.618247616483,-14.5891658628794,2.2887843377005,15.2087449516933,-28.1099050881871,1.60568675825283,2.5510323,-27.5201459413134,FALSE
3603,Gaia DR2 3563137549168847488,167.935135706265,-14.3976408534503,1.24291104672147,-3.02276019678764,-4.18518684102434,1.62353012176828,5.893996,-11.7576611431151,FALSE
3604,Gaia DR2 3563258319353433856,166.939738484029,-14.3475505472622,1.3390591176314,-8.5834601477645,-1.63391233215939,1.58317928568199,2.8749251,10.076722910855,FALSE
3605,Gaia DR2 3563296699181712768,166.246874679292,-14.2099280701822,0.640038245707542,2.26317260211613,1.60131041526494,1.51675211174685,25.342937,40.384979974739,FALSE
3606,Gaia DR2 3563213617333536000,166.569763704529,-14.725101607108,1.95796708499278,5.44678638501896,-6.38388955709054,1.62352205144521,2.0331655,-2.86889648475265,FALSE
3607,Gaia DR2 3563258289289463680,166.956126519707,-14.3456847148371,5.05167790472667,-47.2191313679472,23.8659736121364,1.56773808852164,0.40020078,76.193761759154,FALSE
3608,Gaia DR2 3563255776732795776,167.053603388683,-14.365755477603,4.5376486166713,-52.0562386085915,-1.51975072124415,1.56602762876134,0.419304,23.0780105226015,FALSE
3609,Gaia DR2 3563093362545443584,168.453225046232,-14.5655396083827,1.73208855397253,-9.85059500512015,2.53673005347923,1.64943850685454,2.2343042,9.50246168742368,FALSE
3610,Gaia DR2 3563128100240774528,167.71492653376,-14.6070711700696,1.80463061674649,5.98152524733087,-23.2656520906769,1.53902843867984,26.0623,0.122665968646208,FALSE
3611,Gaia DR2 3563303953381703424,166.627435777295,-14.299886218765,2.31447970512692,8.15734742339663,-33.9958262148081,1.58059682352139,4.092694,2.82886770385943,FALSE
3612,Gaia DR2 3563114356345592704,168.419424036323,-14.376068807559,2.5483033236179,-0.760088692828463,-20.3279139979065,1.61163947064967,1.3217609,10.9639320524609,FALSE
3613,Gaia DR2 3563237810885423104,167.17959854036,-14.4904867498747,1.21166180975727,6.75262198874352,-5.11965935206721,1.53682665928334,13.93115,26.8492175718085,FALSE
3614,Gaia DR2 3563017564961546496,167.352879577816,-14.987872605493,2.15247256419807,-6.98031013073025,-0.220695118379011,1.54013447882553,8.621251,-6.52788736221966,FALSE
3615,Gaia DR2 3563209528524851328,166.473171856611,-14.8989736725308,1.35565405080001,-23.3354255782575,-9.18819997256866,1.59941842026322,4.889944,5.56744719798985,FALSE
3616,Gaia DR2 3563302785150594816,166.515318471171,-14.354877718712,1.04698693332433,-12.8396897018805,7.06294811311591,1.62811164445716,6.751777,31.8868459622368,FALSE
3617,Gaia DR2 3563282822142563072,166.218301286626,-14.4699152068926,1.07031296107642,-22.5680332300291,-2.42574260214375,1.65315426935843,9.538413,34.2511357156936,FALSE
3618,Gaia DR2 3563239077899952768,167.208454811182,-14.4948226521805,2.82746256352496,0.850315341386362,-18.2400960743377,1.63302076526555,1.7357534,8.26708413599776,FALSE
3619,Gaia DR2 3563310000695712512,166.89181451785,-14.1581875132012,3.82172754602748,-13.4056913212205,-20.0843243019723,1.569998758475,3.5674515,-31.8450717270412,FALSE
3620,Gaia DR2 3563191833259592832,166.648993345315,-15.0635516204894,3.41244058596313,9.93092056635165,-10.0374039856438,1.61749154220102,0.9139481,6.72442067502944,FALSE
3621,Gaia DR2 3563530418416453248,164.631081507537,-15.1547800145787,0.431150939109823,-4.01807250863652,1.11508684900875,1.53923485889022,75.21154,-18.3703814499388,FALSE
3622,Gaia DR2 3563365319874258048,167.256252589677,-13.9715721499905,4.1213037994861,-41.2560047564719,-6.41130883851242,1.5197143972632,0.35879079,38.4174289162293,FALSE
3623,Gaia DR2 3563366419385889280,167.389800781356,-13.9280243394949,3.20746856923829,-40.7883957881989,1.3589022620135,1.63710100413443,1.9154035,43.4036560478356,FALSE
3624,Gaia DR2 3563721351187581824,165.243351666014,-14.3690324874822,4.07718209487656,-9.82548623941711,-9.01937914335519,1.58110661914796,0.70223993,6.32112975438889,FALSE
3625,Gaia DR2 3563440224103909248,167.428470164189,-13.7793540459073,3.90159475536293,9.12253071387438,-36.8502266768575,1.5606900675164,0.44456494,3.32325102245921,FALSE
3626,Gaia DR2 3563541928929444608,164.932213382068,-14.8902785552776,6.06709426328723,-100.873570343312,26.4755568482513,1.4581285306653,0.13402562,73.7107908011875,FALSE
3627,Gaia DR2 3563407788510073856,166.947713747549,-14.044699215345,2.41963000524496,-43.7096575093146,19.6223319812845,1.6541510764675,2.6511152,13.9576086949541,FALSE
3628,Gaia DR2 3563734721421909248,165.301131671831,-14.1266302562998,2.45876053804059,-23.8313174810988,15.8127654844323,1.58332781445418,1.0374111,11.3067336828381,FALSE
3629,Gaia DR2 3563726127191213440,165.247494915708,-14.3003710162994,3.11185064190681,12.4186538674468,-15.8612284001842,1.54894224320846,8.60688,12.693714627864,FALSE
3630,Gaia DR2 3563643461956826752,165.347350254218,-14.6236531275222,1.8217841749229,3.0318476858987,-12.1704883648997,1.58438749837687,1.8614465,29.7455182361199,FALSE
3631,Gaia DR2 3563747159647198720,165.220845872131,-14.0904368077019,4.24750359313672,6.68421236620368,-24.3905578723537,1.6182495577316,2.1601088,9.8544095546963,FALSE
3632,Gaia DR2 3563647516405955328,165.289582596404,-14.568635505538,5.12260729760543,-27.6839902709261,-10.8186914228,1.63528747192334,3.6921246,9.44970656376758,FALSE
3633,Gaia DR2 3563394697450624896,167.74019776362,-13.7986013816563,0.504890495237101,-10.0333309979333,-4.42423990575677,1.498119737013,118.50949,103.555371950303,FALSE
3634,Gaia DR2 3563559211877774208,164.383947148163,-15.0426335302921,1.52225980200149,-13.8234158152873,1.72926040108158,1.62990628989627,2.6402783,52.0267514808458,FALSE
3635,Gaia DR2 3563715406952843904,164.786209649177,-14.3626818174967,0.991627331838781,-13.8275037958311,5.70688873630149,1.61644257161575,6.5676837,19.7398946401134,FALSE
3636,Gaia DR2 3563560242669925376,164.33586389523,-15.0179121356385,4.78514252497018,0.456237623790188,-29.6916819738642,1.56166826723628,0.3061993,-49.3368042782546,FALSE
3637,Gaia DR2 3563576735344344064,164.205278125625,-14.8992598929303,3.33653882036136,-3.54771863011278,-2.6125894252133,1.5581650456497,62.04392,-15.5249876104784,FALSE
3638,Gaia DR2 3563675240418692224,165.393075953424,-14.3729826627873,2.7797025889414,-16.1989089825977,-19.8138142796375,1.68188996054279,4.6384287,16.662356511284,FALSE
3639,Gaia DR2 3563353225246348544,167.29717685132,-14.1536673015164,2.45094517552549,3.47458367652574,-32.1125438281752,1.61527748107926,1.4315964,63.6964816624633,FALSE
3640,Gaia DR2 3563420467254277888,166.830402937276,-13.9911942338955,6.76647358973934,58.0365372727787,-83.8585295256952,1.58778114146966,0.5633285,20.1436916745632,FALSE
3641,Gaia DR2 3563752622845603200,165.251969514418,-13.9876946262194,4.41491727548974,-31.7671040114445,1.80436747577147,1.65030406757316,5.2517176,8.36522655383643,FALSE
3642,Gaia DR2 3563515746808819968,164.941939206954,-15.1752649978169,4.14868077430975,-32.4528527021374,-28.1531014445372,1.57876867675364,1.4462969,-2.232253897292,FALSE
3643,Gaia DR2 3563628549830369152,165.272338448668,-14.7819578043698,1.03982133029961,5.6432391587949,-7.59757889551371,1.57523064717752,5.090354,5.76809079536268,FALSE
3644,Gaia DR2 3563573471169197824,164.230013814344,-14.9419688779139,1.39861649195558,11.1562211346202,-4.19455467980312,1.52148698589448,48.541,9.12074943272602,FALSE
3645,Gaia DR2 3563368103013149440,167.712688896066,-14.1087506667727,3.3614466730462,-34.728946545331,-2.41231950849573,1.59251638949059,1.71666,-32.9678706447063,FALSE
3646,Gaia DR2 3563492107308759040,164.323578226135,-15.4831996076241,0.394130132938754,-8.36265316825443,-1.5089630468982,1.50028131407383,32.886475,70.7910577739156,FALSE
3647,Gaia DR2 3563620028615248256,165.154980657456,-14.919635882063,0.845928811527475,0.14007156185423,-0.649506165599758,1.47917026425561,42.176025,3.78312595729743,FALSE
3648,Gaia DR2 3563604429293453952,164.282266905785,-14.700422066846,1.72400730704765,-18.350367953594,-15.4665878539209,1.61257003371248,1.9070588,55.8712142638696,FALSE
3649,Gaia DR2 3563515437571173376,164.893562886232,-15.1974775244348,2.91521103545576,-1.79626990847675,-7.64239284586536,1.55923316006338,0.6694148,-16.8862987511047,FALSE
3650,Gaia DR2 3563604321918794624,164.290373094763,-14.7193636914169,6.35743183599274,-28.0977838763443,-9.69713053171162,1.50160253143542,0.20478591,-6.53156079067914,FALSE
3651,Gaia DR2 3563612155939141504,164.540594000875,-14.5837061271106,0.959233133191063,-22.7152347753689,2.86554156450397,1.48801361963068,70.58305,48.2978262886584,FALSE
3652,Gaia DR2 3563610128714578048,164.499534049473,-14.6475279563348,0.980449937163908,8.63117283986804,-10.9216602491247,1.54262027090172,7.986527,2.87645469990885,FALSE
3653,Gaia DR2 3563551790174279424,164.138673250507,-15.1393645364574,2.53877473438023,3.23822114996809,-11.3347895725519,1.55033396389822,0.7887086,12.3880247192344,FALSE
3654,Gaia DR2 3563438918433849984,167.351218147959,-13.785142680311,1.31906969084385,-16.0865892896782,-8.31617961699194,1.47832931474766,20.39296,31.8992834502477,FALSE
3655,Gaia DR2 3563545193104509184,164.129429919488,-15.3015296629414,1.38262755192974,-21.0852990729861,-0.956946820064392,1.55663822908403,10.520427,36.0861599877385,FALSE
3656,Gaia DR2 3563520106199800960,165.224984052385,-15.0896490067084,9.34446956278238,-129.574991657108,-11.823607244254,1.45808006291855,0.11650079,27.238855919948,FALSE
3657,Gaia DR2 3563350162934326400,167.171061206985,-14.2943181699146,0.897574136710786,-17.7433364815764,-11.4900217045208,1.5473115002834,8.372738,18.8739349049127,FALSE
3658,Gaia DR2 3563721763504442880,165.313824678869,-14.3777637056128,0.391938082638204,-7.18569929803787,-1.31829419105365,1.50851772217573,42.89671,54.1472877341525,FALSE
3659,Gaia DR2 3563477744938150528,164.46934108723,-15.6061431750511,1.07093981094875,-17.7416136475908,-1.24456283576292,1.51709266924431,51.79966,7.26883645331457,FALSE
3660,Gaia DR2 3563322778222605056,166.426945099143,-14.0975050823663,1.905769006449,-6.04199974470328,8.75566328593718,1.63807859115722,6.4158053,1.17029138969309,FALSE
3661,Gaia DR2 3563403046866943872,166.994248753919,-14.1320794216903,2.13537956111965,-13.2742384898058,-38.8152773183581,1.61431692373441,1.6413896,16.5839427611668,FALSE
3662,Gaia DR2 3563705240766348928,164.758893210661,-14.4926927663912,1.26033084216769,-17.6820326621668,-3.27925092370252,1.64463677788185,8.075276,48.2698521396316,FALSE
3663,Gaia DR2 3563597866583442816,164.311005045806,-14.8510466893448,1.83836478076924,-38.805052459438,11.5813979718493,1.53315340277981,7.463164,44.0670895745783,FALSE
3664,Gaia DR2 3563349548754388480,167.529164868024,-14.0773727262639,0.654703991649459,-9.62219926616693,6.37792833304406,1.51704634579893,111.71432,21.524097245174,FALSE
3665,Gaia DR2 3563529799941794816,164.753245039584,-15.0732945135748,0.333230719083601,-4.76196673452046,1.38198515700097,1.40486481585505,451.1173,69.7002072267595,FALSE
3666,Gaia DR2 3563373050815438848,167.665501676737,-13.9934792721859,2.6933079303653,-10.962188149793,-32.3973797080603,1.61727117944864,0.9227719,65.4402189644035,FALSE
3667,Gaia DR2 3563702560706753536,164.749039715099,-14.5695269120788,1.41972283168015,-22.4397277079089,-1.64931127630844,1.53909477814173,3.8603177,38.1655700689748,FALSE
3668,Gaia DR2 3563425071459235968,166.745420790734,-13.8898763513552,0.814398873798052,-12.7569263391083,2.38486004096977,1.5170288716606,52.784985,-1.875127190889,FALSE
3669,Gaia DR2 3563684414468692096,164.882835332043,-14.764506786553,0.509892856178216,-4.39224423343418,-4.09545959919387,1.52402913465781,48.95913,30.9496388749036,FALSE
3670,Gaia DR2 3563603364141584768,164.347328265332,-14.7355104106015,0.722599687857065,-6.34073264819256,3.49339456695559,1.51118880319987,160.32915,25.3529042388646,FALSE
3671,Gaia DR2 3563650196465604224,165.634154856992,-14.677497726579,0.700690663901716,-6.97481749650398,-9.30063711714748,1.49792048789818,41.7275,26.1784922815755,FALSE
3672,Gaia DR2 3563603020544200704,164.345699161676,-14.7688402859844,2.19021119896323,-22.5858810444473,-8.22693859497065,1.60918892198134,1.143476,-12.7363072405821,FALSE
3673,Gaia DR2 3563652429848598400,165.625275226044,-14.6573567047347,2.12113149669405,-39.3572684008122,-0.254455612277456,1.51381044826617,26.57673,59.4385153305095,FALSE
3674,Gaia DR2 3563771967377830528,164.031160740459,-14.6617876394032,0.459114115800744,-15.0561917670794,5.83576384586809,1.36790478594917,604.40186,45.2816038438797,FALSE
3675,Gaia DR2 3563767324517381760,164.096193870391,-14.7747700081528,2.68195665183567,-40.6377466059853,13.4775641138203,1.58709268806362,0.8843682,49.3410115281097,FALSE
3676,Gaia DR2 3563556733681218816,164.443630332264,-15.0202670480898,1.28326752134032,-32.4681566130116,1.08779019241268,1.58040560919381,3.232555,97.1856747583672,FALSE
3677,Gaia DR2 3563364284786790656,167.291156104653,-14.0015299532959,3.38323186569491,-74.6271697713813,12.6642079605969,1.61059722990511,1.0538405,15.6390754452451,FALSE
3678,Gaia DR2 3563764232141733248,164.056735158693,-14.8553743014056,1.90964893151631,-4.81095688168672,-6.51942678123195,1.62784367237386,1.8654835,8.70720195281661,FALSE
3679,Gaia DR2 3563357275400166272,167.204518600175,-14.1180085506025,0.881162286440207,-14.6442941002693,-0.126145782951415,1.55746091631498,11.401732,8.32005619564043,FALSE
3680,Gaia DR2 3563539214510109696,164.805308754198,-14.9968259458781,3.52325257675657,-20.3894046213659,5.30246276616342,1.65528507293797,1.3564873,-3.67685549822938,FALSE
3681,Gaia DR2 3563488465176529536,164.620508318108,-15.3617139358832,0.685637438206468,-20.5886955516213,1.16700705832571,1.53918587063439,51.063305,92.5541604245677,FALSE
3682,Gaia DR2 3563574257147784960,164.282874966486,-14.8791960946112,4.27461496862475,-51.7149399823161,-11.962063936584,1.59423539234099,0.53652775,-6.92955202048135,FALSE
3683,Gaia DR2 3563363391433595264,167.276873220793,-14.057901785487,0.416706108402571,-2.54441369062096,-0.945742766671305,1.52732690836222,61.179893,75.2443871187322,FALSE
3684,Gaia DR2 3563662458596026752,165.693647827735,-14.5308403746913,1.12045790175114,14.2219766714061,-3.64458180381372,1.49191899809598,9.916769,24.9452197228533,FALSE
3685,Gaia DR2 3563503892699061120,164.629308499735,-15.1864078324673,1.04856058176191,-5.87833876394665,5.05457991188644,1.64939768957946,6.479977,8.89991905062164,FALSE
3686,Gaia DR2 3563425415056606464,166.782937651567,-13.88205530662,2.05461690771155,-34.7888805505271,-3.53072982866469,1.55159312507323,2.4377203,51.8172475429235,FALSE
3687,Gaia DR2 3563770455549339392,163.984699706192,-14.7399268708494,1.42280287776478,2.28430682064892,-6.12357587519909,1.55981658035526,22.537277,-24.5059313869813,FALSE
3688,Gaia DR2 3563665142951801088,165.791851157101,-14.4223812817049,0.990311713347401,-16.771518949837,-1.28650788916693,1.51051622650575,10.759191,38.3058313687491,FALSE
3689,Gaia DR2 3563775089818253440,163.773676155138,-14.8042375715948,3.41409680550576,-13.7559699070278,-1.82498890429699,1.56861183907283,0.6953166,23.8568677619065,FALSE
3690,Gaia DR2 3563566938523516416,163.852918022607,-15.1093224278482,1.9003624050836,-36.6364537409502,3.30555480675389,1.61616881030891,2.1103373,30.7148159032701,FALSE
3691,Gaia DR2 3563666208103691136,165.77603127532,-14.3839045014193,1.61195236642288,-30.3081369415049,0.849135768510022,1.59910449487369,2.9426715,-6.66716911448966,FALSE
3692,Gaia DR2 3563401638117786880,167.750138197315,-13.6125209937177,3.56999764712881,-23.0691703712391,15.7600180280926,1.59845457672441,0.75373787,39.726368324204,FALSE
3693,Gaia DR2 3563494714353473408,164.432144980533,-15.3928569939538,0.952524411527191,-18.4267516967298,6.97284802450969,1.52114611610245,9.169442,76.3889112746911,FALSE
3694,Gaia DR2 3563461424062427648,167.018042493997,-13.5576079982136,0.914460101346588,-2.1491310480733,-3.84841357131508,1.61623430793629,6.78545,-35.9534403802957,FALSE
3695,Gaia DR2 3563424624782628096,166.874913391934,-13.8172197721683,0.623955167944935,-9.8567906439452,3.64562094983175,1.49956941947332,132.44804,4.92351972582866,FALSE
3696,Gaia DR2 3563714998932055808,164.984186836847,-14.2711806763183,2.92610748776276,-63.8228217284584,13.9007836903434,1.60595355918964,0.64086103,-48.8643636786515,FALSE
3697,Gaia DR2 3563719534417577600,165.248534872154,-14.452624136212,2.28533508734978,12.7560585002948,-4.3663047868463,1.52202250202168,47.91874,3.1371302028976,FALSE
3698,Gaia DR2 3563474991863651712,164.55462000986,-15.6021336628643,2.17215459712604,2.49987690384645,-11.7074413236061,1.60545701054632,2.5300846,-3.64843172811748,FALSE
3699,Gaia DR2 3563725444291329408,165.120506874472,-14.307579312349,2.12048319441917,-33.0418747813137,12.1316854338143,1.64384937557793,5.85828,12.720342738032,FALSE
3700,Gaia DR2 3563337351047215488,167.251022733681,-14.3415725013061,0.46485775048734,-7.08619451100828,1.04678651009178,1.48943239985312,52.223156,69.1428392820839,FALSE
3701,Gaia DR2 3563338038241982592,167.200722101972,-14.3347059184996,1.98062562581734,4.31443503440518,-6.14912947879841,1.62640090200872,1.5743595,-8.83523121164004,FALSE
3702,Gaia DR2 3563391536354641024,167.450670145283,-13.8095826352971,4.16719207755589,-20.348951825395,21.71845516548,1.58848107673639,0.5314024,-4.79297548534741,FALSE
3703,Gaia DR2 3563474549482481920,164.502765537217,-15.6270189108244,8.55714984768283,-248.699678322224,-59.8424418079317,1.55906734361885,0.23383775,38.0293832994743,FALSE
3704,Gaia DR2 3563364804478181632,167.229894753552,-13.9960453412763,0.658140603603378,-6.40571930607082,-1.75078820638943,1.53435594583324,11.590183,41.4245067399066,FALSE
3705,Gaia DR2 3563577796200836608,164.157142277687,-14.8693748712688,2.75117207134998,-36.0121150799011,9.37292623040864,1.61719201925972,1.3828741,57.7088409295014,FALSE
3706,Gaia DR2 3563533094184108416,164.702122810573,-15.0323385955656,0.982823298692129,-11.3252867038304,4.14042617384536,1.50635567207927,11.896579,-5.18275445256352,FALSE
3707,Gaia DR2 3563756746013722368,163.827424958166,-14.9777468572655,2.32552945826274,13.7315185858878,-18.6874644456933,1.6038535035545,2.5599835,26.003762555418,FALSE
3708,Gaia DR2 3563614909014266368,165.280896931168,-15.0023347010226,0.546415134105418,-16.3468609277044,-3.82276172881673,1.4892196929092,50.03338,50.7243604945336,FALSE
3709,Gaia DR2 3563491999934143232,164.311913584194,-15.4899606752446,0.298730735946528,-1.17446778771307,4.5690232087478,1.52195074799616,102.36716,53.9892867785862,FALSE
3710,Gaia DR2 3563736542488084224,165.415950472492,-14.0873304173431,2.76784827304129,-7.7758170854685,-19.1283621192883,1.51659463980297,7.434944,-9.39490428210057,FALSE
3711,Gaia DR2 3563773479206275840,163.613531170671,-14.8733547487628,0.946607984868661,-13.3963209056769,7.6536615096815,1.51797750695023,22.46945,6.17923487262618,FALSE
3712,Gaia DR2 3563667238895814784,165.413403315317,-14.5634829593647,0.639401122467975,-9.37158872390156,-2.0386497314609,1.53490696564449,14.087794,6.11960903798573,FALSE
3713,Gaia DR2 3563421974787508352,166.783366348515,-13.9194479165765,4.68591293266683,-51.2350014124818,21.2336802967252,1.62952892505156,0.8981982,22.1793625241415,FALSE
3714,Gaia DR2 3563755234185232768,163.870906436938,-15.0479555957882,0.830108354394514,-14.8952283491651,5.39391009299585,1.47863329954828,75.11233,8.01637317142726,FALSE
3715,Gaia DR2 3563323023036467072,166.422545540905,-14.0734042794319,2.05146910958772,-4.67937834583807,-7.83545753736798,1.69182944072981,4.8353376,-19.4977489573911,FALSE
3716,Gaia DR2 3563426578992447872,166.727099063406,-13.8293800244225,2.24766830516895,-18.8403154854512,-1.03152447697234,1.6141919853807,2.6558201,-3.36315605666704,FALSE
3717,Gaia DR2 3563656793535354624,165.629160630671,-14.5327251853903,3.64976022063326,-24.0462549307018,-7.56422679368046,1.61544538414862,1.7171803,18.824013470648,FALSE
3718,Gaia DR2 3563705927961119488,164.834891884178,-14.4387314821436,1.08686827061237,9.68660288510837,-15.0826524467932,1.54292195316046,5.240463,-13.8926320562999,FALSE
3719,Gaia DR2 3563743311356472704,165.003115365029,-14.1275420322212,1.57486256394249,-4.34695697862874,5.16330685673527,1.61392566728911,2.7908676,-24.3563939560886,FALSE
3720,Gaia DR2 3563325600016846592,166.613644598574,-14.0666282886283,1.4248848864284,6.36357188716937,-18.7387186553949,1.62835763968879,2.41333,-3.57026342104399,FALSE
3721,Gaia DR2 3563732797276596480,165.325548349826,-14.2133867170319,4.21223179832075,-24.030545917934,-9.57521922546166,1.51714605232859,0.2830404,22.2258474651006,FALSE
3722,Gaia DR2 3563326287211655808,166.727708725935,-14.0487985730714,1.42938319926546,-23.2834815692832,6.99926061242824,1.59014437982241,3.3984013,-8.29034704273429,FALSE
3723,Gaia DR2 3563636104676548096,165.008277347236,-14.8231270736904,0.860235377019979,-17.6236268227317,-11.2321346508672,1.54680103823646,9.591213,99.1345984449597,FALSE
3724,Gaia DR2 3563331028855552512,166.696526341498,-13.9456854068118,4.33287186205869,0.77341427623666,-2.54844474388646,1.69536711955209,8.259849,-0.160784515612026,FALSE
3725,Gaia DR2 3563669437919073536,165.489474276753,-14.4857832060736,3.79643789921282,0.140892122904049,-17.5121195569421,1.67253167672971,9.032566,-0.130885396859656,FALSE
3726,Gaia DR2 3563343535800213504,167.59892561824,-14.2282903783687,2.01835058769374,-29.4343909765361,7.32258306840274,1.6748579168612,5.219302,27.4856310763349,FALSE
3727,Gaia DR2 3563412732017888512,167.124990903906,-13.9624577299333,2.18605135568795,-51.145185541021,14.1608675562508,1.58854052742249,2.3187459,82.9627580990482,FALSE
3728,Gaia DR2 3563486639814697088,164.647445482841,-15.4295845223703,1.92605466414688,-13.4529832626993,-1.48170164930618,1.65248365341361,2.5523295,10.2860630157895,FALSE
3729,Gaia DR2 3563669300480119296,165.471258835223,-14.5040544551623,4.06378974496457,19.4408541149857,-100.833312519745,1.55202830337907,4.924511,83.7772918382932,FALSE
3730,Gaia DR2 3563484303352488192,164.78758857314,-15.4525646948884,3.83892833717562,5.24855350620861,-11.4480809404063,1.49805720957314,0.733965,-1.93071926492459,FALSE
3731,Gaia DR2 3563714105578855552,164.929666732235,-14.3262271370861,2.44784225296711,-56.6306173667425,16.9226791872303,1.59242716267051,0.54003406,-15.1784478163055,FALSE
3732,Gaia DR2 3563671396424122368,165.303547320264,-14.5221960589771,0.98877826658191,-7.40835611293862,-0.0749958634260255,1.51801393931247,51.088364,21.6072517818354,FALSE
3733,Gaia DR2 3563693043059229184,164.872306619265,-14.505260918087,6.54434780997292,-45.3795941787268,2.29879429156472,1.65001033210009,2.2101583,9.3541010040792,FALSE
3734,Gaia DR2 3563745338581037568,165.048675579776,-14.0834934744483,7.43367356383813,-9.89227088703507,-28.8688577450414,1.55783906211388,177.71951,-7.0754372198195,FALSE
3735,Gaia DR2 3563348925983244416,167.555720699954,-14.0640709419452,2.67724031118349,-9.63416077018649,-30.3957290990165,1.58384624354783,1.0286459,37.9689143217232,FALSE
3736,Gaia DR2 3563448191267378944,167.454037601107,-13.6443251672187,3.55756406127884,2.38323433194557,-4.42604589190153,1.59608226304937,0.7214149,-19.9088135082486,FALSE
3737,Gaia DR2 3563594155731735040,164.71301097633,-14.7798149064485,2.55190871731072,1.27427133691197,-22.0571233227124,1.60897005807962,1.1756126,-5.9544216175465,FALSE
3738,Gaia DR2 3563533472138088832,164.723368169064,-15.0136862987317,0.334504279883885,2.64076377259291,-1.0296367283291,1.49320071067217,103.15165,90.5290872565906,FALSE
3739,Gaia DR2 3563460187111866240,167.104138708812,-13.593030995485,1.56471323981942,-19.8235416336745,7.47237453462858,1.63700475505924,5.167433,20.629027444703,FALSE
3740,Gaia DR2 3563449600016650240,167.664429064939,-13.5791929875671,9.73110564870241,-62.0650458999591,29.2956745869565,1.43383114739592,0.12645766,19.6135536422803,FALSE
3741,Gaia DR2 3563594533688858112,164.687463291326,-14.7302344918099,11.9175496251233,-15.80013074467,114.530967632655,1.47939112714007,0.12960179,7.00063080552978,FALSE
3742,Gaia DR2 3563507122514438144,164.554873712573,-15.1650202734857,2.34740646941893,-41.0841028937186,-7.96907117751612,1.63870621097317,7.9990907,25.0869914989732,FALSE
3743,Gaia DR2 3563675347794041984,165.383297493267,-14.347088658305,1.51351767497504,-12.5250290530438,6.7677442452096,1.51137245972866,62.35875,-1.73702956837244,FALSE
3744,Gaia DR2 3563407444913456128,166.91213335809,-14.0544438028086,3.43637530130231,-16.288956730667,-17.7132804313183,1.62647135719954,1.7871495,10.2543406079316,FALSE
3745,Gaia DR2 3563554637737182720,164.428335323089,-15.1543946538339,5.12406250461632,-18.5435354918107,18.0662072262598,1.57085618339361,0.51453424,36.4514806593197,FALSE
3746,Gaia DR2 3563568214129208704,164.010926749764,-15.0352686946784,2.23469686323224,10.1918314014975,-30.1208770128813,1.51220762521444,51.167885,7.50174939496021,FALSE
3747,Gaia DR2 3563485059266731904,164.828009999137,-15.4017989217673,8.60107522570264,-40.5054221969252,-36.4008915312449,1.42449520061971,0.09901931,13.0096294959728,FALSE
3748,Gaia DR2 3563553267643080704,164.367374067049,-15.1699350715563,0.610229156269188,-6.828736500346,-7.80428953729647,1.54336993492754,14.280799,28.1647125087342,FALSE
3749,Gaia DR2 3563342676806749824,167.461466504415,-14.2483003506935,2.36970342978406,-32.9630269829966,13.1841139167087,1.58849748822415,0.932573,9.9524218516183,FALSE
3750,Gaia DR2 3563586630949028224,164.519993408239,-14.8617452661014,3.93718910653073,-28.6359029436264,-21.813904534752,1.61284151071398,1.6225355,-1.2196191091286,FALSE
3751,Gaia DR2 3563586115552953088,164.580021565212,-14.8631197549338,4.42908603673982,-7.79927551826862,-8.91125154688442,1.5074311089714,0.2441723,-0.582962325838199,FALSE
3752,Gaia DR2 3563457507052275328,167.187156860148,-13.5894476345902,0.720259645561354,-6.12227823871691,-5.851356761811,1.43008906103868,270.4222,24.8335613452701,FALSE
3753,Gaia DR2 3563546322680500352,164.305901741046,-15.2778444476735,1.73753850308068,14.9207552484795,-5.77573235569313,1.61189264490525,2.5261843,22.9980290456106,FALSE
3754,Gaia DR2 3563561857577607424,164.066668178726,-15.1811487675478,0.236957891962749,-7.32130547212495,-5.46050725139498,1.44111627260531,1281.2054,50.0369914217058,FALSE
3755,Gaia DR2 3563495989959197312,164.336113668027,-15.4001451549134,0.534846251131474,-8.14942047936366,0.195925406002061,1.50275884654643,20.371376,-4.44214547752491,FALSE
3756,Gaia DR2 3563674145203198080,165.431658160891,-14.4030783665795,3.16576983250777,-13.0255818110016,5.95144961822898,1.50537142294986,0.7304908,-12.6512167399129,FALSE
3757,Gaia DR2 3563738260474953344,165.005004666343,-14.2738462426428,2.82417012988851,-64.0984412850719,14.0810285138909,1.6157386419224,6.165536,-48.4538543645977,FALSE
3758,Gaia DR2 3563416275366223744,167.09633412626,-13.888865317419,0.300961263403997,-9.30717033827422,3.99304617674455,1.52670211545873,47.13355,53.3142976325226,FALSE
3759,Gaia DR2 3563686068032358912,164.88402075949,-14.6738065634179,0.549614498960504,-3.29151132174298,-1.83403357666797,1.5144669651499,27.681532,85.7517898944183,FALSE
3760,Gaia DR2 3563533751311676672,164.649589186626,-15.0366301911976,3.04928248608384,-13.315879001236,-11.4361038999522,1.59705961678821,1.6851573,-27.4281166362474,FALSE
3761,Gaia DR2 3563562579132112000,163.949753252522,-15.1776305532317,11.2074056046722,-259.66836617802,-282.54098107257,1.54595159969304,0.28186026,115.149581360611,FALSE
3762,Gaia DR2 3563322816878036608,166.4482919893,-14.0878011484316,1.99890070177531,-9.08747943727529,3.49273946056554,1.63868587947663,2.022416,23.8401978775897,FALSE
3763,Gaia DR2 3563396518516760832,167.758326209507,-13.7524780719337,1.5444580495582,-1.31650902628569,-14.3501578073225,1.59381455773771,2.874478,-32.002579167502,FALSE
3764,Gaia DR2 3563396552876499584,167.773225535534,-13.7536728257967,2.86796209773099,-16.7945086225844,-6.9051924700187,1.63077345732457,5.3097034,15.5081637390051,FALSE
3765,Gaia DR2 3563324088188395904,166.640491465172,-14.113994877321,0.713238687409867,-10.2054554171657,4.43367171830901,1.48007622115831,302.513,60.8890502857505,FALSE
3766,Gaia DR2 3563366415090070784,167.393053073714,-13.9321158031408,2.55180532992854,-3.10997670638481,-18.8499731779678,1.62798493286183,1.6100698,31.1381834065501,FALSE
3767,Gaia DR2 3563675377857645056,165.407570899671,-14.3592594369387,1.58810273906554,-16.8448316621306,7.91804602479099,1.60551296537437,2.451684,32.7221570942888,FALSE
3768,Gaia DR2 3563330479099697920,166.651137804338,-13.9770618038329,4.73557710428898,-17.68440112771,-2.251059552691,1.66990205411144,2.4108744,36.854075809681,FALSE
3769,Gaia DR2 3563680772336568192,165.537105190615,-14.3210980546828,1.79950360116036,-12.7158476745079,-5.7012374446271,1.622064275173,3.531575,45.0419399849831,FALSE
3770,Gaia DR2 3563763102565324672,163.855778516559,-14.8267170274881,0.324333209772985,-3.43032310077383,-4.98466602598549,1.50149455211641,112.59097,44.204205397333,FALSE
3771,Gaia DR2 3563329757545190528,166.568303283364,-13.993435302333,2.96610628988792,-15.7965585049921,-22.1714121932662,1.60166557157077,1.0360988,14.4892254774533,FALSE
3772,Gaia DR2 3563401260160661760,167.727965467948,-13.6571347474105,8.11057741163507,-32.1461529277109,5.72452394716316,1.49947202639029,0.20959768,3.06674021445283,FALSE
3773,Gaia DR2 3563644179215217152,165.324488414732,-14.6170155066099,0.655028305799792,-11.2910054465209,1.70515283072102,1.53058057813525,37.38982,16.6434908421407,FALSE
3774,Gaia DR2 3563538699114056704,164.961271614763,-14.9152674022882,2.11479694163971,-5.70930635048297,-12.37659542323,1.61054083718734,1.306945,46.6239767676388,FALSE
3775,Gaia DR2 3563693043057966976,164.871738688789,-14.506119167881,6.61494155353429,-43.4697830708956,4.99956582331635,1.59195185020999,0.94428504,10.2412365511193,FALSE
3776,Gaia DR2 3563380541238462080,167.986878265349,-13.8123857484448,1.09748974109167,-14.7990575191836,3.12980182324049,1.58275847568027,4.9823203,-14.1388066410847,FALSE
3777,Gaia DR2 3563723451427757568,165.318146119275,-14.291140628175,0.741925434556816,5.40541169131126,-2.48858336074036,1.52553350858741,11.986371,12.0505886798315,FALSE
3778,Gaia DR2 3563604944689550976,164.329185878849,-14.6668939586462,5.72382219614324,-7.41820020628207,-31.5456315944066,1.66624222309605,3.3565848,21.6757618080764,FALSE
3779,Gaia DR2 356391648876114048,31.3859517500762,47.208828060389,5.70391931973721,-19.2522100441132,-4.81653715684358,1.605292332368,0.82754904,-4.09034092213298,FALSE
3780,Gaia DR2 356451705402018560,30.3338012014331,47.6678636100284,0.45550933930347,1.83928695435341,1.19929011992853,1.51945217821039,54.883087,-14.6673075057536,FALSE
3781,Gaia DR2 356399719116723200,31.3765844466531,47.5102632313468,1.1370125807978,-0.780863321118904,-4.35061922312019,1.51435710064569,25.103104,-30.0339841180764,FALSE
3782,Gaia DR2 356389381133384320,31.2023105351237,47.2051484042946,2.58224735457886,11.8686946409769,-2.95678189283315,1.62816741574667,3.4625165,26.2136466296956,FALSE
3783,Gaia DR2 356478647733083264,30.3548828327938,47.8684705682189,1.60282351871178,-11.795063087226,-15.4501196881011,1.59700937271589,2.4205453,-88.593729094804,FALSE
3784,Gaia DR2 356520429175193088,31.218965326558,47.9706611944543,3.55876052505896,-19.1683035264067,-3.36360072703082,1.55745869009395,0.7411233,15.3671575399777,FALSE
3785,Gaia DR2 356417620540409600,31.0484704424613,47.7273157220375,1.44483233593548,-0.439579916587952,1.95601129850485,1.64582667707149,5.120607,-1.73562812228184,FALSE
3786,Gaia DR2 356398482166143232,31.4114654985922,47.4338495591091,2.64264346675721,-17.0441075777204,-8.82509366404318,1.63391629622346,7.692679,-58.5421660127074,FALSE
3787,Gaia DR2 356414871761341952,30.9536798600819,47.5717573658363,0.487744693206572,0.821091308461329,-1.75440667189241,1.47738350060881,19.86141,-54.7235910362876,FALSE
3788,Gaia DR2 356413256853637504,31.205424274879,47.6392699598706,2.08301096525782,-4.46265099718706,9.05059573805765,1.6330366239262,3.1203146,5.64765214805528,FALSE
3789,Gaia DR2 356489505411010560,31.4642068281907,47.4530363575506,1.63639900114624,11.0116416200193,-20.7307503054206,1.58089921733289,1.8546687,-24.7609855171978,FALSE
3790,Gaia DR2 356407175179950464,30.9558180028385,47.4201345019329,0.702354565593751,-3.0675754765484,-2.72305012860647,1.4958250002742,36.814705,10.7497156661989,FALSE
3791,Gaia DR2 356443738238995968,30.1611968858578,47.4981611997518,2.72185032138909,13.5007431995529,-13.847840784404,1.60325597123896,1.365553,-33.3889132837614,FALSE
3792,Gaia DR2 356391545796895616,31.4486981557333,47.2213444736387,1.16837953775323,0.896975704561153,-5.23990744708892,1.62668188281306,9.201147,-18.7264281756591,FALSE
3793,Gaia DR2 356410989110907776,31.1506228036193,47.5214268849448,3.84950416785712,53.3030965793373,-0.696945500698627,1.55807921304466,0.32304218,52.6758038776687,FALSE
3794,Gaia DR2 356412500939395328,31.1574114632511,47.5532097276875,6.24260271403077,18.9338674719986,0.621982547371524,1.62059909105543,2.1154008,32.73011825293,FALSE
3795,Gaia DR2 356449197141122816,30.3105548561864,47.5523716264796,3.90749193825472,19.3081387015289,-16.4880126220582,1.57245121628416,0.409245,-8.7693260197599,FALSE
3796,Gaia DR2 356448582962104320,30.2422197579971,47.4936502696012,0.79561803386026,3.95361946400493,-1.37442801678538,1.4844008894505,40.699776,-68.6443796456476,FALSE
3797,Gaia DR2 356432807545928704,30.4624499974303,47.3871860465529,2.06183675324867,0.531330644032668,-2.6373361764792,1.64097972636366,2.0534492,-9.37734432805853,FALSE
3798,Gaia DR2 356486928430001152,30.6017541441816,48.08666515555,3.2096122085437,-6.54981865086594,-3.47125203197088,1.52942890338657,0.2734643,4.0719204492244,FALSE
3799,Gaia DR2 356386112660337792,31.2794023285725,47.1631996912418,0.415736777096655,-2.56781005326119,-3.66526416166144,1.42890576574936,64.99792,-104.468440087052,FALSE
3800,Gaia DR2 356391820674799232,31.4143175518317,47.2437405552042,3.03101024115185,10.3422750126832,-14.6214370646261,1.59525313451652,1.0801172,-0.863129265199557,FALSE
3801,Gaia DR2 356473008439806464,30.5472348121879,47.6975054745296,1.693816793904,14.2027053190773,-8.00545578351943,1.6150787383392,2.3387876,8.09633887459044,FALSE
3802,Gaia DR2 356445731103825152,30.3469873860532,47.4676979427381,0.958867003207841,-1.93537343090938,-1.85203737991341,1.61070405706463,6.1933,-42.3835372831569,FALSE
3803,Gaia DR2 356463490792278272,30.9230288045632,47.7036308075845,0.912513259387827,-9.94467376151032,-0.326460483451098,1.52496231106642,6.6524544,-73.4639049685805,FALSE
3804,Gaia DR2 356388346043331968,31.0561010107222,47.1590589177056,0.746125151820123,-3.36236292207929,-3.13366589528568,1.51897032817946,33.791866,9.66656406952185,FALSE
3805,Gaia DR2 356385700343476864,31.3938407573665,47.1808024310525,1.46356636598625,6.83062902584769,2.14426085063756,1.6203060997138,3.7556763,-37.9763430100428,FALSE
3806,Gaia DR2 356461704084727168,30.9313739691067,47.5769866049284,3.00151163382264,-4.1090033509656,-6.61621518877855,1.60527390108661,0.8723403,-0.0564836567977949,FALSE
3807,Gaia DR2 356480331360470400,30.6688723307453,47.8894864860557,2.64462402679988,3.54798284937545,-12.3936630843073,1.59638861855271,0.98316157,13.3817903105088,FALSE
3808,Gaia DR2 356469130085765632,30.8724682320965,47.8458256790858,1.56275291389806,10.3054886986521,-6.66413369867877,1.51242907455986,10.400039,64.679276877903,FALSE
3809,Gaia DR2 356460879452163200,30.6281051237815,47.6581458183155,0.45719953861797,-2.10552498985091,-0.0856298288899484,1.51326473461102,45.299004,-9.86124517290034,FALSE
3810,Gaia DR2 356429753825731712,30.7355850949498,47.3972024323311,1.16734140400092,6.04527418709887,-3.7737189733977,1.62511835425859,2.5880573,-25.2951265991364,FALSE
3811,Gaia DR2 356469714201319552,30.7469759236468,47.8399152817494,1.05258830967511,6.72829381864081,-3.02888916146549,1.50698860472367,6.94649,-13.6061473481006,FALSE
3812,Gaia DR2 356510430491376256,31.146170347867,47.7086916971649,3.23469479841974,19.4697049618995,-17.9554897400604,1.58540260360571,0.863842,-11.895884287765,FALSE
3813,Gaia DR2 356378489096170624,30.7369944381193,47.1291445833349,2.12801941742806,-8.06689944422418,-22.642173640154,1.58794506620385,1.4513317,-52.1460368539477,FALSE
3814,Gaia DR2 356480297000734080,30.6691081628023,47.8698152751701,0.757675880131117,3.61050896767234,-7.71910417789506,1.50275776362799,26.586138,-31.2518280331319,FALSE
3815,Gaia DR2 356520527956815104,31.308262638477,47.9644804683108,0.532801304631545,-2.12664511619908,-3.29807281246291,1.49867057209946,40.028595,-48.3845422211551,FALSE
3816,Gaia DR2 356500844124596224,31.7780971399274,47.789471236977,2.65340080055108,-3.23149483190235,-7.2884765315981,1.63553496347499,5.734409,-35.6496462083342,FALSE
3817,Gaia DR2 356426760231982848,30.6189334505587,47.2048361080716,0.882013560557895,-2.20628967429311,-1.01752127986208,1.49965202779656,14.681665,-45.4159338162372,FALSE
3818,Gaia DR2 356523727710339200,31.8286928550686,47.8216738956081,0.539284692878916,0.822272565961632,-1.01116305494322,1.52699047661063,54.206905,7.16144595885682,FALSE
3819,Gaia DR2 356441779733931264,30.0898491570427,47.4297021690564,0.583250580616435,3.47583270943124,-4.40137640389481,1.49216286037827,44.97515,-21.424428555348,FALSE
3820,Gaia DR2 356373610013323264,30.6787691128067,47.1312920354521,0.668567747766788,0.192818017847776,-0.27546884223872,1.28284167670998,1740.4387,-13.281432656998,FALSE
3821,Gaia DR2 356423186819193984,30.3212009078609,47.1316781832425,0.609984614392427,2.00253544780488,-0.559905294091606,1.5285317136871,80.59104,-42.9947557542133,FALSE
3822,Gaia DR2 356424733007417856,30.4370896947733,47.2383227052981,0.789720699578198,-2.11521993741789,-2.72132135479168,1.51807351133569,36.217243,-38.1639764642223,FALSE
3823,Gaia DR2 356382470528051968,30.7936813157986,47.3517231939655,1.10797158378837,1.38915454221392,-2.60846778634855,1.65168875996431,7.4898567,-30.3281498142031,FALSE
3824,Gaia DR2 356469782920792832,30.7763565196551,47.8652368244986,0.52098282231442,1.41524667430883,-1.66349640922415,1.50907606291873,15.397436,-27.7320010526243,FALSE
3825,Gaia DR2 356440126170203392,30.128284556433,47.3327255570895,0.811334173544499,-3.64020017516564,-2.60983396318821,1.56708866464031,10.673734,-70.4848564263261,FALSE
3826,Gaia DR2 356386220037457664,31.2972180119559,47.1746955067875,0.632590533471512,-3.33119855735014,-2.49933055779301,1.55082968792409,210.31586,-28.4696362002975,FALSE
3827,Gaia DR2 356432811842219904,30.455269110578,47.3909753705471,0.469271449044085,-2.48494843291673,-5.08454916137321,1.46781501992644,22.739046,-80.1864725684391,FALSE
3828,Gaia DR2 356415563253705472,31.1113093543812,47.5811201354632,1.90418804589352,15.5508538369105,-4.44412310329198,1.60777025632758,1.9131252,12.2238960627917,FALSE
3829,Gaia DR2 356464521583281792,31.0220471157259,47.7292856579509,1.60037577292633,0.458271082444353,2.06314979723315,1.63527367025399,8.218623,-1.20127233810257,FALSE
3830,Gaia DR2 356393160704581888,31.4099275481987,47.3121874130439,0.54051101820542,-0.553436588919327,-1.71969330843805,1.52121650148219,49.651237,-43.3264846753705,FALSE
3831,Gaia DR2 356426416634594176,30.3858075378069,47.339217103636,1.10488920483315,10.5736659953785,-3.29373214775581,1.49777291468275,29.524193,-9.37316320827107,FALSE
3832,Gaia DR2 356417487399020928,31.0405631536165,47.7003434725714,0.721155896968407,-0.312105501709222,-2.90169054957657,1.51578450734437,35.188377,54.2259673655567,FALSE
3833,Gaia DR2 356501119002496640,31.7427576029984,47.8181887169449,1.70778079417394,6.20089672997197,-6.4743030616596,1.30250788257323,3.0568182,-2.95245360239969,FALSE
3834,Gaia DR2 356512212900135936,31.1369651463431,47.8310804777841,5.36885476078687,-16.977122792157,-25.9079490367925,1.64703409240068,2.5208232,-25.6298883491898,FALSE
3835,Gaia DR2 356515824970521472,31.3534547665143,47.8412880202283,0.576089671216663,-4.52742881820127,-3.16479332578361,1.48638855928884,37.697563,-81.0038373694495,FALSE
3836,Gaia DR2 356433666540201728,30.6420651715125,47.4305903327056,1.05738827017162,4.46831611190548,-6.77442624264006,1.63141624554102,2.5077693,-4.98076430088442,FALSE
3837,Gaia DR2 356481911908430720,30.7290110782094,47.9192786140777,7.72405442145153,25.3190269472772,-10.0937110260327,1.65037219922898,2.9368985,4.93292876390004,FALSE
3838,Gaia DR2 356406213107263488,30.8766868366952,47.3826325628077,0.463160600161292,2.7302295566834,-1.46866709888509,1.52239995602878,66.161316,-20.6997323426648,FALSE
3839,Gaia DR2 356465900270364160,30.9198807869919,47.8013992540046,0.403314487209518,-0.877743257379162,0.304011135898275,1.46177671160575,87.99496,-37.7998808263173,FALSE
3840,Gaia DR2 356397661828363392,31.2542269381448,47.4062458577309,1.19294894029103,5.33644622990479,-9.66674703462379,1.49734177442689,39.211674,-9.90365311541136,FALSE
3841,Gaia DR2 356500500527320448,31.670390077025,47.7417269616181,6.35776261359076,33.0458636569339,-25.9603629802777,1.65572177779336,4.192655,19.0614521931071,FALSE
3842,Gaia DR2 356460059114885248,30.7725974517256,47.6307260090301,0.433151462542149,-2.94756182159452,-4.22097741279404,1.49389769625249,31.56154,-13.837163278783,FALSE
3843,Gaia DR2 356519806402309888,31.344373833823,47.9514397424891,0.557426777253103,0.276855140950133,-3.49125922369228,1.51313549570133,35.971157,-38.8282327264048,FALSE
3844,Gaia DR2 356417895419487232,30.5166491663031,47.0238646639161,1.89384229937456,-2.64780856971441,-0.158193396322732,1.60114984484309,2.8288841,-2.65591571068105,FALSE
3845,Gaia DR2 356396974635531776,31.2665284214684,47.3625925524819,1.56443105548999,-6.09523071442989,-3.82503034484314,1.63134596902239,3.4116297,-13.9640864299653,FALSE
3846,Gaia DR2 356394947410967168,31.3981202169536,47.3512515653206,1.31592416392681,-3.2962232206351,-10.783123561243,1.51378462752573,3.9438307,-50.3361837169974,FALSE
3847,Gaia DR2 356476723585424768,30.3685093962074,47.7937447046579,0.640389733900483,-2.38974368221178,-1.72137369585813,1.52019881902155,46.599518,-37.8008711277433,FALSE
3848,Gaia DR2 356460643230443776,30.6406980996697,47.6245110030911,0.351831978484991,-2.58300240636967,-0.736249266940458,1.5225300616605,51.868435,-2.30713983739116,FALSE
3849,Gaia DR2 356522559478946560,31.3118610738903,48.0579297985043,2.8873452804777,12.576973103912,-0.703535172084131,1.6417387628555,3.465522,-4.65751442391988,FALSE
3850,Gaia DR2 356380172723326976,30.7384370563706,47.2230548100591,1.75426066964445,6.73586151079089,-2.55964400304237,1.59190716929131,3.552315,-30.1991465412856,FALSE
3851,Gaia DR2 356493628579608960,31.3686368156578,47.5243207601007,2.79022329731431,-13.2697812032603,-1.93951406706243,1.62313483524324,2.3658223,-21.7740303722407,FALSE
3852,Gaia DR2 356454389758113280,30.7043966796311,47.4738938912848,1.65932138228069,-13.5622861899113,4.85702586355505,1.63343501748863,4.3445005,-4.43469443525952,FALSE
3853,Gaia DR2 356437141169286912,30.2353756980308,47.3101368695918,2.369923665147,7.25452113406136,-2.279595098713,1.58618911597804,1.5485504,3.59308463657053,FALSE
3854,Gaia DR2 356497751748181888,31.6988275336947,47.6564004247391,0.889260587578958,11.0098384262261,-10.4772067875319,1.55788144917399,3.561037,-25.7879631053213,FALSE
3855,Gaia DR2 356490433123939072,31.6743386081184,47.5053919100472,0.24707474115273,0.413312673761143,-1.42361978068069,1.47101950864511,91.29117,-69.6228376449186,FALSE
3856,Gaia DR2 356388797017644032,31.1526324870715,47.2310361340512,3.82014115785621,-24.2271046570967,-20.2971424778664,1.58408940617268,0.673209,9.34009692172836,FALSE
3857,Gaia DR2 356499126137709568,31.7683606267452,47.6736669673767,0.467488656605497,-1.39008067398867,-0.414675612703255,1.47511086122507,153.52835,-39.306871491406,FALSE
3858,Gaia DR2 356411955481432832,31.258171575695,47.5490713535626,5.60590710221512,156.811652261988,-49.0865935915694,1.59916111237225,0.76110244,14.9906557607878,FALSE
3859,Gaia DR2 356497648668962048,31.7594142207577,47.6672002762816,0.229828477878341,-2.14155378039461,-0.0330334786170872,1.34996283720768,1652.6985,-67.5412948412378,FALSE
3860,Gaia DR2 356434151872210688,30.6014188980248,47.4923940511469,0.341424649742658,-0.82928459671107,0.63180629615467,1.49924365648483,70.905556,-33.363133907085,FALSE
3861,Gaia DR2 356414910418680064,30.969667799349,47.582800321974,1.832966826442,-7.29587471061728,2.08421938143925,1.63489055261815,2.631668,-18.6456666192688,FALSE
3862,Gaia DR2 356508746864445696,31.3782242758274,47.7413989336985,0.697348657866136,0.141791173187032,2.87296964694455,1.60418125035747,5.003173,-80.5606791220804,FALSE
3863,Gaia DR2 356429032271259904,30.6721565862996,47.3115729685245,0.360243806640242,-0.769275225503748,-1.58509051414911,1.51170483154432,41.77066,-51.317605979276,FALSE
3864,Gaia DR2 356482324225288832,30.7372271306177,47.9437832757776,5.46718890739505,-15.3731910851797,-23.1497884562207,1.68153800535755,5.9156194,-22.9371824430977,FALSE
3865,Gaia DR2 356464899541575680,30.9992053447656,47.7679897648845,0.46340919148916,1.71194886716639,-2.44697331832591,1.49522938086662,58.30759,-2.7858659021528,FALSE
3866,Gaia DR2 356381100436245632,30.8911506665586,47.2666746405536,0.773304610535757,-2.96495735188944,2.4885420183654,1.49967406201514,55.012157,8.07288640635821,FALSE
3867,Gaia DR2 356435453245789440,30.2786166662897,47.2194396217775,0.60023459282229,-7.35727862760241,1.55481845640885,1.51902194764021,55.34009,-59.6621411420315,FALSE
3868,Gaia DR2 356435423182397184,30.2767100499855,47.1950512091062,1.25623412228139,5.98532958611314,-5.33529108928611,1.47939039574751,40.88604,-14.6876397121827,FALSE
3869,Gaia DR2 356506410402259200,31.3474367286452,47.6510161939073,5.01763072034817,-29.2118862185573,-1.14280710728241,1.61623692233296,1.4803612,-14.3571062156446,FALSE
3870,Gaia DR2 356476002033254656,30.3341835668193,47.7288160480261,0.53833393836051,1.92753510519242,3.24961973622604,1.52903439237295,48.267403,10.3233233428464,FALSE
3871,Gaia DR2 356404774295968000,30.8866057298919,47.3019072085102,0.570968368966431,0.293586025980931,-0.310279121937423,1.52451174438551,71.319176,-23.6487029620236,FALSE
3872,Gaia DR2 356453840002302976,30.8039739820292,47.4585652033573,0.446259523582824,-1.34197626332348,-1.61778688945179,1.47859822612407,159.20279,-39.4642321206504,FALSE
3873,Gaia DR2 356514759818641664,31.4354669889254,47.797531552709,1.03122456367387,-1.00041999349676,-2.9775084675311,1.5074286752687,50.539574,-23.5212435724555,FALSE
3874,Gaia DR2 356412092920385152,31.2716024947559,47.5728312217016,2.37771832530672,-6.6661817205527,-12.2918370554899,1.62253881207106,7.8680706,-50.1475750545664,FALSE
3875,Gaia DR2 356506818421220096,31.2341971576045,47.624661107055,0.357763644924004,-2.72794297473816,-2.33916264707843,1.47682636559744,66.25196,-29.3744785358419,FALSE
3876,Gaia DR2 356377217785836544,30.9185061122693,47.1645276183308,0.508416164781124,-0.813704847045525,-1.0471136266768,1.51999584309124,45.115417,-8.51847522311915,FALSE
3877,Gaia DR2 356401132163706496,31.0496773592666,47.2745716173327,2.72102932265667,-8.37328008969942,-27.4095344492343,1.51792100409876,4.066197,-61.5612760993091,FALSE
3878,Gaia DR2 356496205559957888,31.4476374258317,47.6694812892,0.441354936136316,2.51899988457608,-0.588232288614866,1.46209241277144,214.52202,-37.2904517837542,FALSE
3879,Gaia DR2 356370964313509248,30.6087977909593,46.9801252352301,2.8173559926658,8.79020139560672,10.7233939011565,1.53748649454283,0.92399323,-24.4872900126325,FALSE
3880,Gaia DR2 356488848278056064,31.6256681765404,47.4706450041167,1.30578524440691,2.22348050303951,-2.87506388795502,1.64404724149916,4.688344,5.49939716505396,FALSE
3881,Gaia DR2 356482461664240640,30.757097750759,47.9711364384658,0.473694450034719,5.57863016746154,-3.87748170992688,1.44235716977379,153.61864,-8.8572552870685,FALSE
3882,Gaia DR2 356383196380496512,31.3524831046385,47.0473230781549,1.09708542751408,4.10033497251034,-7.43410003687738,1.51574087101067,53.453957,-38.4533749180397,FALSE
3883,Gaia DR2 356489879070206464,31.5722229266839,47.5111089111761,1.33583808613738,-0.92272987040092,-9.4104314189959,1.59495086975343,5.24275,-17.216804042065,FALSE
3884,Gaia DR2 356503043147858560,31.5791696743526,47.7823438005088,1.44123215840411,1.50491875489619,-14.6285895027339,1.59107894777305,2.4536266,16.3595208400409,FALSE
3885,Gaia DR2 356503180586812928,31.5198621930944,47.7863768770074,0.538997237169648,6.60064704054727,2.83710193460817,1.48592849389204,19.614101,-26.7332286317113,FALSE
3886,Gaia DR2 356418861788519168,30.439860683594,47.0297570311885,0.499513050502995,5.31813543592458,-6.88433193040328,1.50094300510813,18.100061,-60.2903851371658,FALSE
3887,Gaia DR2 356491597057124096,31.5906757845232,47.5581584256732,4.27003201427683,48.0084891533468,-45.5704657226098,1.59449951656308,1.1063302,44.1344744489034,FALSE
3888,Gaia DR2 356460059114888576,30.7686072888276,47.6192454109627,0.534458054047695,-4.48184932714888,-3.54006206270353,1.50256357633566,71.77615,-71.7797339394807,FALSE
3889,Gaia DR2 356414635540774144,30.9953654609927,47.5743955172545,0.527454224070968,-0.437767739676101,-2.59988921122086,1.51814529635891,48.876774,-18.2062912140679,FALSE
3890,Gaia DR2 356453736923090944,30.7898681769926,47.4537416775207,1.07386361494794,5.08202208553411,-4.22303446983766,1.63484797723735,5.630224,-19.4644827570015,FALSE
3891,Gaia DR2 356496441780230656,31.5001362803354,47.6980185662319,0.439752724400172,1.62745385498618,-0.546206655896638,1.50704362442962,48.788055,-54.2451869052423,FALSE
3892,Gaia DR2 356404976156683264,30.8850815618678,47.3255943562774,0.602381987330241,-5.70979244564387,-2.75082656651745,1.475743171911,26.075842,-80.7941823009916,FALSE
3893,Gaia DR2 356422332122090240,30.4048015344244,47.1233793220761,0.479690736927999,-3.36960290205989,1.59860947910545,1.43066033363762,618.6704,-45.1597318619987,FALSE
3894,Gaia DR2 356481911908430848,30.7244898078714,47.9192343196402,7.73641729469645,25.826366353619,-9.74923103101062,1.43013714180295,0.10367014,6.91673671262912,FALSE
3895,Gaia DR2 356395428447431296,31.4475017962421,47.385746086516,0.328661324458313,-3.23814793509735,-1.88560476170388,1.52578824034244,49.200237,-35.9767449494192,FALSE
3896,Gaia DR2 356500461869618048,31.6894029368325,47.7522515228937,1.26324991911009,9.65849838049869,-5.71111506027611,1.51567110302531,37.927147,6.24266221621772,FALSE
3897,Gaia DR2 356515103416014976,31.4745989420733,47.8333463360298,0.604044929490667,1.99316992244712,-1.63915601490512,1.49722294007053,20.373993,-55.3309664604868,FALSE
3898,Gaia DR2 356387628786733056,31.2367204518798,47.1616569513529,0.354476000829343,-2.63090363338975,-1.12348046690371,1.44103714643583,57.650166,-50.6445709555916,FALSE
3899,Gaia DR2 356521597406670208,31.4221104678751,48.0072854587364,0.310678279092019,-1.25416641621403,-1.58490610290189,1.454211262861,619.18713,-35.5649695321045,FALSE
3900,Gaia DR2 356433430317504256,30.5364057074447,47.4044835661464,0.46123614065792,-3.16632887288467,-1.3757093456029,1.51310047155483,41.36369,-70.2475586251101,FALSE
3901,Gaia DR2 356508021012060544,31.424887061054,47.7007273153699,1.07787565205948,4.92678905399524,-0.0452762457649144,1.59085442259775,7.668714,-11.8799590003432,FALSE
3902,Gaia DR2 356464903837955200,30.9824358985582,47.7724010246685,1.1098809193525,5.02685418425872,-0.845552675913924,1.4888460630587,40.510178,-48.2066568962672,FALSE
3903,Gaia DR2 356503760404498944,31.6299105133145,47.7944607772116,1.98129115220455,-17.2125060244207,-8.21956126221967,1.49209566326604,12.163511,-73.7571947735294,FALSE
3904,Gaia DR2 356502867051302400,31.5008371942825,47.7791208339827,2.73358370452532,44.4024564808745,0.53594879891374,1.59026804154243,0.76113284,20.710387979682,FALSE
3905,Gaia DR2 356502282935750016,31.5909460128737,47.7812030232716,0.611509167944759,-0.554884464163447,-1.58517359871821,1.50961473113141,38.560352,-20.9093272383263,FALSE
3906,Gaia DR2 356514278782041600,31.1783023440116,47.9106255225448,0.97195595924289,15.8603705144367,-8.83264074855057,1.51163216314961,53.35979,-8.69740159342459,FALSE
3907,Gaia DR2 356519329663808768,31.2946144194492,47.9289317052341,1.86731912394924,-9.77218727470654,-20.0097455751348,1.5853547625876,2.5686264,-2.67596934647753,FALSE
3908,Gaia DR2 356508643785223680,31.4378906383264,47.7559829779006,2.90705507960877,23.5333245936481,-10.3116177279069,1.52616557563529,14.010923,4.53855958836638,FALSE
3909,Gaia DR2 356426966390411648,30.6101584279128,47.2386064915114,5.03702919354687,26.2578015911703,-6.44262988530973,1.48991937527132,0.37446523,-16.0814143099826,FALSE
3910,Gaia DR2 356520424877599360,31.2389680282985,47.9711705637818,0.362992768915687,7.20493963410922,-3.63059127482275,1.44547381355022,213.99104,33.1993646551475,FALSE
3911,Gaia DR2 356420987795938816,30.5152737843877,47.1243210851647,0.595359701298276,-3.80498553527467,0.467741829907588,1.52016283994112,27.530458,-14.1218551683265,FALSE
3912,Gaia DR2 356486924133838464,30.5998967206148,48.085316537086,1.37388981787582,-5.54112051000051,2.71003226003899,1.61317786534882,6.029731,-7.58444768270571,FALSE
3913,Gaia DR2 356423015020501504,30.3740636103342,47.1824687940758,1.45584446672666,-7.21455775198416,-4.8448768445496,1.54630569971234,2.3505049,-13.3278539659635,FALSE
3914,Gaia DR2 356484106635294464,30.5240736025188,47.9156466542939,1.10761791259904,-0.245766269832893,-7.2354450399364,1.60093831090696,3.6630113,-39.4857756916703,FALSE
3915,Gaia DR2 356519222286759680,31.291928284745,47.902876171101,0.735530914649191,0.434348788353983,0.385656112309571,1.59628082664452,11.621291,-24.8833186360148,FALSE
3916,Gaia DR2 356446929398390656,30.4769330418466,47.5490993937659,0.511299941123897,0.356878896937991,-2.71426564313282,1.51789013834436,17.910301,-41.8120104785982,FALSE
3917,Gaia DR2 356519119207545600,31.2851268564593,47.8878192416262,1.42913645681648,9.64573023491826,7.52225587225845,1.59642457719554,3.9426994,32.2450756211309,FALSE
3918,Gaia DR2 356515477075279488,31.449245074635,47.8712694127771,0.414214794916886,-4.57979435548183,-1.60745704579043,1.52315402063865,59.112263,-37.021625733179,FALSE
3919,Gaia DR2 356484317089900928,30.5593080377174,47.9371312178747,2.58190385863003,-5.56260638052641,-2.8052138844508,1.62488363721291,3.2739842,-11.8209770879498,FALSE
3920,Gaia DR2 356405805088099456,30.859828961064,47.3570308906015,0.302681071052474,1.26720685319609,-1.2943328438807,1.50593939689108,115.92217,-14.5228366572491,FALSE
3921,Gaia DR2 356517302439237504,31.5467161964442,47.9338974029203,0.280616142701604,-1.68324704846757,-1.00297633971986,1.50666208089166,62.677696,-58.2860171098291,FALSE
3922,Gaia DR2 356514205764957824,31.195308113249,47.903208071599,0.462274556200297,-1.34827443775899,-2.16781109659108,1.52571693764455,40.44312,-63.6865455864666,FALSE
3923,Gaia DR2 356472561763207168,30.4775497798781,47.7267592672836,6.67647656908073,60.8947013829077,-17.4733353694886,1.65509293818901,5.6824503,16.703579825554,FALSE
3924,Gaia DR2 356387658848564096,31.2033127765056,47.1697899760563,0.467276884793807,-4.00631873871301,-3.88260519166136,1.48627729031355,51.834118,-67.5752307753769,FALSE
3925,Gaia DR2 356432429588806912,30.43823882076,47.3834209739217,2.74269555776822,36.5366990458672,-4.214244798932,1.58724608195548,0.6896897,52.7258545436698,FALSE
3926,Gaia DR2 356374430349293952,30.9611716360464,47.068601010595,1.32072616711044,-2.32447173210777,-1.23450137204719,1.6294349718261,5.879497,-59.63981057947,FALSE
3927,Gaia DR2 356415013497897344,31.0092413047373,47.571024032197,0.724383431346283,-9.63574483096073,4.94498346653754,1.6187911553512,12.145785,-75.4144347026301,FALSE
3928,Gaia DR2 356434220591478144,30.5388500143924,47.4316862230546,1.53479911183363,9.58104390606335,-7.57537664772322,1.50494582343033,58.36225,-7.19290753634622,FALSE
3929,Gaia DR2 356470878136030464,30.5034196618176,47.6214457548844,1.73723869500406,1.37401630174189,-8.90831341495405,1.58600907359603,2.5579853,-45.9832718872538,FALSE
3930,Gaia DR2 356434078856243712,30.6067326039375,47.4836805745184,0.473679777369034,1.26240057841351,-2.70975957064645,1.51373891216964,42.56332,-62.8588622603836,FALSE
3931,Gaia DR2 356417865356374656,30.5475847896439,47.0069697871655,0.629638182338176,-4.2472073679773,1.38664194363299,1.48424188634679,272.10498,-44.4706647342958,FALSE
3932,Gaia DR2 356457928811140224,30.6838836772716,47.5325929139916,0.871061183369951,0.824838814566496,-3.9795633084361,1.62848505346357,20.131784,-14.9042424708481,FALSE
3933,Gaia DR2 3564247918473953792,166.330173348139,-13.4927870183773,8.0779169042268,-67.3927515693526,46.2553152976157,1.5060823137566,0.25034478,19.7870530749492,FALSE
3934,Gaia DR2 3563789417829143296,163.825028072302,-14.5213313172986,7.09574811535463,-38.7051991772001,-1.83558388822674,1.43256803225087,0.22091462,-2.78053778384292,FALSE
3935,Gaia DR2 3564165588245525248,165.696161302726,-13.5044500623096,4.20094961614834,-31.4134378846064,15.046264106039,1.56091178009899,0.32227308,-16.6590491859206,FALSE
3936,Gaia DR2 3564085014659064832,166.365320199474,-13.8839240158993,3.4155439316267,6.0528369308536,0.982003473637964,1.64463310986974,4.6693525,-14.1084141785751,FALSE
3937,Gaia DR2 3564297018540120960,166.661637771214,-12.9513408337956,1.20932063913856,-28.0057684484764,6.75712065969075,1.53487923100098,14.099173,25.1425364478625,FALSE
3938,Gaia DR2 3563950152685205376,164.698632090037,-13.9019816314515,1.31803511881397,8.72841267006143,-14.5876246670108,1.60477068355295,3.224456,30.9032573428456,FALSE
3939,Gaia DR2 3563951527074739840,164.757892384421,-13.8852382545053,2.65894733335741,-23.3686751232033,-8.46145063675668,1.59761145457467,0.99975926,61.28202718043,FALSE
3940,Gaia DR2 3563793540997751680,164.201737131437,-14.6247178570551,10.2850194763505,-52.40284368708,26.1716908621181,1.54185541416103,0.2682544,21.4976292809408,FALSE
3941,Gaia DR2 3564228195984251648,167.246189483525,-13.1681983736331,1.07060136501849,-4.19077978888426,7.63756409239416,1.54605376207119,61.153824,-0.815634743457231,FALSE
3942,Gaia DR2 3563866353579101312,163.727512827295,-14.3117770904898,1.39622967712087,-34.9584703590399,-1.48077507800797,1.50633862910433,24.543434,35.4064391061416,FALSE
3943,Gaia DR2 3563940428879885568,165.096976516996,-13.9189702306064,2.02939372815303,5.91920911137608,-24.0339537802964,1.59576995340238,2.5911865,-19.6775340253481,FALSE
3944,Gaia DR2 3563931632786865280,164.921161059461,-14.072650710627,0.234017264648604,-6.42738020118501,-0.982953674824895,1.38909636355625,1346.1659,120.201557767311,FALSE
3945,Gaia DR2 3564173082963900928,165.908647629909,-13.4214202596717,0.566250710875612,-12.1334089843133,3.60301328511005,1.51676305348724,58.360943,14.2929180062319,FALSE
3946,Gaia DR2 3563955688898251776,164.716111791828,-13.7891535619736,1.09984570819606,-0.05178471785964,-5.67301492358292,1.50819301433333,44.525093,-16.6021536858416,FALSE
3947,Gaia DR2 3563964858653863552,164.869573899684,-13.634083451817,4.96140052631539,-10.7942192187696,-13.9302534340019,1.50345088391023,0.20084533,13.1336520428224,FALSE
3948,Gaia DR2 3563963827861712640,164.908437529104,-13.6622093532509,1.30264514480753,-10.7008788234411,-5.12801829067795,1.60026756355483,6.4891205,24.8671506991246,FALSE
3949,Gaia DR2 3563938401655322368,164.838886551193,-13.953114629566,1.42762251262779,-30.4777749737934,0.0380263944650829,1.58974988462136,3.2046595,-4.7684681533435,FALSE
3950,Gaia DR2 3564165592540903040,165.689817666709,-13.5064154650701,4.20949352414515,-20.9307720821028,-12.3589120377862,1.64321202116896,4.359704,34.821213983646,FALSE
3951,Gaia DR2 3564116320676102656,165.816049584416,-13.9201822763298,1.39704466823731,-20.8720014624351,6.28510221114303,1.54218798979896,5.475223,86.3702568831791,FALSE
3952,Gaia DR2 3564161194494390912,165.790987058874,-13.5811266096388,11.0447878180823,-124.644339347832,87.6079757607043,1.55016911879838,0.3265361,-0.214437498985625,FALSE
3953,Gaia DR2 3564066842651970176,166.033494330318,-13.9568677157585,3.78318693628502,-42.8996355259957,4.88854426688112,1.65692284804202,3.3751361,8.47526080162598,FALSE
3954,Gaia DR2 3564170093666662144,165.902237636475,-13.4349375488471,5.84023498349396,4.46619825064103,-5.89609636889961,1.54385628398923,84.69038,-5.20701613680745,FALSE
3955,Gaia DR2 3564137864232033536,165.531729714227,-13.737503537928,3.8117238002946,-6.98398019678214,-18.7942076392077,1.61728584069665,1.5436363,15.7194549580635,FALSE
3956,Gaia DR2 3564133053868659968,165.608147111937,-13.8246056518095,2.85166703891918,-12.2957330782573,1.18697175146115,1.54743277827187,0.6923226,-46.4484408936863,FALSE
3957,Gaia DR2 3564115221164444288,165.598232276799,-13.8824197197171,3.41287846571354,-46.0209647903911,9.53842285437413,1.59928655040254,1.2497269,8.4199040077468,FALSE
3958,Gaia DR2 3564168272600527744,165.974082560646,-13.515250351666,4.61136808501398,-39.9773472997167,16.4050935217312,1.59984104363337,2.6309147,56.9417086375906,FALSE
3959,Gaia DR2 3564266915114036992,166.115791652589,-13.2708642981643,1.41681422490731,-36.3014846929092,5.57741371290289,1.54122533563767,8.35714,62.4134132956855,FALSE
3960,Gaia DR2 3564008912133628928,164.509193427742,-13.6196201238648,6.38626922562151,-49.7428246836797,21.6756634632528,1.6308997000244,2.460783,-4.23916078597959,FALSE
3961,Gaia DR2 3564188201248749312,166.893592499841,-13.5915909683776,3.51253293407696,-71.7853169383116,-8.70272465489415,1.56927193179733,0.79146636,20.607545449837,FALSE
3962,Gaia DR2 3564033307547876480,164.410669544409,-13.3776733073899,2.58398661579186,-1.63672961603442,-2.6344838144627,1.66918798421022,3.0013993,-3.57171943256712,FALSE
3963,Gaia DR2 3564155009741515520,166.025221740011,-13.5989770685736,0.758097426301596,-7.54163378122857,5.63449581306696,1.46130229433532,504.2879,5.53150071182574,FALSE
3964,Gaia DR2 3564033410627091840,164.444825804696,-13.3914963157225,5.91067425218607,-73.0222313787406,-24.2733971548569,1.48992235914622,0.13161992,-47.4443281649347,FALSE
3965,Gaia DR2 3564150061939189632,165.942243286533,-13.6041311080726,4.33785587504243,21.8253431014116,-45.7306327209812,1.51690184482521,0.25222787,4.76169522184291,FALSE
3966,Gaia DR2 3564273958860401408,166.278977680178,-13.2182634285064,6.52189070014972,-80.0288776855114,-68.2997465968596,1.50237633238236,0.20199901,13.5316540394831,FALSE
3967,Gaia DR2 3563819276441779712,164.292803658572,-14.3369424399242,0.979568686260492,-7.36163433515484,3.05951713518019,1.58387043081745,7.9271307,-6.52531007423366,FALSE
3968,Gaia DR2 3563849792184395648,163.33881262547,-14.4283223349657,4.66013234413061,16.7710005818562,-33.5761751194048,1.60416909575022,3.1100912,10.6395043379877,FALSE
3969,Gaia DR2 3563979083584911488,164.265792281603,-13.9056212896003,2.08372900463472,-50.2248686048,-6.81311987665283,1.54771104639978,7.514406,49.1504288014407,FALSE
3970,Gaia DR2 3564149404808755712,165.885454004841,-13.6623027765541,1.73262634334878,2.28810736026498,-14.1129985661974,1.58787433512579,3.601788,42.8243787257162,FALSE
3971,Gaia DR2 3563816944275395712,164.248023539152,-14.412546193438,1.16675135230342,-12.082902305312,-3.69176017769067,1.54032519049223,18.394712,-6.91529281018985,FALSE
3972,Gaia DR2 3564258187740491136,166.44777994319,-13.2663299039294,1.38134362623106,5.65555105912069,0.633650051735672,1.53302408378134,8.91605,53.6387702779993,FALSE
3973,Gaia DR2 3563804231172196096,164.205803405556,-14.4967597485026,1.37827353488012,7.84181198870585,-3.62585970929871,1.61604867390387,4.467194,-2.31779680529549,FALSE
3974,Gaia DR2 3564287015560206848,166.589328326104,-13.1286550771374,0.439265894362468,-6.69042274863294,6.66844742145138,1.52504080687837,24.009459,-11.0126007746812,FALSE
3975,Gaia DR2 3564178683601216000,166.662044143152,-13.7537960048655,2.91985017610935,-33.0877474434859,-7.73265845500503,1.64388064634525,2.4738872,33.4915499599415,FALSE
3976,Gaia DR2 3564142640235698048,165.958165897889,-13.7768715792111,1.400516218336,3.9727449825552,-39.3016466047218,1.55437560955701,50.371853,10.6020743311366,FALSE
3977,Gaia DR2 3564069552776792064,165.942251934618,-13.9661073289668,2.14393488989658,-21.1770191001051,12.8983503109081,1.63221706704348,2.4879875,37.0622976206798,FALSE
3978,Gaia DR2 3564212493583777664,166.987322310022,-13.5025306342266,1.91536994151464,-23.6532166082369,5.81592462460095,1.5644094001554,6.65247,-0.118972983566554,FALSE
3979,Gaia DR2 3564099965440727424,166.386648701808,-13.7720219540538,2.40524653393,22.0774003294446,-11.6189732355563,1.60968144615346,1.5325612,-1.85009775759673,FALSE
3980,Gaia DR2 3563817322232518912,164.216201491023,-14.3706058405706,0.963938153280085,1.62513410464293,2.70153667063874,1.63172843117452,4.9189296,16.3579274364664,FALSE
3981,Gaia DR2 3564078142711392640,166.298030761124,-13.9694084443115,0.384651241675583,-7.96197415256272,3.04549974097826,1.52699460834349,78.50156,-30.801682830703,FALSE
3982,Gaia DR2 3564232216073595520,166.87289400053,-13.2944294666735,3.797146924065,-30.7449220427045,-8.863715105011,1.59496526182719,0.83885163,-4.78865103951767,FALSE
3983,Gaia DR2 3563819246377870464,164.330981934465,-14.3123195476117,2.72080895728041,-10.2470073156516,-32.7750891427013,1.58220249895596,0.707376,104.407125213544,FALSE
3984,Gaia DR2 3564085633134355584,166.328613938287,-13.8869529583332,6.23190130547871,16.0245411552136,-14.1457519897988,1.60329009632963,0.3433848,-5.09708585632476,FALSE
3985,Gaia DR2 3563895074024610816,163.837564670884,-13.9030528836325,3.30913237206174,-13.4830260332587,-5.48866890202406,1.62013805546987,0.7955116,21.326670257339,FALSE
3986,Gaia DR2 3564167718549303680,165.798498452465,-13.4416815398328,5.85096279588005,-122.237566187654,7.68485879566813,1.56155568522284,0.45171744,-18.0572301572913,FALSE
3987,Gaia DR2 3564166722116891264,165.779641098657,-13.4893166725567,2.16341339073824,-30.3385052048404,-1.08631539560298,1.65133686580917,2.375124,7.80251412358755,FALSE
3988,Gaia DR2 3564293788724745344,166.873104668173,-12.9827933431618,5.76098841350169,-71.6001504410406,-39.1143869784771,1.54543120229673,0.37810388,2.36636341750824,FALSE
3989,Gaia DR2 3564298049332264704,166.827126846764,-12.8945836559742,2.1625377832085,-44.3638135843201,-13.7229729466007,1.62720476564552,1.7157389,-17.7147260138023,FALSE
3990,Gaia DR2 3564175380770967168,166.003062791578,-13.3409966527667,3.15284538778006,-11.5490187923181,-4.66470021486379,1.60447481599138,0.7176166,32.7625744972063,FALSE
3991,Gaia DR2 3564207580141166976,166.73815362441,-13.3381513704809,4.17466444204159,-0.170175838982307,-6.18003577429695,1.55710189807751,0.34543747,-22.7730080898475,FALSE
3992,Gaia DR2 3564076394660190592,166.254522156378,-14.0253303536284,1.27184131893914,-10.1115637597678,-5.47298867899504,1.63076217730965,5.337847,-7.91982998415908,FALSE
3993,Gaia DR2 3563905832918580864,164.66727659249,-14.2183662472616,3.43073689519448,-42.751336397066,-13.4134419345324,1.58349524296017,0.70751804,29.7273314762794,FALSE
3994,Gaia DR2 3563935932048676864,164.818372533016,-14.0082048324346,4.09817921753942,-31.833046475974,-13.8486054889034,1.62016894118666,1.7907184,28.6723927516156,FALSE
3995,Gaia DR2 3563907104228926208,164.861510525699,-14.1716049752989,2.73947773368994,-11.1207721125222,-2.40836452538427,1.54520757057532,66.782166,-9.09715333480856,FALSE
3996,Gaia DR2 3564157140045339136,166.126491016353,-13.5291903354708,4.13216428192945,-44.8588206594691,5.16895371752917,1.62849649684277,2.2143035,32.6554995090842,FALSE
3997,Gaia DR2 3563908822215818624,164.627643371369,-14.2100084444003,0.422655250111721,-15.6575307638667,-0.1939720307842,1.47067408064239,346.35648,153.318484967183,FALSE
3998,Gaia DR2 3564018807738274688,164.377123434166,-13.6600752939633,0.377291178207578,-2.78576564410518,-16.3210859063691,1.49187916046647,141.03654,231.50851771474,FALSE
3999,Gaia DR2 3563899545086455680,164.59713245213,-14.3024620156046,2.54782908651661,-0.46042390744344,-17.6043368241113,1.58117838125633,2.714573,-0.0261341203825864,FALSE
4000,Gaia DR2 3564008740334934528,164.475955151064,-13.6470847289297,4.18608608653961,-64.1957327463046,18.7878860335545,1.56214106594606,0.39130425,-9.31686527659062,FALSE
4001,Gaia DR2 3564178717960923136,166.67654164275,-13.750331832151,5.3610994198075,-56.6935992984464,-18.5650108442113,1.80095751308671,0.20056725,34.3017711612964,FALSE
4002,Gaia DR2 3563787734201967360,163.821446250996,-14.6172538158519,0.520638461128749,-1.91575809506042,2.02591099578687,1.56459480619918,39.698074,31.1095921824158,FALSE
4003,Gaia DR2 3564291417902795264,166.856790078069,-13.0572914103244,2.88668015456681,-33.7918297089372,10.2372455494551,1.6026054151783,0.894523,42.435027035762,FALSE
4004,Gaia DR2 3563895490637325184,164.520567289531,-14.4582206683983,5.85660993603587,-35.8103322719698,-5.20127391493564,1.62996464557364,1.9374272,22.1167873246728,FALSE
4005,Gaia DR2 3564119821074023296,165.67144354381,-13.9033375263179,2.56686764376727,-2.8297543918716,-1.07175430463145,1.62442264335623,1.5719856,-4.52014839050917,FALSE
4006,Gaia DR2 3564117003575477760,165.768931841894,-13.9234378485629,1.91672567289427,-17.5926837176655,-11.317952768964,1.60373020215726,1.5745642,19.6889354390055,FALSE
4007,Gaia DR2 3563903805694039296,164.546609254603,-14.2208680963239,1.21135688978899,1.35008746717097,-13.6267015683087,1.6463752723615,4.309078,0.410407743874934,FALSE
4008,Gaia DR2 3563934145343025408,164.946257551587,-14.0084675435582,7.53013487239271,-58.7381217249861,-7.0903625949447,1.61190300339918,2.8086698,10.1821469489833,FALSE
4009,Gaia DR2 3563918850963558912,164.191268817944,-14.1773777209717,1.49824492120788,1.31358319721628,-9.86598607412658,1.62727872261799,3.6533113,-15.5017855405814,FALSE
4010,Gaia DR2 3564228573941345280,167.124221970669,-13.1956693070397,3.45782923371288,0.513648561097038,10.2496218369309,1.58068172438984,0.6567245,-0.367615420306759,FALSE
4011,Gaia DR2 3563932564795058816,164.875552573382,-14.0517952436141,1.03085712540442,-14.3870961894086,-8.5129661718438,1.652461227889,5.8350544,16.5080681963579,FALSE
4012,Gaia DR2 3563794473006493824,164.103312067325,-14.6787021314753,0.697515548292576,-10.8934141657742,-1.69513714839758,1.47249869943634,7.829698,-32.121304799424,FALSE
4013,Gaia DR2 3564078662402930432,166.372325893775,-13.9377347180304,0.489177182471391,-7.86554776286571,-0.76919529832076,1.5070777812024,24.22932,67.5539688993713,FALSE
4014,Gaia DR2 3564003036618403328,164.537390758413,-13.7377438948092,0.849575980555167,-0.206813396262009,-3.66543277119496,1.54692381415758,7.213723,13.9766819872014,FALSE
4015,Gaia DR2 3564002005826251520,164.570478591809,-13.7686140120819,2.99476152281184,-46.2493858991096,-8.4074170687944,1.59675777009033,4.260433,25.9560048084938,FALSE
4016,Gaia DR2 3563900468503535232,164.495086907794,-14.3324272058998,1.40166326190063,-2.98493188931553,-16.6153424771537,1.4983942433006,37.019276,19.7191432395017,FALSE
4017,Gaia DR2 3563936481805212416,164.728055728335,-14.002026757872,2.72572649445284,-27.7528636611106,9.44084252762099,1.62543773575463,2.2657647,-9.4810122911292,FALSE
4018,Gaia DR2 3563936791042858752,164.821881548003,-13.9881094029191,0.673958317955422,-1.52672226938264,2.27130732182215,1.55048741236043,14.648901,8.01445743596389,FALSE
4019,Gaia DR2 3563871335741206016,164.101410379497,-14.2186343362677,0.906507664809574,-14.9113673472721,13.2963486815795,1.6236055460314,6.626142,-15.8627312958619,FALSE
4020,Gaia DR2 3564265785537866752,166.137837191975,-13.3132272977907,3.26333092882864,13.6880094229252,-10.6719178726096,1.62346786675729,4.2221413,-25.270260738187,FALSE
4021,Gaia DR2 3564074779752489600,166.356087054462,-14.0183101291989,1.41484534160782,-9.46743102889208,0.388203677091456,1.66281046792049,4.4966545,21.7059421790371,FALSE
4022,Gaia DR2 3564077906488681728,166.20765941211,-13.9496610559105,5.10717677967644,25.8601754035423,4.11013271059027,1.62712013414942,1.2047861,9.50373966711321,FALSE
4023,Gaia DR2 3563936103848089216,164.75306683115,-14.0435961516795,0.372925526770678,-3.08156388040073,2.14498092148897,1.49759386653608,47.5696,6.43923155893868,FALSE
4024,Gaia DR2 3564013722497045760,164.793367381453,-13.5213920349381,0.976301320592568,-9.71831759251311,-4.82123687111099,1.48307234582165,78.65867,-10.4401430780921,FALSE
4025,Gaia DR2 3564095807912345984,166.0898834643,-13.8264245710442,2.28534363421533,12.708521079862,-8.63357787662656,1.6296980193494,1.8804761,-4.40831608935098,FALSE
4026,Gaia DR2 3563808457419983104,164.066496870776,-14.537814663076,4.52344565641134,-6.24915347628282,-35.6612086711824,1.55934459733444,0.37029085,19.7358469286316,FALSE
4027,Gaia DR2 3563862677087097728,163.932836874627,-14.3558362220459,0.515129101929098,-4.70802876184814,-4.61582580397512,1.50427384807117,78.72697,7.11202204225756,FALSE
4028,Gaia DR2 3564018464140941952,164.717461158498,-13.4281091927004,0.576538146324842,-3.73002007297813,-12.565325987516,1.53882903730877,19.369114,207.895418122649,FALSE
4029,Gaia DR2 3564271901571299712,166.120901321431,-13.1931663182331,2.01045959863173,-7.62134720534796,-7.91415508296088,1.60872899987232,2.0210621,33.9805675564653,FALSE
4030,Gaia DR2 3563809385132917888,163.974125028261,-14.5266437129206,2.96515102192903,-51.1048306389183,29.9577897120613,1.59903935288451,1.3707243,22.9369699468218,FALSE
4031,Gaia DR2 3564096082790253952,166.158345645628,-13.8121712973747,2.54956586617538,-8.51578746759662,-11.3622101763539,1.63922547996393,4.9677253,-5.1716533677839,FALSE
4032,Gaia DR2 3564095704833131520,166.152730555044,-13.826648847439,0.702297061026073,1.12962047249523,0.295243733619797,1.54804728761161,78.11036,30.2120033934466,FALSE
4033,Gaia DR2 3564012038869862016,164.774937945143,-13.6118290738698,5.3057064428494,20.297250143259,0.447508756410586,1.52091711534639,0.19540289,27.3476020381145,FALSE
4034,Gaia DR2 3563878929243315968,163.606883401251,-14.2760360027322,1.95535216598115,-9.1119589143487,-15.4066374631457,1.62812031449597,3.2551513,29.9015153453443,FALSE
4035,Gaia DR2 3564267503524787968,166.215715052603,-13.2702815172576,2.41638750134333,-20.1532792644575,11.1823177199343,1.55605823410764,33.64684,9.7527300990294,FALSE
4036,Gaia DR2 3563954073991224320,164.544405859471,-13.8541043067293,1.38368535434881,8.15237182222873,6.88108416084329,1.61788931423571,2.8021054,33.3271046774109,FALSE
4037,Gaia DR2 3564185104576657664,166.595215778342,-13.6025270738606,3.16011062393713,-32.9341913165501,-12.1744617309821,1.60385592568971,0.7638629,-14.9560446766161,FALSE
4038,Gaia DR2 3564192663719097216,166.795933737665,-13.503069968357,1.9817098180508,-14.3408921895886,13.257727659458,1.62178741714657,2.8357263,-15.7967526915519,FALSE
4039,Gaia DR2 3564202971640606464,166.495111981755,-13.4282464422282,2.21808805363345,-9.17548280453569,-21.136216301159,1.62178162681388,1.6681925,15.9470887239048,FALSE
4040,Gaia DR2 3563815810403997568,163.998995474521,-14.367716207583,1.82895270667043,2.39801190188384,-15.3043089343053,1.54528731233235,14.064333,-14.4981464249904,FALSE
4041,Gaia DR2 3564037843033727360,165.939301668804,-14.3808101044968,0.510055856849343,-7.1531515509015,-5.87352863751299,1.48509662752283,120.42062,29.0870496417557,FALSE
4042,Gaia DR2 3563795675597307136,164.043438306953,-14.6309146365757,1.30331462648016,-29.1333385700563,6.34771434509426,1.55867614898306,7.6419725,13.0997573899955,FALSE
4043,Gaia DR2 3563955929417100544,164.676615727904,-13.7999572411352,0.633393887603723,-11.5431591999428,-4.12148157923125,1.54092922754554,50.40437,-30.376767296984,FALSE
4044,Gaia DR2 3563937478237626752,164.858458812873,-13.9861278387759,2.40109876099568,-46.2041911277942,-0.839214369234869,1.587021004911,0.87584245,68.3369741994402,FALSE
4045,Gaia DR2 3563890336676491648,163.865473352508,-14.0052290937274,5.14939580687754,-79.7231260452192,-15.8935099248906,1.48246562565984,0.1438032,28.026071680299,FALSE
4046,Gaia DR2 3563824847015195136,164.145483774071,-14.2037056147395,1.47627054153924,-22.979385022732,-9.08098815178709,1.62396423465555,2.9207976,27.501811123858,FALSE
4047,Gaia DR2 3563962011090828928,164.827230524448,-13.7350975064494,0.395355282358285,-11.6953038176593,2.57804469481106,1.51438371726339,33.309753,54.5260558955252,FALSE
4048,Gaia DR2 3563824606497026688,164.183970029789,-14.2193630598586,1.07870445134598,-17.1058868603154,5.81599072663604,1.5137387541387,94.31046,-10.2325278609291,FALSE
4049,Gaia DR2 3563957235087194112,164.904057880956,-13.8095343334488,2.4772553520097,-45.0080122850446,-38.5085736673371,1.54274292129222,8.454893,50.4651446827713,FALSE
4050,Gaia DR2 3564112846046365824,165.472491960002,-13.9914043090226,1.52670192161547,-1.43192685416796,-6.207939428149,1.64744667337664,4.5979857,9.05383731713289,FALSE
4051,Gaia DR2 3564130476888268544,165.312089816484,-13.8306690167703,0.679524808496741,-2.36974204056064,3.10531699088796,1.54375143259376,16.230434,22.4665873245433,FALSE
4052,Gaia DR2 3564054301348384640,165.810571945623,-14.2792520781493,3.02109060833846,0.369865964696462,-6.51154501917711,1.56311421267471,12.242524,26.9917259034421,FALSE
4053,Gaia DR2 3564273688277710720,166.299830479872,-13.2265915648372,0.658269707629724,-7.42960105674203,-2.64164321819838,1.49595651821529,127.80441,67.2205548651222,FALSE
4054,Gaia DR2 3564070416065687808,165.92722880844,-13.9378282046979,8.80538669890153,-162.081023669898,30.9993169126782,1.5629772521725,0.4036278,1.03238119561813,FALSE
4055,Gaia DR2 3564163457942835456,165.836856750345,-13.5100690065808,3.06764721249062,-39.7711743528803,-44.7941248972095,1.6022827760151,0.6097323,24.0944088119332,FALSE
4056,Gaia DR2 3564274512911432832,166.32344843552,-13.174071789824,0.997798084422907,-15.3945045497294,-6.26394275232366,1.52462628118608,32.270912,18.2445278545296,FALSE
4057,Gaia DR2 3564245337197800960,166.972873713849,-13.0722641299185,2.09114102829271,-4.91607083297523,-14.5238921604949,1.60553768908266,1.5401274,11.179275267915,FALSE
4058,Gaia DR2 3564064609269900800,165.939708573796,-14.0375843191665,1.22424960502408,-9.64556643249341,3.63483115448341,1.52264848341026,48.282124,-29.9473133316805,FALSE
4059,Gaia DR2 3564280560225372928,166.270011366751,-13.05505341352,1.60307711103951,-10.6467383090789,-4.95256440454356,1.63328846399912,5.1015463,1.30907261652929,FALSE
4060,Gaia DR2 3564036189470069632,165.946703960287,-14.4597961672517,1.55310482871991,-1.41275826233314,-4.86776567743619,1.60576499101508,3.1781585,6.2370270676492,FALSE
4061,Gaia DR2 3564036189470069504,165.944493603765,-14.4553493087784,2.4546385628356,-20.1299869483689,5.91104147968503,1.62500038368509,3.4653764,22.4418676779984,FALSE
4062,Gaia DR2 3564116939151411840,165.712689674449,-13.9056961049051,1.46666430378711,-0.402912066807464,0.158335956525272,1.7757441883481,6.695874,-4.00907835726827,FALSE
4063,Gaia DR2 3564043027058003584,165.914894830213,-14.286933321456,3.13841845198339,6.26659394277979,-28.8621388100058,1.62427845450549,0.9923143,19.9054928719142,FALSE
4064,Gaia DR2 3564208714012483968,166.592818546358,-13.3813898510815,3.66085076078604,-16.8175260500707,0.765466608200045,1.55142310063906,0.35100362,33.2590461338623,FALSE
4065,Gaia DR2 3564200051063175680,166.33142101897,-13.5749240471891,2.56727884384956,-12.6503661747884,4.64461545347472,1.61315040001191,1.1859839,5.75387229887213,FALSE
4066,Gaia DR2 3563983898244065920,164.002516703279,-13.9421723711319,3.05683923879813,-20.0301713606938,9.44323887721776,1.59200541700015,0.5320347,18.7375547855151,FALSE
4067,Gaia DR2 3563991594825457920,163.958598720026,-13.7598414896849,1.56874732899913,0.361802518805909,-8.66082626584387,1.50756233804023,24.365055,30.3776303857975,FALSE
4068,Gaia DR2 3564222114310526336,167.147030640295,-13.3357140503919,3.67720634111259,-3.29985265061635,4.43786627668619,1.57867300276415,0.5127429,-6.27574404146677,FALSE
4069,Gaia DR2 3563924009220181376,164.616405970339,-14.0844032367941,1.54967524182502,-5.55062654505752,-6.39244588623473,1.53672263750048,4.429561,-24.7256048792781,FALSE
4070,Gaia DR2 3564029111363962752,164.529682459622,-13.4531144245907,2.22276974326789,-7.36477072277114,-11.4507129837696,1.6044014755508,3.675699,29.6046706564639,FALSE
4071,Gaia DR2 3564026431304370816,164.3440197397,-13.4852169514542,2.4318817750691,-9.6061698551129,-11.7656996565091,1.61273984857431,1.2367492,8.0700372131363,FALSE
4072,Gaia DR2 3564031963222246784,164.457450741637,-13.4330250482348,2.40741376704415,-27.4118602760644,3.26048211641231,1.61660609218618,1.3920419,35.0837922370138,FALSE
4073,Gaia DR2 3564215792118664448,167.033056909429,-13.3881806120959,2.80560655032041,-25.5137826031554,-8.08483052984144,1.68479842126161,6.7623215,23.5709633020513,FALSE
4074,Gaia DR2 3563829618723039744,163.418984961494,-14.6659883025121,5.28254827651001,-22.2350042361884,-31.9719924629824,1.56634184182113,0.39255673,77.0746824052814,FALSE
4075,Gaia DR2 3564050006381114752,166.066160722734,-14.174398724927,2.0197602896605,-24.5362360779862,-0.0118319721702888,1.52808091961302,62.06241,-6.66089749304786,FALSE
4076,Gaia DR2 3564018494204806272,164.700254422409,-13.4258005911921,0.997632370579254,-3.67138639502423,-5.61263847636665,1.63014391240128,8.582484,-13.0998868379269,FALSE
4077,Gaia DR2 3563840137098695040,163.580242016526,-14.4304502971566,3.358065189814,15.4393867896039,-17.3985919771464,1.65959729856968,4.714803,-0.791654211695224,FALSE
4078,Gaia DR2 3563850307581238400,163.341870884138,-14.3758562319656,30.8990345273661,-425.971778132536,-314.376124967543,1.52374547672083,0.23690355,74.7203171212452,FALSE
4079,Gaia DR2 3564017910089254912,164.681445175807,-13.4568961215072,1.59557309097964,-10.1211808565894,5.62334575566731,1.63226221562651,4.7012067,-2.28050798594225,FALSE
4080,Gaia DR2 3563878551286196864,163.727869834215,-14.2444927187133,4.46681103603978,-63.9094582841251,-10.7608567033188,1.63826278932968,3.960518,28.9967047872685,FALSE
4081,Gaia DR2 3563844810023097984,163.303325729071,-14.4844236880354,5.69268530500895,-70.0747866103233,8.13216189769383,1.61046703923965,2.6157975,7.94676939206923,FALSE
4082,Gaia DR2 3563852953281105792,163.427682701708,-14.3888313832189,1.9025557949876,-32.9397069814716,38.2830928098012,1.58506199287443,1.3461368,26.0799498598015,FALSE
4083,Gaia DR2 3564049216107137280,166.201565797482,-14.1171155587578,1.17324446587949,-12.5907699577372,-9.34343246023124,1.63356667635947,4.328119,24.8320313352971,FALSE
4084,Gaia DR2 3563878276408288640,163.669715284471,-14.2636093221291,2.94941652168483,5.07297836072494,-12.1377305773813,1.58416434434751,3.0972514,0.318359932992109,FALSE
4085,Gaia DR2 3563936168271693056,164.73970549419,-14.0322844640852,1.61048040835453,-4.66118066978196,3.50494658034584,1.60779279730668,1.8271368,32.5557306712413,FALSE
4086,Gaia DR2 3563898406919232768,164.687138370472,-14.312711468686,0.296175799439883,-0.155206392818245,-2.93395026969503,1.53349488098085,60.86089,46.8090552669053,FALSE
4087,Gaia DR2 3564224416413004032,167.240701619724,-13.2371124243646,20.3348901116825,-112.346329241214,-77.2503439979557,1.60974542698109,0.8254908,42.7737551234581,FALSE
4088,Gaia DR2 3563878276408288128,163.665562595811,-14.2709159470436,2.90825584752588,4.83568152356094,-12.239070298115,1.55550202072255,0.5396034,0.080033609954608,FALSE
4089,Gaia DR2 3563883361649567616,163.541081199252,-14.1898425744683,4.26481405514378,-3.95161483347856,-1.07403978951658,1.59306320990041,4.1875815,31.006601449686,FALSE
4090,Gaia DR2 3563829309485391360,163.564195160922,-14.5789890223648,0.550463664932935,-4.60522949078777,-5.06668345875169,1.50923900590001,24.75297,18.2828887887388,FALSE
4091,Gaia DR2 3563909951791321216,164.599687169647,-14.1585501623955,1.2266229774853,3.07922540313301,5.51780990612647,1.52895450291767,5.6577024,25.1890670488816,FALSE
4092,Gaia DR2 3564215036204420864,167.132724075947,-13.4074174548252,0.403832730620904,-27.798544867312,1.90819637242204,1.58399295380997,57.710793,221.51788206604,FALSE
4093,Gaia DR2 3563852983345120512,163.444969102057,-14.3862584165568,1.72232225274213,-3.99674652051773,-7.94803712975744,1.59007464806559,3.4833593,49.4169918696732,FALSE
4094,Gaia DR2 3563925963429396608,164.601818858416,-13.9756008295244,4.06825659055367,-17.7801950575319,12.5366013588806,1.58904618918415,0.40673363,-21.1638435821502,FALSE
4095,Gaia DR2 3563846661153262336,163.428698638211,-14.441143132006,3.57166813896734,25.9360424395125,-24.1658796722935,1.65155373721485,3.4838214,-17.1673319097016,FALSE
4096,Gaia DR2 3563973551667036032,164.132541499017,-13.9577553271114,1.06152624949496,-11.4571023422312,14.6313024363237,1.56895787060318,5.41072,39.3203086246506,FALSE
4097,Gaia DR2 3563855530261487232,163.591727880785,-14.2732789025798,2.20678362802573,-22.4302796375488,-1.97925921230477,1.62143045827293,4.9765744,28.808406832625,FALSE
4098,Gaia DR2 3564205415477599616,166.625950428594,-13.4176305011265,4.37661045587428,-4.98570566723936,-28.0364168234284,1.54378175336909,68.26245,21.0535217032627,FALSE
4099,Gaia DR2 3563841472832766720,163.685390779664,-14.3723170209229,0.706632039896464,-15.6844328315701,-4.89227255859082,1.53324813214123,54.818398,59.2072658937462,FALSE
4100,Gaia DR2 3563841232314598528,163.717743977998,-14.3876604838289,2.44405791550166,-22.6373541093343,-19.5170407463436,1.62500485089738,1.8639803,43.9376647154673,FALSE
4101,Gaia DR2 3564114568329412480,165.507457758076,-13.9329966602433,3.83792505726453,-11.3228455090775,-5.82819287353836,1.61298138101785,1.0520673,-29.7856652554929,FALSE
4102,Gaia DR2 3563980427910508672,164.186061624473,-13.8627193459237,6.38347022243532,42.9406311291061,-55.1994447832637,1.4415439396686,0.104567714,-49.6575259084563,FALSE
4103,Gaia DR2 3563835361095086720,163.605681875675,-14.5431258139026,0.739571320928241,-4.27944539645596,-2.70588372756605,1.51262889844575,30.371355,-5.82840755941652,FALSE
4104,Gaia DR2 3564288600404201472,166.552599344502,-13.0638087020372,2.69410649172896,-5.71352684261466,-7.73686070462623,1.60329879669555,57.96303,-8.23211333482429,FALSE
4105,Gaia DR2 3564187170456566784,166.750959555246,-13.6173779544252,0.895193918089666,-6.87967034714139,1.81501377925077,1.5078892302079,7.132228,26.9541610038682,FALSE
4106,Gaia DR2 3564024133497703424,164.204942351148,-13.5751693545249,1.72072861046607,3.19620451892413,-3.70202431110838,1.56350292594061,9.277968,-0.392115510608669,FALSE
4107,Gaia DR2 3563839514327682560,163.54745479813,-14.4807697794793,2.72682030117411,24.1794092823111,-18.3774166555798,1.55811026663057,0.8231558,0.80636191210305,FALSE
4108,Gaia DR2 3564132744631002752,165.393660526383,-13.7388520189759,0.261112522007128,-1.96318955954474,3.57978118107996,1.5339279168272,92.9552,39.918642455783,FALSE
4109,Gaia DR2 3564186070944938112,166.804559177851,-13.6610135006241,3.56941447946344,-22.336793662568,-34.5255689767697,1.50538361074174,41.222538,20.7718519471004,FALSE
4110,Gaia DR2 3564264342428908416,166.477365891298,-13.148664899291,0.797287891077784,4.90531787007852,-10.6029766377428,1.45474896234785,119.779205,4.74676391384034,FALSE
4111,Gaia DR2 3564260081821350528,166.584536841288,-13.2023546881714,1.573885378871,-11.3861770740367,-5.46298053032687,1.63920105783873,4.4614086,16.9128258838862,FALSE
4112,Gaia DR2 3564176450218232448,165.93533314269,-13.3029678273989,0.538886681721332,-3.3401567964657,-3.00599725802947,1.51280656906221,54.528236,83.8243002308579,FALSE
4113,Gaia DR2 3563798351361118464,164.195977417693,-14.504410693417,4.6549122627836,26.5275720288853,-50.007639791304,1.56673400162142,0.44409007,34.3670100806962,FALSE
4114,Gaia DR2 3563781996125662208,163.847893744321,-14.6953335893075,2.07972640733843,9.27513797827562,-17.7346031036815,1.61330838971426,2.2965891,-0.799271929797946,FALSE
4115,Gaia DR2 3563814844035532160,164.076736215678,-14.3886635829714,2.13205901275604,-48.0527328345644,20.3507906446078,1.5932078956102,1.6610708,53.0017256501117,FALSE
4116,Gaia DR2 3564174491713147136,165.817157901722,-13.3628406416278,4.82663131043517,4.26210204617222,-30.6385528838842,1.62635133211202,4.7015977,-2.96559023390746,FALSE
4117,Gaia DR2 3563800893981759488,164.456481596067,-14.5412351561594,1.19090352439981,-14.4597297338204,3.42110809698579,1.53393662996107,49.899677,14.8915283394947,FALSE
4118,Gaia DR2 3564259463346056832,166.512145313376,-13.2567669534744,4.44874187264628,-29.3848716877594,-8.99266183683562,1.50270361337132,0.20600913,12.9696242892406,FALSE
4119,Gaia DR2 3563986608367612032,164.126813476796,-13.846452839416,1.92856363234785,-29.6899939406248,-2.86314471959927,1.5828194011584,1.4664711,45.9060946138495,FALSE
4120,Gaia DR2 3563998088816017664,164.044262195056,-13.6965884707007,1.22984638862871,0.328384924856126,0.949601549210781,1.68348624551493,23.153568,-4.56434700086301,FALSE
4121,Gaia DR2 3563999153967908352,164.161156062679,-13.6570901603471,0.308732173512964,-6.70135275837428,2.54964888815654,1.44811788819611,333.4281,98.4196153682657,FALSE
4122,Gaia DR2 3564126181920972288,165.405299098203,-13.8864987862254,1.67677525905038,-31.0639940096128,10.0465134606777,1.60733696756856,3.46981,56.2963461285552,FALSE
4123,Gaia DR2 3563955203566742272,164.706754858093,-13.8142668133657,2.31243156004576,2.23671324838004,-15.7335092137527,1.59627765429801,1.816595,-26.319210181239,FALSE
4124,Gaia DR2 3563807323548656128,164.348988481835,-14.3531555529986,3.49650031877249,-31.6606548128252,-13.1571517864265,1.61829748136246,1.1369532,20.1625723280975,FALSE
4125,Gaia DR2 3563956715395228032,164.685509968185,-13.7566105057521,0.229089600045212,-6.59090186673598,-16.0583822606239,1.52069358264893,234.71687,82.2597769672672,FALSE
4126,Gaia DR2 3564488226188400384,166.021457190822,-12.7911223847975,1.75098222106139,-6.27023940614385,3.73398576609471,1.63063934495249,2.32952,2.46141213245165,FALSE
4127,Gaia DR2 3564441462584377856,165.119446773331,-13.0311039725011,3.69230360435154,-45.3959298539451,0.569538177961602,1.59959744034629,0.65682334,8.16194533517659,FALSE
4128,Gaia DR2 3564374224872308096,165.45160461357,-13.2255243329605,8.72647489138636,-67.6319593548701,7.39644390638118,1.58944604756855,0.5556222,1.53309001804787,FALSE
4129,Gaia DR2 3564679408068509568,168.535195951511,-13.9609599938512,2.35942962827614,3.55123881643504,-12.8193197655893,1.59136761540945,2.141924,-8.36856397099551,FALSE
4130,Gaia DR2 3564492765969418880,165.884219576136,-12.7044862210568,0.396995267174486,-8.24384787101787,1.49077482942184,1.53472684734348,49.61615,45.9255114426526,FALSE
4131,Gaia DR2 3564341926718186624,165.066424111713,-13.5260140447038,1.62238559794756,-20.2273669963207,-0.0611715300340032,1.64500235648248,2.4112713,24.5415416293201,FALSE
4132,Gaia DR2 3564519459190218240,166.108076056723,-12.5433348156333,4.98746498134284,-15.5262459391181,28.9416224729177,1.54575556364255,0.3328234,12.4422097822244,FALSE
4133,Gaia DR2 3564426241220282752,165.362474994876,-13.0947764554309,0.906311289758868,2.7640679448046,-2.03402915983673,1.53642568763076,9.201125,6.11406708329639,FALSE
4134,Gaia DR2 3564344950375209856,165.261147003244,-13.4701809695702,1.93011634928242,-20.7943087305188,-2.94736083604124,1.55695284089388,5.1664095,-14.624454808929,FALSE
4135,Gaia DR2 3564580452021756544,166.078194601443,-12.2664627908538,1.34194521386445,-26.0787352609414,11.5361109549854,1.54205555353908,7.1302733,70.8624377422625,FALSE
4136,Gaia DR2 3564447784776234752,165.059055153082,-12.8935617860258,1.19525429026698,4.37960306420642,-1.38353768242932,1.63020693750635,3.688949,6.38163418505926,FALSE
4137,Gaia DR2 3564324162733488128,165.129934366962,-13.6526728679383,1.3638535317921,-7.00981449681536,2.28918640205486,1.6413022278965,4.431877,-1.40915825886184,FALSE
4138,Gaia DR2 3564306158230459264,166.367848308264,-12.9188485005963,4.46557601521657,-4.88221582094062,-1.49633795459236,1.49076753656467,0.19946367,13.6445596247709,FALSE
4139,Gaia DR2 3564522521502945024,166.35733870391,-12.5107803756885,3.89372652179014,-16.9225518418757,-21.2027858339163,1.63154220025502,2.737329,7.93642128038568,FALSE
4140,Gaia DR2 3564556503284036224,165.518421185573,-12.561342252559,2.84557901665764,-3.61185900177271,0.0919101038653271,1.59273179206729,1.766766,-10.813121616313,FALSE
4141,Gaia DR2 3564518290959114880,166.150211452429,-12.5857752660504,1.98326332598197,-25.1099870813278,7.14426191251978,1.65776574818453,4.7398057,13.5232859797421,FALSE
4142,Gaia DR2 3564596085702667776,165.792191069362,-12.1876703109194,1.69033224256571,-5.84464385032726,-7.31213079942682,1.6302057663761,9.146156,-9.09113768457352,FALSE
4143,Gaia DR2 3564509632305045504,166.528905358498,-12.5667668056166,1.41056913201689,-49.4598636117827,1.08421617870622,1.48156015564099,25.429237,40.756893661061,FALSE
4144,Gaia DR2 3564322479106305664,165.161800660684,-13.7321167330073,1.04683250086247,-23.8525040486014,4.36180363159912,1.50548084640695,49.332405,39.5709308760897,FALSE
4145,Gaia DR2 3564444211363445760,165.12538496411,-12.9537557511037,0.571966211195212,-8.44644186475124,2.88588343061882,1.52767315305889,35.25503,111.004018875193,FALSE
4146,Gaia DR2 3564400097755251840,165.099383141877,-13.2788343799433,2.86134684032242,-9.78864037910844,-9.90657258186619,1.57696296579101,1.1452928,-4.27085153909878,FALSE
4147,Gaia DR2 3564400372633159424,165.076710758461,-13.2581804605863,2.62031294045151,-57.8737922224904,20.939123477391,1.6121995284425,2.1913228,48.2637204340165,FALSE
4148,Gaia DR2 3564431021519792896,165.208440047997,-13.0285422880557,1.06217527906049,-17.6931784481282,4.42165266163902,1.61586629790058,5.3311644,11.3366953164973,FALSE
4149,Gaia DR2 3564398654646239232,165.069842129997,-13.2815175809426,0.754989770565117,-7.25882271939512,-0.252749033653017,1.53909215185107,42.587296,-19.9133071243327,FALSE
4150,Gaia DR2 3564304268444865536,166.526414623827,-12.8920353742323,0.53819766050261,-12.5324357698315,9.31691952413626,1.54783640992468,58.801365,66.6197298779708,FALSE
4151,Gaia DR2 3564649618175426816,169.186092336655,-13.8044711052922,0.468076646399079,-1.4780186889592,-16.9500041201438,1.53380737331576,27.059866,-19.7308897575934,FALSE
4152,Gaia DR2 3564515649555222784,166.030244247225,-12.6869291389534,2.18545230129211,-25.8305053701822,1.37560611736487,1.62390913382129,3.1439722,-3.93443877000334,FALSE
4153,Gaia DR2 3564399204402055296,165.155137743058,-13.2820501673147,0.629207635359437,-1.33252584492056,-7.05923747711028,1.49297019684542,14.954198,-8.59678054794803,FALSE
4154,Gaia DR2 3564623676572871040,168.557936015432,-14.1197809469122,2.77477980904147,-7.34111003579793,1.1996015006542,1.56293331685304,0.80283654,-3.63720489212215,FALSE
4155,Gaia DR2 3564512728977462144,166.067245471133,-12.6912765676647,10.9870320704463,-50.166005073875,63.0699244917245,1.63209309660793,1.2649394,-8.2125391126191,FALSE
4156,Gaia DR2 3564547432313098368,165.362686543819,-12.7470429769879,1.94025052345518,-5.7012926060891,-0.100166791698036,1.46913735601202,266.42648,-8.37265449504309,FALSE
4157,Gaia DR2 3564380920725377280,165.583030649507,-13.1534456999335,5.83537390458991,-66.4421047366164,-3.66196440939857,1.55266212245175,0.3050981,-10.9606444881035,FALSE
4158,Gaia DR2 3564545439448300544,165.727641392083,-12.5598360901934,2.62599187850466,18.3007342070763,-19.4569096775555,1.59635957959314,0.8981433,-7.25285743173574,FALSE
4159,Gaia DR2 3564310831154896256,166.604076414272,-12.8272048904476,0.298278087711866,0.601206469794076,-2.85475705036478,1.51748613614736,80.89754,-9.84574695376141,FALSE
4160,Gaia DR2 3564448265812571008,165.070121765186,-12.8594353184409,2.0861904873959,-26.2993237927279,13.8788592923996,1.59758778102865,2.0557356,-25.0862226437927,FALSE
4161,Gaia DR2 3564313717372918912,166.540806126792,-12.8064372338354,1.37515451760202,-23.8596035858469,-1.21334591549885,1.54097287819438,10.545092,-0.307176708008093,FALSE
4162,Gaia DR2 3564449885016160000,165.214181398846,-12.9032391929195,8.09174798026966,15.6730299659709,-22.1190745548179,1.41513706835228,0.07745816,-6.68916285595344,FALSE
4163,Gaia DR2 3564489123837199872,166.02531685474,-12.7306896048806,5.31490256695865,-29.6264439955029,-17.5047220140752,1.56756395159999,0.38554907,8.31631705853938,FALSE
4164,Gaia DR2 3564441295081563904,165.059988879857,-13.020695632752,1.73367063762281,-6.48557292745106,1.20902399160446,1.57600680958572,1.5220127,3.0211111498831,FALSE
4165,Gaia DR2 3564392396877728256,164.789298920681,-13.4709167462181,8.42315143935122,-84.7522776002761,6.93579560060121,1.48369964983684,0.17432706,9.02614524399546,FALSE
4166,Gaia DR2 3564557671515159424,165.635171705008,-12.5245962415372,1.46331358341291,-26.2789662530284,6.11767325299249,1.57627290893979,3.9425762,9.44372953126462,FALSE
4167,Gaia DR2 3564563203433020288,165.521754539661,-12.3990001139054,3.33759557930501,-19.6723628049256,18.6505357936698,1.6763751422059,5.3351,-3.57915498024332,FALSE
4168,Gaia DR2 3564393839986739584,164.723665638918,-13.3980871924616,1.2188191267594,-25.5457389780162,0.174254484687271,1.51870832615552,3.6720927,57.1957551627247,FALSE
4169,Gaia DR2 3564520734796547584,166.352458414078,-12.5528144122954,3.25386879698602,7.34441016807265,-25.6593358230221,1.51558399599063,0.47548243,26.3002112513755,FALSE
4170,Gaia DR2 3564640409765534720,169.001086144354,-14.0009257299848,0.753898595756894,-7.2870503393332,2.70405190301941,1.49726792532595,42.265015,21.2462554817239,FALSE
4171,Gaia DR2 3564393358950401920,164.840843683551,-13.3845230305797,2.59133487887008,-9.78734567230743,-3.05766634414104,1.61560461282799,0.6949188,-23.5583422766259,FALSE
4172,Gaia DR2 3564552723712819200,165.284017483395,-12.5997009290567,0.790726806237387,-16.5230702717232,-6.44061602967912,1.50903906385654,70.06604,63.1849440191074,FALSE
4173,Gaia DR2 3564395764132087296,164.82783543671,-13.3502276445628,0.329895339419024,-9.18077812368943,1.29587052704704,1.55396745954117,49.739876,153.196842197411,FALSE
4174,Gaia DR2 3564621374470394624,168.460957242905,-14.2152974870357,0.822271444106533,2.1994603035187,-8.22226023196783,1.50397521522087,33.91608,6.58183217628321,FALSE
4175,Gaia DR2 3564680473220402688,168.656583566256,-13.924721470772,0.460073340590089,-11.6199512281573,2.13906678267654,1.51526334360002,36.788948,-9.19271262084706,FALSE
4176,Gaia DR2 3564473868113357824,166.109844466706,-12.907852402995,1.68314011959535,-8.89935513041622,-19.5232278179443,1.58577768639659,3.4162881,21.9951170187613,FALSE
4177,Gaia DR2 3564533894576197504,165.555251563928,-12.7829469575765,0.351894098530759,-1.05208335269037,-8.21037845250734,1.49966719854153,54.638058,144.423082057395,FALSE
4178,Gaia DR2 3564474967624986496,166.069441980256,-12.881105175271,2.04200268008422,-12.3827286068933,-11.6910123571613,1.63841187834327,2.5876772,26.1183061192224,FALSE
4179,Gaia DR2 3564509361723148288,166.469483692575,-12.592509198857,3.42659315871004,24.9956443885866,-42.7440918441508,1.59390404998324,1.4653609,10.4230706054557,FALSE
4180,Gaia DR2 3564365733721457024,165.828159348928,-13.2158293442651,3.59010114638591,-8.85240623269628,-9.5227684361803,1.62066518929793,0.42284888,32.8232718923437,FALSE
4181,Gaia DR2 3564677621362078080,168.370446037078,-13.920549957888,3.03340046685116,31.7377355293671,-14.5088591769319,1.6360567987472,2.4783013,6.84323735287379,FALSE
4182,Gaia DR2 3564654531618008064,169.028173550145,-13.8837643380346,0.734929181681133,-15.8697747156469,-11.6952830466683,1.54239727583315,20.230072,59.7558845497713,FALSE
4183,Gaia DR2 3564417552502319232,165.01785303113,-13.0787000485494,3.14398901166804,-11.7500578737807,-9.76086660400955,1.63708823754507,15.525596,-4.61629675144579,FALSE
4184,Gaia DR2 3564676384411495168,168.393692959424,-13.9766217004526,0.63113839161889,-4.29663099360566,-2.32068050438423,1.50991667062566,43.90073,46.8042145825094,FALSE
4185,Gaia DR2 3564567360961430784,165.99783817631,-12.4936092189626,4.75030957508602,33.2811885814861,-31.5430288553822,1.52436573604789,0.46429887,-12.153414633809,FALSE
4186,Gaia DR2 3564608145971200768,168.94951559034,-14.2723184433749,5.42344527087013,-56.2201380587074,14.2780627194802,1.5758667464467,0.68530476,22.1869245245411,FALSE
4187,Gaia DR2 3564490635665633280,165.785294473974,-12.7749543909322,3.39600274281736,-9.42497393960981,-6.81153379583059,1.63545930851468,4.158664,26.0928561109433,FALSE
4188,Gaia DR2 3564464316106082048,165.809239239797,-13.0758851736327,0.874245717157734,-12.5873158750987,3.70885416415063,1.5208363968048,63.689228,7.14097937028778,FALSE
4189,Gaia DR2 3564638313821498240,169.220028704657,-13.9734154635284,1.28580690781965,20.9253678075454,-2.69713817049235,1.59106222242026,2.4794185,90.0847538274378,FALSE
4190,Gaia DR2 3564637386108560384,169.196817502748,-14.0203756922803,2.2574143782726,-21.4900029953458,-15.0031131448137,1.59827406861001,1.5830214,35.8487344945584,FALSE
4191,Gaia DR2 3564661197407256064,169.096795325686,-13.7940628007782,0.731969418695934,-18.7458961215461,4.11435654310912,1.54633010177395,10.584725,53.6917946734917,FALSE
4192,Gaia DR2 3564700333149128192,168.302629532212,-13.7654435007468,2.70277993463528,7.36962567896077,4.71467809887277,1.63927958634935,1.5197035,-45.1478909262829,FALSE
4193,Gaia DR2 3564408653330074368,164.830541208483,-13.2463303804025,2.09562163407259,8.01512919673068,-12.0734189992849,1.6158017064788,6.644608,12.5729513280648,FALSE
4194,Gaia DR2 3564690849861336832,168.249804203431,-13.8451625964854,3.24059527621544,-5.74607972991353,-15.2583292485646,1.58078716202577,5.276945,21.7059422190235,FALSE
4195,Gaia DR2 3564603129449397760,168.874239290207,-14.2799674695298,3.90641785284007,-39.5738755363923,0.418237706012097,1.56325692804519,0.50249916,-24.2893286519647,FALSE
4196,Gaia DR2 3564702429093170816,168.319342424078,-13.642804465689,1.22493139399063,-17.4620373873607,7.32230011046838,1.47801959507908,49.787888,10.8507047161673,FALSE
4197,Gaia DR2 3564690849861337088,168.260589322136,-13.8438454572432,2.55904955741593,-34.2440143126376,-27.9071950159247,1.58446060362661,0.7966453,48.0118000221982,FALSE
4198,Gaia DR2 3564693255043021568,168.159422640322,-13.8311488397563,3.37756353272563,-30.4396349735402,-7.68390623416024,1.6153944774411,1.4619628,7.61270482200864,FALSE
4199,Gaia DR2 3564332099833056512,165.317774593989,-13.5586560324354,1.40587532336219,8.70284724941002,-17.846402554702,1.54807724810471,5.874509,-31.0988691109239,FALSE
4200,Gaia DR2 3564477407166351232,165.68153540575,-13.0150254776696,1.86864816455804,5.98592550725883,-10.4979882496366,1.61110020588193,2.6335998,20.0411749950857,FALSE
4201,Gaia DR2 3564447204956536576,164.949081710383,-12.8867450390765,3.14962062877868,-6.4819299168683,-4.85929589922366,1.6315007783809,2.062608,20.4229183118288,FALSE
4202,Gaia DR2 3564323853495842560,165.178503050247,-13.6746467350817,3.16196108293448,8.2073310474253,1.2134727813399,1.53235791836813,5.419254,-20.0688820973858,FALSE
4203,Gaia DR2 3564416556069903872,164.888508814615,-13.1024418071596,1.98649681095554,-21.0732343103132,-7.33358947036254,1.60203963183118,1.1968954,13.1413616688666,FALSE
4204,Gaia DR2 3564395768428183936,164.824128898065,-13.3472971683856,2.96136603031462,-46.5521995538055,1.70852816025839,1.62649336255907,1.8862951,29.0682162323302,FALSE
4205,Gaia DR2 3564416796588072832,164.979905975404,-13.1323044540246,7.52720171065044,-53.9320974536465,7.25540701652017,1.40252898651026,0.07765103,7.59869177965645,FALSE
4206,Gaia DR2 3564375771060547712,165.361161488305,-13.2363974043896,13.9511904689333,-13.5991460450187,-100.585403726579,1.42763043394242,0.106342115,30.6392340491811,FALSE
4207,Gaia DR2 3564483454480309504,165.770889332304,-12.8678747634566,2.04407725666269,-1.14151822665565,-25.8004987796203,1.61358020064234,1.5562062,8.40839617360257,FALSE
4208,Gaia DR2 3564531519458736896,165.724907648642,-12.8078810577535,1.77059262546842,-9.37676095849861,-3.7081451479727,1.70004287488415,2.4663036,-28.3350500116644,FALSE
4209,Gaia DR2 3564325979503587840,165.234778334962,-13.6060647418043,4.28157397710236,-40.2518114853633,-23.164322569508,1.59682924822201,0.8545193,27.8219312519151,FALSE
4210,Gaia DR2 3564397726933302016,165.08939891187,-13.3155287163464,0.702982378943513,1.21186150735665,-2.0323410921373,1.51724676938101,11.755824,14.1631135910112,FALSE
4211,Gaia DR2 3564554334325007488,165.350226069223,-12.5612140811898,1.01808373612333,4.96320725501711,-1.3728257730395,1.64843621226816,7.9009438,10.0696488489293,FALSE
4212,Gaia DR2 3564436931394836096,165.361291921845,-12.9733388701621,4.44661946134231,2.45611985967532,-33.8388772964703,1.57335673652095,0.5762403,16.3853446863217,FALSE
4213,Gaia DR2 3564562791116182400,165.628407702175,-12.3729889543829,3.54869007878284,-93.1288993450474,-48.1367233058848,1.59380086997996,0.70253706,1.94387801516232,FALSE
4214,Gaia DR2 3564539976249938176,165.874589260744,-12.6630803009793,4.29391827597098,-41.1660762674763,-31.8855282784629,1.63086466674026,1.09317,14.2376913670369,FALSE
4215,Gaia DR2 3564507678095964160,166.404215384083,-12.623751246959,8.19452234880926,66.6039523305617,-39.998691593741,1.645414895689,2.0064614,-14.7592404921335,FALSE
4216,Gaia DR2 3564724827346444288,168.641123234343,-13.5815687271036,1.97024890327149,-3.95565743975295,-1.48902680338625,1.61765463100318,1.4781505,-19.7354079673355,FALSE
4217,Gaia DR2 3564698026750511104,168.394291786217,-13.7212199487397,4.27605947288227,-68.4845977846928,53.5563144383389,1.5447986891919,0.49234232,8.4015764865736,FALSE
4218,Gaia DR2 3564340891630039168,164.957773621054,-13.5562367315175,5.58900600503153,12.6402594358777,-30.9692943096928,1.5679224019123,0.5492262,7.59561945054147,FALSE
4219,Gaia DR2 3564610993533239552,169.027153725019,-14.1643675591727,2.21808318157224,-2.83674876289914,-3.60399837952627,1.61856176704236,1.6318402,2.5567059216281,FALSE
4220,Gaia DR2 3564595497291219584,165.906566359299,-12.1663301775089,3.17124966089351,-6.008026137502,-0.81704925712921,1.60371452031399,1.1367809,9.83897714047094,FALSE
4221,Gaia DR2 3564425867559076864,165.312108890079,-13.1111341477976,3.23957331772055,-1.17249781136987,-22.1579083871451,1.55708050250548,0.605722,27.6535230548242,FALSE
4222,Gaia DR2 3564709124946012032,168.651367432818,-13.7672565248184,3.91604283787593,-12.8257260664641,-9.13213713861738,1.61417086672715,1.9306473,17.3162820425189,FALSE
4223,Gaia DR2 3564686829771968512,168.566634854596,-13.7525043667473,1.12387721340721,-2.77894770609609,-0.472996144641402,1.62497791127632,7.6104045,-10.1596591060882,FALSE
4224,Gaia DR2 3564333680381058560,165.453690883424,-13.4962992247031,0.800494743316151,-0.509822192671485,-1.30798093798963,1.51749268290082,80.86668,-8.58956489748252,FALSE
4225,Gaia DR2 3564354914699373824,165.59468239908,-13.4244337621232,1.64106983958118,26.8877372523957,-6.41774015956088,1.51664003802642,24.98068,61.8870973550851,FALSE
4226,Gaia DR2 3564436175480594560,165.462686167959,-12.9047807984339,0.39810965465659,-8.74215817153597,1.42534391183713,1.5074229950483,25.285492,16.3468172065648,FALSE
4227,Gaia DR2 3564354605461728000,165.611167844424,-13.451749627001,2.8712119819542,-16.9566937570646,-3.43449332268505,1.69840082890367,10.495322,10.3735740399047,FALSE
4228,Gaia DR2 3564320658040209664,165.340643728217,-13.7129167182256,0.294357356696219,-7.47372589092012,-2.24033424835667,1.51793831770006,66.926926,40.8351393723047,FALSE
4229,Gaia DR2 3564458303151026688,165.226462029311,-12.6536400632988,2.90462269041615,-95.4455176190698,-133.189312104095,1.63416483792862,1.7936299,215.936244914456,FALSE
4230,Gaia DR2 3564321998070007296,165.314126402926,-13.641640583498,3.26979747515372,-71.3599514963541,-31.1383767877082,1.63932669007245,2.910123,51.2580037572216,FALSE
4231,Gaia DR2 3564494071639555456,166.291627465182,-12.8710956476567,1.1797134587735,-12.7528605933397,1.23321940774497,1.52490215972684,10.236457,60.4543244337982,FALSE
4232,Gaia DR2 3564684630748710144,168.480744515747,-13.8236613833837,2.02106552093765,-19.3164808857021,-16.9987285739616,1.5100738945442,18.726107,8.58382895371117,FALSE
4233,Gaia DR2 3564738712976957312,168.80229838707,-13.2980403617656,3.96889005447392,-11.9112814765843,-2.73609615078635,1.62842359051039,7.579999,1.4183578735405,FALSE
4234,Gaia DR2 3564652710551841408,168.944806196819,-13.9516425903508,1.66914716739377,-16.9544997375168,13.2928950031872,1.53633157981056,56.695045,-22.2220493639632,FALSE
4235,Gaia DR2 3564392225079159552,164.95399078906,-13.3541554309393,3.791327723938,-68.8778689992093,4.36336456773111,1.49797988338588,9.552754,40.2618635680917,FALSE
4236,Gaia DR2 3564655420675507584,168.996189321562,-13.8483911777159,4.13197443038895,-50.9726629980646,-22.9595439256889,1.53592635958921,0.41512287,49.3301228994192,FALSE
4237,Gaia DR2 3564362538265792256,165.782187477669,-13.3143401629552,3.59106000105413,-32.3604176672509,-10.5077013710163,1.52762701883389,0.31114674,-5.03276881074199,FALSE
4238,Gaia DR2 3564725690636070016,168.640302799922,-13.5605095116753,4.11947527594923,-28.0471516294125,-7.55742560684221,1.56207721110474,0.39796105,-15.4015887359559,FALSE
4239,Gaia DR2 3564367382988900224,165.604254664403,-13.2571790306068,2.70822326746041,-31.8531562152853,-12.1185308970132,1.6061588588742,1.2000004,25.8113373289882,FALSE
4240,Gaia DR2 3564544820973052672,165.827458096498,-12.5641812934657,1.87403579326142,-9.69006494668919,-11.186920126987,1.64217566334803,3.5946445,-24.7320602113772,FALSE
4241,Gaia DR2 3564659067103444480,168.981419514613,-13.7958776573422,11.0712818097159,-128.580593499588,-75.5131430287005,1.56838825757633,0.35987884,38.2357338931375,FALSE
4242,Gaia DR2 3564642226535975552,169.077839068386,-13.9336019744917,1.47493386718642,11.2070168315264,-8.64611337816024,1.60906224486776,2.1421618,6.95703848836121,FALSE
4243,Gaia DR2 3564654497258239872,169.012500926096,-13.8851374090749,3.63695710024254,-12.4306725211478,-29.5011045943272,1.53760683049809,0.6568869,-1.17056277076464,FALSE
4244,Gaia DR2 3564630857758235008,168.714374076526,-14.0053888927691,0.823347730644876,-3.99977718274899,4.13193876198917,1.53972261379621,5.9623556,45.4111772397058,FALSE
4245,Gaia DR2 3564382711727723520,165.634408361649,-13.0984472626058,4.68434229967198,-62.873729987894,-4.53972673414152,1.64678709454898,3.3335376,33.182665393513,FALSE
4246,Gaia DR2 3564366974967547648,165.710168519355,-13.2356107368761,1.40111880923885,-2.63533493235461,-5.32005225000558,1.56205490664233,4.488088,3.81131184616169,FALSE
4247,Gaia DR2 3564398036170946176,165.032751507155,-13.3288084689919,3.47122850736174,-26.245691954195,-0.856336112857014,1.55351552763645,49.69302,-5.18138629302321,FALSE
4248,Gaia DR2 3564454248702905088,165.117419617737,-12.8356167917107,3.301675166139,-31.9934745354795,-44.5202052510486,1.61414049046589,1.6672515,53.0312587623603,FALSE
4249,Gaia DR2 3564383158404323968,165.673746240866,-13.0570459810447,3.52239062706971,-36.6214411709149,-25.4890797961151,1.62375203775606,2.4062724,19.134893333797,FALSE
4250,Gaia DR2 3564598903201216640,165.905595868493,-12.0590079265472,4.7686808999794,-66.6699612761677,-0.531313086274187,1.61809824985898,1.8953161,18.941912707329,FALSE
4251,Gaia DR2 3564605500271310080,168.629811149284,-14.2844896625448,1.31893572629374,-11.6260331561488,9.4111135086259,1.59520003724567,3.0200002,23.8153820347465,FALSE
4252,Gaia DR2 3564667519599089664,169.122072831791,-13.6548531053589,5.55087786148371,-37.4691562475657,2.91081701761414,1.62687383401953,3.9124424,-20.1586052965143,FALSE
4253,Gaia DR2 3564390820625886464,164.998426789949,-13.4229860956409,1.58919346689867,-10.9698066441611,-7.97907538145346,1.61358684049312,3.478859,-23.6179371419499,FALSE
4254,Gaia DR2 3564362920518432256,165.728177728837,-13.316944044834,2.82149294621713,-44.4807452806015,14.3017649065925,1.51670318042841,10.830528,-12.3702410620519,FALSE
4255,Gaia DR2 3564400780654592256,165.172915199388,-13.2160978469974,3.60965040391054,-22.0207553491266,-5.93989552567057,1.58690966324034,0.847467,-54.2328798998792,FALSE
4256,Gaia DR2 3564564406023924480,165.931773417134,-12.5826436722519,2.45841495710207,-34.8706213908143,12.0848965213753,1.52074845099743,17.507893,13.3079648467571,FALSE
4257,Gaia DR2 3564564406023924224,165.925350590671,-12.5844965565615,6.29710566493698,-43.9096661634586,20.8769977238462,1.66210921235851,3.1384554,22.6650911456644,FALSE
4258,Gaia DR2 3564565368096598144,165.859280332972,-12.5585720172873,0.903321905197799,-6.3156100386754,-3.57413127311319,1.4697662204682,58.066975,11.6281621846013,FALSE
4259,Gaia DR2 3564380370970001024,165.52778762117,-13.1881532047724,2.71352578204289,-14.8052338245016,-15.0716856708367,1.62080486759059,2.1304686,-30.4486226111242,FALSE
4260,Gaia DR2 3564450331692761344,165.288817336573,-12.8680755500511,1.13432946095083,-4.50316273593233,2.50655554940307,1.55298619209843,6.1388917,12.2686230961849,FALSE
4261,Gaia DR2 3564355567534418816,165.721171225222,-13.4337814919078,0.799539719904265,-19.6847056485265,-11.866446506732,1.53207776296945,49.011982,42.3404333047818,FALSE
4262,Gaia DR2 3564353574669592704,165.640237805454,-13.4808868682889,4.03625090565095,-58.3217492724602,2.91504129862546,1.49893396776399,0.36518365,3.54009212882295,FALSE
4263,Gaia DR2 3564670577615704960,168.35211191212,-14.1255086566062,1.84505004695197,-16.2657321906048,-43.2744052996754,1.60745644026781,1.71452,1.03880178083031,FALSE
4264,Gaia DR2 3564456619524887424,165.253939972707,-12.7316537886278,2.1416249293873,-4.62091748988882,-6.22863472416384,1.67575015748513,7.9447966,-8.9077691025797,FALSE
4265,Gaia DR2 3564577737602421888,166.061867028324,-12.3523815509603,1.13480457356194,-9.14794991119833,5.24847846621972,1.54883331008798,28.376558,-29.6083116100333,FALSE
4266,Gaia DR2 3564586190098010880,165.648549800847,-12.3825684259739,1.14231602864968,-3.84843747617206,-6.83813063215712,1.48412767644734,234.09041,17.4371729904519,FALSE
4267,Gaia DR2 3564688341600432768,168.210697959261,-13.9336662078786,13.2375554890509,89.6701067461671,-48.0117953643332,1.62409522318581,6.920844,-8.24308834143211,FALSE
4268,Gaia DR2 3564475719243634688,166.104948500857,-12.8311947058294,1.98412968279058,-25.0288611199324,5.96564519502086,1.62727212554693,2.5730152,-9.57315930591404,FALSE
4269,Gaia DR2 3564470496563403776,166.1622552183,-12.9603421746516,1.95503798590379,-24.5695018308853,0.982409853111757,1.61268436902402,1.8129069,-2.2998541757292,FALSE
4270,Gaia DR2 3564483725062668672,165.708442053707,-12.8797496916177,6.51085257114579,-24.3138369882542,-51.0849191936309,1.46832613840747,0.16999193,2.185051073698,FALSE
4271,Gaia DR2 3564470256045235072,166.208364317915,-12.9462219073345,2.80900541367274,-26.6452228602247,-2.43752096643063,1.61519491195715,1.3089707,23.1405098667652,FALSE
4272,Gaia DR2 3564471870952938752,166.010753615213,-12.9748226329788,5.08990828276412,-55.7743567208645,-22.3954621726003,1.57547919111613,0.37219012,9.16584126274529,FALSE
4273,Gaia DR2 3564479945491448576,165.870539053088,-12.9118888263082,1.40668552142587,-3.60958598608488,-7.4096488464524,1.60642780869513,4.357843,19.3057013056164,FALSE
4274,Gaia DR2 3564464792846830080,165.828941606213,-13.0505653588487,3.10317207242083,-4.46796942369543,2.45966742485786,1.55621196819391,0.5286585,9.83116608687588,FALSE
4275,Gaia DR2 3564466308970911232,165.923160679448,-13.0063573435093,2.48072692756697,-30.6789736925977,-1.43785814137859,1.65223040940482,4.680133,-7.13652442986595,FALSE
4276,Gaia DR2 3564344057022008448,165.253367819699,-13.533494494112,2.86866769440019,-60.4235857298991,14.7893259237796,1.54513830382944,0.6583078,59.9566138599604,FALSE
4277,Gaia DR2 3564852752948240128,169.508755772973,-13.0221089823158,1.0113834736583,1.79996802797486,-5.30114875685114,1.43031227397974,515.4731,28.1480645062965,FALSE
4278,Gaia DR2 3564769052625602688,169.570379097722,-13.4237560128727,2.00845905271816,-4.34983242163726,1.36234354428642,1.52406845080645,55.801373,-2.19993204363966,FALSE
4279,Gaia DR2 3564904464354990464,167.800609005462,-13.512322540487,3.50359548874919,-31.1742675859282,-2.62549020421163,1.53476942417949,0.34937084,55.5913302701576,FALSE
4280,Gaia DR2 3565013590884039680,168.090967810797,-12.8331409453465,1.69479207727058,-19.827362064467,12.2155441552489,1.4934529347766,88.31231,74.7271134982389,FALSE
4281,Gaia DR2 3564996784675620992,168.231363439936,-12.9870372934906,5.5474042190809,21.8204927631883,-46.956783591319,1.60902128316911,1.4416254,0.404672551888046,FALSE
4282,Gaia DR2 3564897214450273408,168.196847575399,-13.4920096837254,1.43156232121151,-1.36426841971671,3.04565977863759,1.51278995188716,8.481516,-7.22640298831948,FALSE
4283,Gaia DR2 3564916833860887168,168.445493753507,-13.445336934482,3.53295677590059,-44.8109804535585,11.7025791019546,1.60054536374539,1.039355,-31.4711490833493,FALSE
4284,Gaia DR2 3564792382888000896,169.968219299461,-13.1404695919307,3.17673574858954,-9.67652914194074,11.8212561049629,1.55243471512776,1.0889938,6.50896878665599,FALSE
4285,Gaia DR2 3564981258370159872,167.766495826276,-13.0725249490787,0.3323446416089,-5.5058086916784,-1.02691841171844,1.5078260729399,45.756535,67.5687879222855,FALSE
4286,Gaia DR2 3564883230036752512,168.1482774759,-13.7266074239544,5.9813826357155,-26.4470389148132,25.7109246850886,1.58335026752569,0.6122314,0.396020737436213,FALSE
4287,Gaia DR2 3564883126957536896,168.103299753739,-13.7489149914453,7.07815634803933,21.1815734784085,-60.0571063123928,1.53550642119421,0.4523791,23.441363697003,FALSE
4288,Gaia DR2 3564939506991825792,168.135734533111,-13.2208636240625,3.36043228573062,-37.9841538887761,-16.0218736598239,1.59975526768542,1.3836707,29.211167020617,FALSE
4289,Gaia DR2 3564950918721326336,168.393870910045,-12.9537607477108,1.04229721820036,-7.67828014271693,-3.52294246238706,1.50111123222068,56.37884,19.1951522039,FALSE
4290,Gaia DR2 3564916696421931648,168.420743237141,-13.476452134468,0.519501169271226,-6.66567498941729,1.50948319435799,1.48203508305293,18.140163,53.8989133827399,FALSE
4291,Gaia DR2 3565004726071552512,167.923225486011,-12.994380348489,2.12053338371816,-15.9524088616777,-11.5759192183418,1.61289852487719,1.4014225,-0.591172933825112,FALSE
4292,Gaia DR2 3564875804036825216,169.575742335275,-12.746176087129,1.12986373716885,-7.81996870698096,4.2443898195384,1.59534577194636,24.031397,5.03181941941539,FALSE
4293,Gaia DR2 3565012697530854656,168.076362063082,-12.9079868736018,1.73832123900133,-48.4230676734802,2.02054697700958,1.55220684916859,4.570272,58.8976709398429,FALSE
4294,Gaia DR2 3565018985362903168,167.959815658217,-12.7446891162896,1.51874400591222,-1.88706567967008,5.95442355393035,1.59335843092685,2.5318358,-12.8711310071386,FALSE
4295,Gaia DR2 3564952052592523008,167.650223677096,-13.4992555390161,2.57321379878155,-8.85271037028455,-4.73769908248744,1.61969111217489,1.1776416,-7.48607837735,FALSE
4296,Gaia DR2 3564967377035911040,167.905076692808,-13.1594512619913,1.17198215383376,0.577905475521919,-7.16519985807156,1.5664168855554,4.422573,20.5155146487829,FALSE
4297,Gaia DR2 3564999950067973120,168.164415171436,-12.9542802960883,4.30286463724847,7.11498903541976,-22.4476453456314,1.5915251351383,0.65522313,-13.5154623297589,FALSE
4298,Gaia DR2 3564927657178501760,168.675831808262,-13.2523014106031,2.33378656716886,-5.23194235311752,-21.5537774763557,1.63792669772908,4.056022,31.0497652271077,FALSE
4299,Gaia DR2 3564927828977195392,168.716147276214,-13.2192961715006,1.99339644579839,9.72813000090832,-5.10394433897707,1.62893530514551,2.415248,-1.92520883618224,FALSE
4300,Gaia DR2 3565028125053104128,168.760947628808,-13.0635412401094,0.905106810213025,-24.1121543223289,8.51040216114995,1.53635138713619,52.737812,1.15983613193216,FALSE
4301,Gaia DR2 3564927107422686464,168.625436075323,-13.2827256254802,0.875119105590912,-10.8039886949671,2.47242212279022,1.50991707086768,28.115902,21.9714746007545,FALSE
4302,Gaia DR2 3564762107662954240,169.161044626959,-13.5990905592411,1.85624122033172,-11.0568729717756,-13.9110041319032,1.64214984741055,2.5534143,-15.3144961412566,FALSE
4303,Gaia DR2 3565002492688617856,168.261957026202,-12.8518258702877,2.52426624021351,-31.4183464530331,4.66749346641024,1.62113373828227,9.819244,11.8523962640425,FALSE
4304,Gaia DR2 3564773549455827456,169.522967440857,-13.3217933009758,0.605441735279546,-1.09619725928465,-3.56012705383599,1.52266005946078,30.230152,-3.51063958488738,FALSE
4305,Gaia DR2 3564833717653103232,168.798293791206,-13.2357465577074,1.6293096468837,-3.09061185622658,-4.44727253260398,1.55793984543907,3.1617653,24.3846350171784,FALSE
4306,Gaia DR2 3564807290718899072,169.65026656848,-13.0822865900031,0.938311193366924,-13.6050119247326,-3.99211110114774,1.63421660512207,8.093096,34.1844282164229,FALSE
4307,Gaia DR2 3564926076630533888,168.532411624887,-13.3103390823114,1.7162054979775,-3.02577280694969,4.52618880190202,1.64027993871217,2.315997,-1.49458526554303,FALSE
4308,Gaia DR2 3565024414201360512,168.846428646872,-13.0984711236532,3.65180501382173,-25.5872861430954,-16.5331892507556,1.60273371562915,1.0489242,-5.71494933138938,FALSE
4309,Gaia DR2 3564940301562154496,168.181359604055,-13.2076798748473,1.69856752834786,-7.03177172236292,0.738431341277805,1.62146044238389,6.738638,-31.6349280605081,FALSE
4310,Gaia DR2 3564761081166253824,169.279392743435,-13.5531289208571,10.287470730724,-109.878864024251,37.3498855410558,1.56539779924093,0.36351052,14.676575183253,FALSE
4311,Gaia DR2 3565000053147189248,168.209427137628,-12.9448599692351,1.96898983785206,-2.88275393184677,4.08752105619963,1.63097657875492,5.1082153,-9.92715444356835,FALSE
4312,Gaia DR2 3564941985189339008,168.198428869156,-13.1235602985884,0.725974409331577,-8.13816063326832,-7.28364469848601,1.5157968967151,70.8791,21.1240105032623,FALSE
4313,Gaia DR2 3565002011652278656,168.211263345014,-12.8911419860827,2.16255665416244,-25.8484781293842,19.1725999863293,1.61563737933593,4.8790245,-21.7870659701234,FALSE
4314,Gaia DR2 3564798975662216448,169.536114082348,-13.2061719652095,2.38157459078766,-13.0851130938928,-18.0655761890399,1.55736780785645,2.6914992,11.8190116892041,FALSE
4315,Gaia DR2 3564893602381370880,168.288756263844,-13.5063587691946,2.64636931025485,-25.1416850170031,14.9200606344624,1.58138132108502,0.8039581,30.0056587314353,FALSE
4316,Gaia DR2 3564975863891224960,167.601519684853,-13.1762006964358,10.9620380118525,40.9808422188177,-119.85970442766,1.58378432867904,1.3270854,-25.9113503810139,FALSE
4317,Gaia DR2 3565034206726884608,169.03884968839,-12.8988583563074,6.11014113571387,26.5532125962844,-28.1148025017943,1.51692848861647,0.40536833,13.2676557894026,FALSE
4318,Gaia DR2 3564794062219633024,169.548357838147,-13.3190763497134,4.01097961199455,-34.1538724600994,-1.63650379290786,1.54464660697986,0.79419273,1.81101873006024,FALSE
4319,Gaia DR2 3564972496636862464,167.610214505252,-13.2212294933482,1.94048820833541,-7.25995100605388,6.36413824076468,1.65355872156224,6.314216,1.07952263619296,FALSE
4320,Gaia DR2 3564964319019184128,167.815696299668,-13.2952337604248,2.71741749303708,-15.2430626923723,-3.53128592423538,1.64469906663337,4.4295964,-4.39600507694513,FALSE
4321,Gaia DR2 3564763898663968896,169.181619793003,-13.5083146285711,3.44477305203839,-16.4433141823602,27.1211719812895,1.64840133167629,2.2068708,24.0047875768005,FALSE
4322,Gaia DR2 3565008883599814656,167.840120353768,-12.947036582865,4.20880540869292,-16.4381540322091,-29.3549973852424,1.6390075008343,2.5383625,-7.10014378552194,FALSE
4323,Gaia DR2 3564751494799327744,169.768729352851,-13.5645204759518,0.327085189016245,6.12192745791219,-9.82689772624407,1.44737131318365,444.70114,193.960917976108,FALSE
4324,Gaia DR2 3564782242469396608,169.834010164957,-13.3388163102735,0.34417318444366,-12.2061783854288,-2.23075384384242,1.5725111608481,60.449005,263.968936961784,FALSE
4325,Gaia DR2 3564854745813108608,169.680285272225,-13.0446025011542,6.80395770069717,-28.3043212239067,0.805180564668569,1.57632941697297,0.38887873,3.88719597314868,FALSE
4326,Gaia DR2 3564784789385815552,170.023193193587,-13.3105114979839,1.56167360597296,-7.65706988583908,-4.67945242754841,1.56313659611574,2.298454,47.7109912036788,FALSE
4327,Gaia DR2 3564792279808152832,169.998455792786,-13.1356430648269,0.329798473795589,-7.37769190060831,-5.20409821332904,1.46578544741869,805.2971,29.7821403215574,FALSE
4328,Gaia DR2 3564970263253862912,167.514454260091,-13.3083104785013,0.499710633951219,-5.50531479676117,3.99570604415277,1.53526603456491,95.18009,5.19050105914041,FALSE
4329,Gaia DR2 3564911989137724928,167.984732001094,-13.4196480089175,2.09156922418772,-1.22712881577223,3.51061475151295,1.63847235122961,2.2006426,0.336016939895121,FALSE
4330,Gaia DR2 3564918513191875456,168.537618673858,-13.4282855509433,1.11461832535349,-4.61323035523492,-9.94371147206923,1.60364058168641,2.1724112,-10.017897538695,FALSE
4331,Gaia DR2 3564979437304021632,167.706694271113,-13.1144201603555,4.7097907914677,-8.55974865777,-10.8363291525137,1.54292601961113,41.711887,6.38420255431557,FALSE
4332,Gaia DR2 3564767197199729152,169.493822360203,-13.4637035810785,5.1752137256204,-55.1428475068117,4.38014913812106,1.70485132951051,0.40384996,44.4694366922318,FALSE
4333,Gaia DR2 3564856184626593792,169.600612497351,-12.9763560233416,1.79772639097832,-10.8474470178095,6.75492051893848,1.52909366325686,7.333433,-27.0681882775959,FALSE
4334,Gaia DR2 3564991630715345536,167.914487582279,-13.131229522615,4.34192794187687,-23.1296937378132,13.2529665849522,1.56978263078178,0.5939427,12.2281930143746,FALSE
4335,Gaia DR2 3564958099906533120,167.742154640855,-13.3565674779148,0.476220127543772,-8.47746646451038,-1.23808406708088,1.50398227869024,31.888397,68.9653062428071,FALSE
4336,Gaia DR2 3564929100287490944,168.510722246444,-13.2935049977977,0.499690896300643,-11.3580532160827,-3.04146130672183,1.37504278940041,468.16428,-0.362976535697797,FALSE
4337,Gaia DR2 3565017331799566336,167.952198273431,-12.8174637969169,1.47717470045964,-0.118955394164215,1.10527135076834,1.63048353192584,13.332212,-6.28293995204073,FALSE
4338,Gaia DR2 3564953633140542848,167.77325484905,-13.4146216418143,1.96790768272745,-1.02082035911846,-1.45475072368853,1.57169655921372,1.3760688,27.966845146346,FALSE
4339,Gaia DR2 3564974966242238720,167.413253199371,-13.1977114590871,1.1917163056384,-19.482513877072,4.41205031647686,1.62927166288143,25.223654,3.32470382379204,FALSE
4340,Gaia DR2 3564993279982785792,168.095741912485,-13.0466177937157,3.12026121817843,-29.2008605027071,-6.50579640712382,1.61956184903292,1.3748859,-40.4392801871392,FALSE
4341,Gaia DR2 3564749673733159296,169.655976884394,-13.6138194537573,0.872942199992994,-21.1068766814295,4.14629761827421,1.51334282187183,34.682674,25.2279846985509,FALSE
4342,Gaia DR2 3564756236443192192,169.677096306267,-13.4622211945399,2.44231730970341,1.61362784430025,-5.84784124184861,1.6762317393521,4.291287,-0.818957571537078,FALSE
4343,Gaia DR2 3564803137486077312,169.791180357973,-13.1574807304055,0.700590464449732,-17.0841283862957,-5.85438173209918,1.32818492601153,857.5304,58.3965779516925,FALSE
4344,Gaia DR2 3564800216908313856,169.688104577557,-13.1506112368076,4.21080665112814,21.8454838949827,-37.3803394581778,1.6249227274192,3.1728458,-29.4162653405198,FALSE
4345,Gaia DR2 3564944905767146880,168.52990951739,-13.1318614503919,3.83403002199772,-11.7216137166312,-6.7697942765054,1.59589156212433,2.710523,26.5633420170267,FALSE
4346,Gaia DR2 3564804065199045888,169.902206526676,-13.1138080012078,1.0998290760119,-5.14205033476195,-8.72654090887027,1.49145341929022,31.937925,-2.67470413802136,FALSE
4347,Gaia DR2 3564744863369781632,169.400823443254,-13.7230228633388,8.08838698998573,-4.50998013372873,-11.8494849569132,1.63081453087215,1.0136666,-13.7289653917985,FALSE
4348,Gaia DR2 3564898726278695936,167.915308693028,-13.669418514305,1.13789167948203,-3.01270659738321,-0.655171096582933,1.51713920347464,12.293433,57.8872318161384,FALSE
4349,Gaia DR2 3564856017123389440,169.662267928137,-12.9875793346197,20.9351728158849,241.037643757015,-297.62241428603,1.43660184468241,0.1717427,30.4941798044568,FALSE
4350,Gaia DR2 3564898485760525696,167.856459635385,-13.6659125610228,5.21633936739539,-36.2407904298966,-3.04157623036111,1.54103432559406,0.30619317,-6.21122193968417,FALSE
4351,Gaia DR2 3564861308523100928,169.62709332936,-12.877868698847,0.941774310073267,-29.5599805705929,-1.96681866437285,1.60744417676895,5.856867,13.9974208998833,FALSE
4352,Gaia DR2 3564839043412584064,169.216029210401,-13.1212258246721,6.73062067148464,13.6624177949328,-57.9091348143437,1.46339009619204,0.18311802,11.3543711753885,FALSE
4353,Gaia DR2 3564855639166263552,169.551920417846,-13.0190786944417,2.40013245018581,-0.173091529172962,-26.5232288906228,1.60491429905686,1.0112414,-5.23330709669953,FALSE
4354,Gaia DR2 3564874537022373632,169.586412418719,-12.8172137256771,6.71138885548757,-104.865355706624,-56.7916571267334,1.62434565521388,1.0498773,72.0889241341019,FALSE
4355,Gaia DR2 3564839799326830848,169.236527007204,-13.0764530148243,2.11559707555906,-10.6566266791507,-12.0121225794749,1.53567873251341,55.01213,47.0480702952695,FALSE
4356,Gaia DR2 3564827361101538688,169.275662807377,-13.1500749977447,1.46968986248653,-36.4363429393694,5.11365759283989,1.44266163349377,293.0505,25.7603146032416,FALSE
4357,Gaia DR2 3565008333843998720,167.804457765117,-12.980433836894,2.34819135573414,3.01191019016714,-5.78904619562387,1.63645776865971,6.687113,2.95162454352953,FALSE
4358,Gaia DR2 3564798361482396416,169.511876090729,-13.237778833419,0.558572831513532,-6.05754971173703,-12.8695127425171,1.46042120490274,598.1218,38.0739020499672,FALSE
4359,Gaia DR2 3564824028206911488,169.222033324677,-13.2624685026769,3.8073999605122,3.06175459231409,1.72762126060853,1.62175475879851,1.0940783,2.10871690245253,FALSE
4360,Gaia DR2 3564797261970767872,169.564566778585,-13.2737111761959,0.991116668861033,-1.15683606885686,-6.45479807820851,1.61528609205298,6.53439,9.53516583827702,FALSE
4361,Gaia DR2 3564963219507563136,167.946023744926,-13.2531020740641,0.699465181736958,-7.11696660580703,-5.17812163040768,1.5280317031926,44.262707,110.510877082329,FALSE
4362,Gaia DR2 3564963460025731584,167.906359613604,-13.2388539120929,4.3627004896151,-9.60289695392915,-32.4692664950819,1.56970998475114,0.60112035,53.7576039214778,FALSE
4363,Gaia DR2 3564835435640031104,168.954077623656,-13.1576184125191,1.74577964661441,-5.97001791097447,-5.09958543411538,1.54307965504943,50.38199,36.9705073574932,FALSE
4364,Gaia DR2 3564818530648768768,169.099225938683,-13.3036756313651,3.73831375595932,-46.0588390963036,18.3243406326167,1.57645595306503,0.587153,20.8130699188913,FALSE
4365,Gaia DR2 3564824681041940352,169.183361937501,-13.2488960675878,1.15555646429474,-18.6150031275604,2.96214666583298,1.51583679722636,20.12519,-2.86998588431279,FALSE
4366,Gaia DR2 3564996097481106944,168.167252335338,-13.0311436808902,8.32535562036995,9.85605753876333,-11.2601896715204,1.42026716757067,0.08378094,5.03660911112516,FALSE
4367,Gaia DR2 3565215797944257408,170.378380189323,-12.6983897291228,14.720438794073,-149.295418154433,46.8805040927869,1.6456050234346,2.7223032,15.9052324136384,FALSE
4368,Gaia DR2 3565256170636672128,169.530623047129,-12.6074093136273,1.54208060583561,-17.2362010171209,-13.8228098276706,1.53425010388234,3.0515678,14.0077032413227,FALSE
4369,Gaia DR2 3565143195816883072,168.948946915233,-12.2519954789236,3.74946683082067,-17.795998747035,-2.73594852033929,1.62335553135335,2.4805658,-33.6541381773296,FALSE
4370,Gaia DR2 3565243320094579968,169.993219823421,-12.6536372164574,2.52323476050974,19.7326122662361,-28.0479672189111,1.61081520185456,3.762716,-21.9833121152917,FALSE
4371,Gaia DR2 3565235898391081984,169.87225493284,-12.7899600117985,5.3075599716465,-50.5075378761602,-2.43472666849732,1.60477443648387,1.1318005,4.57255455564939,FALSE
4372,Gaia DR2 3565087361242089088,169.000086293223,-12.5383334686601,2.26390972391062,-21.6922721993147,-2.83981683162493,1.61563788931687,3.9664195,31.9189275595126,FALSE
4373,Gaia DR2 3565111516138014976,168.319975340861,-12.6964187636194,0.937034994922865,-19.1401054305105,0.0942733632212575,1.50454782355917,15.394887,40.594120226546,FALSE
4374,Gaia DR2 3565270326849008512,170.24599252957,-12.4973365872335,1.70927972086612,0.793009225557988,5.62135531887947,1.61366162270062,6.289277,-10.7320992213063,FALSE
4375,Gaia DR2 3565232526840640256,169.804621590397,-12.916958538155,2.20533237559035,-19.8362527457257,1.14204513898915,1.62081773475593,2.1792128,-28.8766535441235,FALSE
4376,Gaia DR2 3565294236930960640,170.178866669336,-12.2891566598032,2.01301913683787,10.9227595319568,-22.6192774780055,1.61462055197754,2.2958772,-30.7633681791013,FALSE
4377,Gaia DR2 3565257304508056576,169.69026985915,-12.5689740034857,4.05056838827512,29.0137154761893,-31.2747513474627,1.58065162049225,0.46215117,-1.85859861898462,FALSE
4378,Gaia DR2 3565155977639556608,168.842609120142,-12.189370662712,2.98642182210668,-51.2933674893784,13.8460177750824,1.61521067408106,0.9893631,-12.2888787047553,FALSE
4379,Gaia DR2 3565069906495061888,169.195536783474,-12.6698667652342,2.39011176351201,6.35316122514738,-8.92068967759017,1.5533552515349,60.17289,17.2942796027107,FALSE
4380,Gaia DR2 3565200610939895808,170.540322036586,-12.8144215509902,4.58465699494336,-16.3255435288319,2.36922388687061,1.59893586050224,1.258564,24.4902133003455,FALSE
4381,Gaia DR2 3565094714226004224,168.508980181142,-12.7940618623084,2.19107049581967,-30.243191965337,-4.57070053699178,1.39451942732808,319.75626,20.6893505378167,FALSE
4382,Gaia DR2 3565170511809018112,170.165549892327,-12.9831627163036,1.50995841282198,-11.1505348777074,1.96392222759143,1.57586617673798,9.869209,41.811806113201,FALSE
4383,Gaia DR2 3565037780139603840,168.977205708481,-12.8364317549269,2.4756176461201,-6.62497235849297,7.83286536990989,1.52007354921986,6.493245,22.8675881425547,FALSE
4384,Gaia DR2 3565226312024225536,170.585499380823,-12.49842749351,0.871809936870477,-2.39388824876759,-4.86844795657158,1.55954666674206,16.086079,33.3357210341063,FALSE
4385,Gaia DR2 3565273762822787456,170.075522665194,-12.4568124037669,1.309668809041,-7.73805142050218,-3.6190230623032,1.5550860994533,3.0793707,-27.1586364884366,FALSE
4386,Gaia DR2 3565224009921738240,170.491663261274,-12.5908155422264,4.57518587286436,7.52955409586801,-10.7094578233364,1.5906826861426,0.8555563,8.05590368449616,FALSE
4387,Gaia DR2 3565274175139649408,170.065681808263,-12.4193638849502,4.05717737477744,38.3348830791759,15.7296534516525,1.605875069544,1.6714,-18.9233470658476,FALSE
4388,Gaia DR2 3565158245382228736,168.717793061857,-12.2026442041928,0.559473786101969,-11.6463300459899,2.28780830132665,1.50877737683242,62.09699,2.75336659795964,FALSE
4389,Gaia DR2 3565159001296472576,168.641149566662,-12.1712651276473,1.19075758198305,-31.9128533282683,0.844161123347231,1.59464496005048,2.5571692,29.4599315419858,FALSE
4390,Gaia DR2 3565054582051596928,168.719590955345,-12.7593589562174,3.91210985742047,47.0255981355704,-39.8689197303847,1.58651755242808,2.4862509,9.92054249893043,FALSE
4391,Gaia DR2 3565151476513764864,168.567681802485,-12.2821215983569,5.67160745504562,-93.5566549438067,18.8492307708972,1.619561556395,0.95046026,30.9737220181749,FALSE
4392,Gaia DR2 3565183259271951232,170.006429385396,-12.945105040287,0.24641053355697,-0.806600062533205,-2.4847687906399,1.48408966021876,120.87575,42.1534175227549,FALSE
4393,Gaia DR2 3565289465223228416,170.069524231978,-12.2818672858075,1.16031262528514,-13.4681004829803,1.11632484207387,1.56180165096907,60.136192,21.4625110089174,FALSE
4394,Gaia DR2 3565035649835815296,168.809577708395,-12.9560387305271,2.15089935936657,-41.2764438363938,14.7220880107949,1.48880919519604,80.19928,-9.91946889704691,FALSE
4395,Gaia DR2 3565297539761752192,170.228845734617,-12.1691356228994,4.42919534001004,-15.195348837157,0.658371138024441,1.62294732158237,8.104771,-23.0792509194787,FALSE
4396,Gaia DR2 3565166800957267072,170.03494667968,-13.1311916061078,2.24225176470445,-10.4192653180907,-0.605653030354719,1.61785815681253,1.1935786,-9.70712073037349,FALSE
4397,Gaia DR2 3565119865554453632,168.418668356836,-12.5269740925943,1.35194523712631,-22.4034116736761,-6.19817854397336,1.5023568375511,32.0336,16.7989002864525,FALSE
4398,Gaia DR2 3565225345655536896,170.499059878316,-12.5328641267264,2.15644215833695,-42.9832008588012,20.6437288900663,1.61344977349104,1.3141056,-0.571987868199971,FALSE
4399,Gaia DR2 3565115020831304192,168.118999169944,-12.6278733889101,2.34940970105074,10.9434405818825,-5.94863808568767,1.59764635984379,1.53605,-9.48110192693341,FALSE
4400,Gaia DR2 3565264829290743680,169.670908846953,-12.4472285125242,3.2319145155377,11.9725300196709,-14.1892072708339,1.52346768310019,25.79866,19.5135010519284,FALSE
4401,Gaia DR2 3565147490784113792,168.680866114075,-12.3353385996676,1.1729995573715,-13.0413653882854,-10.0689376170938,1.50934301266753,4.344266,13.1698570190524,FALSE
4402,Gaia DR2 3565288881107673600,170.008566732663,-12.32330711949,2.25288444238139,35.6687589139662,-16.7061811250738,1.61778516543981,1.4937582,29.7033623857832,FALSE
4403,Gaia DR2 3565236826103974144,169.718482524708,-12.8608428805676,1.05740923086161,-9.89249875657508,-0.205557918416413,1.49526707679572,43.243793,-16.5572642723744,FALSE
4404,Gaia DR2 3565120037353145216,168.388882531044,-12.5161411619785,1.02163571301828,1.809938984913,-11.3406463495118,1.50459469374215,21.943521,-4.01578227781472,FALSE
4405,Gaia DR2 3565301147534281216,170.20118147453,-12.1340009207586,2.12464174424381,10.6344813033946,-8.52102414751181,1.59671787627663,2.0651147,47.1049322278046,FALSE
4406,Gaia DR2 3565301937808264448,170.133576182103,-12.0906734733362,2.16903646854773,-26.0650589967819,20.200706199166,1.59645849882973,0.9168472,69.0679880881706,FALSE
4407,Gaia DR2 3565281493763985152,170.306837539446,-12.3371116860176,2.39140754514431,-35.3511796768182,6.45941045897197,1.69859197692087,4.0937686,6.96681693313755,FALSE
4408,Gaia DR2 3565178174030736000,170.412779781263,-12.8696243685082,3.46044458256429,15.8121680408265,-21.671425677485,1.58394418179778,0.911103,14.4713879957278,FALSE
4409,Gaia DR2 3565162196752380800,170.175011950645,-13.2155556505068,1.92738248139979,22.1532447076586,-29.1665508967141,1.60088728647465,1.7996083,-22.4662585264071,FALSE
4410,Gaia DR2 3565288395775438208,170.126280556188,-12.311135290779,2.09603188898789,-16.3777425318645,27.1200721780048,1.60746143618806,1.5944902,31.867090693789,FALSE
4411,Gaia DR2 3565286922602583552,169.971778674432,-12.3843216479312,3.57410519479274,22.3236465334554,-19.5680161248438,1.64060031444098,2.5999937,-15.3994642364659,FALSE
4412,Gaia DR2 3565302036591568384,170.07257868492,-12.104448062662,2.62207076386811,-2.95952348634796,-25.025937027855,1.61798265361098,1.3768812,39.8798026109209,FALSE
4413,Gaia DR2 3565187416799125376,169.930566246387,-12.8818052099704,2.55188402806393,-41.1051893423192,2.34427438328698,1.56532735146233,0.8033453,-3.65663498018239,FALSE
4414,Gaia DR2 3565266203680304256,169.86512044531,-12.397614715739,1.93033182186297,-28.3306780140428,3.64542309777978,1.56640828966795,6.38976,28.8789051371939,FALSE
4415,Gaia DR2 3565271254561887104,170.162462196258,-12.4840542603471,3.40463441483418,11.5725477675764,-9.96543590025324,1.61400509386253,0.82927203,-11.5452544179952,FALSE
4416,Gaia DR2 3565211056300398080,170.628875551474,-12.6512619222679,4.46344388146436,-35.767820764161,30.2523195275725,1.61933467540119,6.838687,1.92939031523858,FALSE
4417,Gaia DR2 3565150303986647168,168.412412833789,-12.3349860868213,0.724233705230498,-12.7007951489425,-3.05774869255467,1.51982310449685,15.84945,11.4302533334025,FALSE
4418,Gaia DR2 3565180201255233536,170.02291022666,-13.0461954972974,2.5941723544433,-17.8562888909001,0.480669355245064,1.57784548827912,0.7645182,9.28533146131165,FALSE
4419,Gaia DR2 3565061037386386048,169.041976388273,-12.8353830289818,15.29083677202,8.07847043654074,-175.03162535052,1.39545595623922,0.06805012,5.17998649267888,FALSE
4420,Gaia DR2 3565287158824857600,169.962223229975,-12.3651255751168,3.76221257209043,-33.3742869255497,-14.3944380995026,1.61771331726089,1.4438289,11.3136970200486,FALSE
4421,Gaia DR2 3565082791396886912,168.932039682242,-12.5001201496732,0.426533720276625,-18.6093862190322,-11.7737766300364,1.56649169292686,36.728405,230.028214283076,FALSE
4422,Gaia DR2 3565045747302813568,168.592023731399,-12.8923236987586,3.50981952120854,-2.41638237443428,-5.15664981389517,1.57522363654045,0.7585382,21.4081362710659,FALSE
4423,Gaia DR2 3565121613605110528,168.459793711297,-12.4775199569036,0.370168355872788,-6.48190333897247,1.70146029198488,1.54927277563472,57.28741,-5.55898370407461,FALSE
4424,Gaia DR2 3565127081099565440,168.754931010719,-12.5992996816095,4.71188634854423,11.3617438699375,0.359756210140136,1.62514187216081,1.5271246,0.856592683719104,FALSE
4425,Gaia DR2 3565131234331863552,168.843787730607,-12.4191607514804,2.12937198160577,2.26364385266516,-14.3570033796685,1.62255118783835,2.75507,9.33923012727586,FALSE
4426,Gaia DR2 3565291698606176128,169.899635585624,-12.2760959650283,0.295586807109571,-0.927390432720952,1.30222713266684,1.46782170021583,320.53265,31.5951800682723,FALSE
4427,Gaia DR2 3565074751218095616,168.972060010791,-12.7146699608594,1.41882871998309,5.74751215253394,-11.6120235128738,1.48435081869935,26.079397,0.456867976137413,FALSE
4428,Gaia DR2 3565092343403998592,168.440212189325,-12.8772778300633,1.22816855404269,-10.1490048505585,-5.48109330689696,1.54841582985428,14.721354,-11.2035755707872,FALSE
4429,Gaia DR2 3565096500931356800,168.312223312178,-12.820973851998,6.94205081167419,-110.233393396005,16.4267585587042,1.65123873721874,0.85069937,13.9181162814943,FALSE
4430,Gaia DR2 3565072586554668032,169.338703270091,-12.5715261641922,2.11908584738316,-36.9737819569342,5.85912562326607,1.61114579909943,1.7356763,58.9461579024916,FALSE
4431,Gaia DR2 3565203217984035072,170.367340196363,-12.7660916338502,2.45337530983238,-18.6832809443106,25.7132133816204,1.60538925792399,1.2196947,5.53786220181283,FALSE
4432,Gaia DR2 3565116704458491392,168.245103169706,-12.5768389764293,6.86438601642616,-44.3930266218452,-42.5586733858195,1.5057793283573,0.16763857,-1.01228647490885,FALSE
4433,Gaia DR2 3565104231873545344,168.627064525033,-12.6197747865216,1.00937537346467,-10.7197253789091,-3.24443810021698,1.52338221252929,8.822236,59.7480228183014,FALSE
4434,Gaia DR2 3565231088027853056,170.547732604438,-12.4084985122186,2.34475932331811,5.81262253066655,-23.3305238759508,1.61498504361527,2.612375,-16.5401076714194,FALSE
4435,Gaia DR2 3565064954396556672,169.114889718791,-12.6692148511993,7.76920472789059,-132.320721065224,-13.7171387630763,1.47999703566529,0.15082665,37.4647678656399,FALSE
4436,Gaia DR2 3565201431277639552,170.557749734315,-12.7508539711029,2.03677300997924,1.42151762938953,10.4594606880179,1.62455471757089,2.3918023,35.2611436908501,FALSE
4437,Gaia DR2 3565221845258167168,170.327599503408,-12.5914605826243,1.42199798638152,-9.97029562011012,-2.98097988419428,1.61817133711548,5.1051006,13.4240558415894,FALSE
4438,Gaia DR2 3565184839819862528,169.965094261018,-12.9350188506823,3.09460658692462,-32.9638291241008,-3.92920661012284,1.64530028247397,3.4125905,10.4635099729351,FALSE
4439,Gaia DR2 3565074304541491968,168.928004663965,-12.752071205703,2.23181937569852,-9.15854262659046,1.7065586928527,1.64864729879007,2.8528101,-8.71454200293005,FALSE
4440,Gaia DR2 3565232874734100352,169.823683067671,-12.8828498235049,1.47056125366634,-23.2322106386918,-9.19873706789466,1.56720973830628,2.8252683,38.3083884791788,FALSE
4441,Gaia DR2 3565153469378647680,168.767649621306,-12.2939007833186,2.82876680626855,8.67655045945428,-9.66859238113686,1.52842572169715,47.682663,16.6542654359876,FALSE
4442,Gaia DR2 3565108183243407232,168.532990149838,-12.5902967621959,2.02441700247592,-0.462896206537539,-17.6966020974638,1.54939386583351,12.467862,23.2103693148082,FALSE
4443,Gaia DR2 3565153263220216192,168.748856810552,-12.3247019206414,1.35600992261238,-0.466988605319794,6.49128227809825,1.51337520332302,53.394104,13.789910186741,FALSE
4444,Gaia DR2 3565242456805250048,169.959576506934,-12.7178703601609,2.14594997091829,-7.72001105024034,-12.7673576177669,1.59254574508219,1.4218239,62.1104948015324,FALSE
4445,Gaia DR2 356660994865020416,29.6336201543431,47.9402173050224,2.8149924511895,20.5727242279894,2.82278307862747,1.59973673757429,0.84747446,-6.22225469340802,FALSE
4446,Gaia DR2 356610348610307072,31.3647422173264,48.6402952051099,1.64352131354834,-4.84048671078667,0.310200252607969,1.52214308455389,140.7566,-17.623179929382,FALSE
4447,Gaia DR2 356650682646590080,29.7572192194423,47.8272911912147,0.640746738136848,3.31132834787654,-1.16849788515336,1.47422565039149,34.795204,-27.7064158103865,FALSE
4448,Gaia DR2 356592825143817216,30.7825322503496,48.4235863067894,1.17967272355586,5.51455764893283,0.468397564273831,1.62215257095535,5.2060156,-7.07634527765732,FALSE
4449,Gaia DR2 356662880353697792,29.7340185953006,48.0080966061258,0.410130343386285,-3.53590887115482,-1.73030766424982,1.44296306386022,57.689186,-72.1441531944177,FALSE
4450,Gaia DR2 356531076396491776,31.7523942205242,48.0212749397234,1.19962555674145,11.1297803294111,-9.48605145900423,1.57152153452413,2.435998,-25.4279672863158,FALSE
4451,Gaia DR2 356669443063728128,30.1285792956086,47.9811146586143,0.255371738843231,-0.903300652638713,-1.54674698245728,1.42598182264586,229.30585,-80.5496234600405,FALSE
4452,Gaia DR2 356637939480862336,30.0705453162744,47.6089876260523,0.790977516681787,-1.29112911692046,-3.0115775081213,1.50810942727054,37.338947,-61.2155647694198,FALSE
4453,Gaia DR2 356643741979442560,29.9521764897038,47.7790088451942,0.375411987833951,1.81215818718383,-1.89977663978566,1.49031869746768,48.38932,-40.48680592124,FALSE
4454,Gaia DR2 356612375834947328,30.987355004604,48.4095715217465,0.873627251279095,14.2474503092307,-7.64153504838017,1.52862515819866,42.090275,23.903616928909,FALSE
4455,Gaia DR2 356653195204448896,29.6698556528822,47.7989557552949,0.495513449863871,1.13181052884922,-1.07386600226065,1.5073158775966,42.775757,3.77965614774604,FALSE
4456,Gaia DR2 356626463327577984,31.0245445694515,48.7954091847456,1.45915833302488,26.4539238526925,-9.02517799948509,1.50729320983676,3.1939194,8.50642620155974,FALSE
4457,Gaia DR2 356661231086259968,29.6896256612621,47.9609847922702,1.39104482354257,-6.85445008366851,-1.8774185540786,1.57801551455994,4.6312237,-37.0624550216134,FALSE
4458,Gaia DR2 356649518712659456,29.7860857419776,47.7708410725166,1.54235744963132,-13.3550538989473,-8.29631274741734,1.56989501842389,2.836134,-48.2311941986579,FALSE
4459,Gaia DR2 356654737095712768,29.6160285404178,47.8897160703686,1.23146698036132,-10.6470228389869,-7.98388156777418,1.53203332495146,5.477066,-17.9917219656892,FALSE
4460,Gaia DR2 356620897049996416,31.200595883535,48.6216755905603,0.589796574955785,-3.56977263833689,-0.506905672590255,1.55562186761833,23.797932,-27.7787008111264,FALSE
4461,Gaia DR2 356616116750093056,30.9129253289296,48.5147778957342,2.42589628756094,46.9076987172865,-19.5602212094157,1.59402750185036,1.167049,-48.4025442897772,FALSE
4462,Gaia DR2 356542140232245504,31.5325280886482,48.0413593533632,0.471101658376917,-1.40720276206408,-1.00285238474582,1.50494895511332,33.586544,-46.451403132526,FALSE
4463,Gaia DR2 356658001270855424,29.9510446827613,47.9213596778545,3.18913487984562,31.2440639370856,-4.58837511308293,1.57845733088811,1.0178065,-30.9343641897718,FALSE
4464,Gaia DR2 356616116750092672,30.9062048818559,48.5227121589652,1.49686575257495,0.824637590969615,-8.05435939718893,1.49892148950925,42.246212,5.57698793564091,FALSE
4465,Gaia DR2 356641272375446912,30.0964494998207,47.760919422915,0.377824834914311,0.591335805292783,-0.848915114826461,1.43289412258435,78.2919,16.3365181219577,FALSE
4466,Gaia DR2 356651820814919552,29.6003509621739,47.7743396488166,0.553683904427601,3.54734684933187,2.17986168565114,1.51324365116492,44.140453,-45.1102113624432,FALSE
4467,Gaia DR2 356641444174139264,30.1602567414852,47.7551117827182,2.58212570518751,5.42365649728952,-1.14911837776576,1.61478982634747,1.9664766,-0.925150175972456,FALSE
4468,Gaia DR2 356667076538916352,30.3119197617933,47.9436643551136,1.39080337104461,0.601563467736704,1.35612389330185,1.4007111036804,526.9788,-24.8154484610177,FALSE
4469,Gaia DR2 356619277846021504,30.9041379143614,48.647837894007,0.485825665987465,1.07885285358298,-2.80573871682116,1.49223067365266,32.802635,-47.0204927779688,FALSE
4470,Gaia DR2 356623748908249856,31.2129179685075,48.757492112695,4.09031912193953,9.60792457057908,-16.7748324508791,1.61884053289728,3.0356867,-20.0876251769447,FALSE
4471,Gaia DR2 356675902694528384,30.4679487733826,48.1523866401724,1.54739465140051,12.4783660591469,2.28234150911467,1.60825485492527,2.381922,74.5007839501844,FALSE
4472,Gaia DR2 356625840556052992,30.9595718416475,48.7289562317357,3.13826337082656,5.65735247143275,-2.90049296239965,1.60484041569522,2.6324775,-32.4875557565508,FALSE
4473,Gaia DR2 356623851987467648,31.2463349398038,48.7399990392956,0.556200649290537,-3.64540318818396,-1.23402323224209,1.4749324011819,156.23587,-23.2596843664582,FALSE
4474,Gaia DR2 356621408149804800,31.1155762125758,48.6292716030545,0.445513054382416,-4.38211701689808,-4.20330173733076,1.45347408917548,91.246216,-93.2607055177784,FALSE
4475,Gaia DR2 356618934248642816,30.947299296169,48.6155225473912,0.485927059842337,0.0848120303376673,-1.0036193531108,1.53809565972347,48.9152,-8.1845194964949,FALSE
4476,Gaia DR2 356543755139945984,31.7331041540087,48.1307671996885,2.61381929941455,31.3875269557125,-20.205627824437,1.58117971771117,1.7190449,-11.4577061702383,FALSE
4477,Gaia DR2 356610653552588672,31.3761447122807,48.6398694291343,1.56897811079638,-12.1391920780586,-3.10592729272753,1.5544093152496,3.7385461,-68.5512300048476,FALSE
4478,Gaia DR2 356610206875990144,31.3304821535684,48.6169457658563,0.294687458971849,2.65247712963458,-1.03302387637813,1.45557821022052,50.495277,-47.6077640008973,FALSE
4479,Gaia DR2 356676315011388160,30.3965682445728,48.1548863022884,2.8926212834512,-3.81305001844638,-8.75826998559152,1.60453365592552,1.3337301,-19.4548343898966,FALSE
4480,Gaia DR2 356573888631918592,31.1157015420228,48.1751145831724,3.67361873491818,-30.0506154556892,10.6852487523139,1.4968234688827,0.5594057,-45.492765526613,FALSE
4481,Gaia DR2 356562897811846784,30.9068538480095,47.8731895018257,0.556910997276129,-4.07485896135847,-5.44768384730637,1.48095196605412,23.824156,-83.6005439329088,FALSE
4482,Gaia DR2 356529981182668416,31.8065572569165,47.9798060653381,0.450989310038224,0.934027328389108,0.025303271246417,1.5151339498373,37.59292,-28.9831800782576,FALSE
4483,Gaia DR2 356658898921190272,29.8427295060268,47.9577298336349,0.482121437918084,0.244109103292155,-2.16451975748228,1.50493176644005,24.557774,-107.822537191251,FALSE
4484,Gaia DR2 356648453560569856,29.6792354407863,47.7094316958054,0.482888991135838,5.70611494672052,1.29512412785099,1.50750005661433,40.591537,21.4910612133548,FALSE
4485,Gaia DR2 356613711568414080,31.1179886889435,48.4832244851443,0.408741908014766,-1.1474752206039,-2.15451389162513,1.49575045547463,49.812374,-43.3722199989328,FALSE
4486,Gaia DR2 356663017792649600,29.7476725574881,48.035777418121,0.891470864382622,6.87334171789374,-0.957654261095111,1.52029055727062,9.3760195,29.0314225239309,FALSE
4487,Gaia DR2 356656287581108480,29.7919774751706,47.8185005112495,4.57161484657649,-14.2687862432214,0.877202401354689,1.60323985582029,0.7168659,18.8332497652399,FALSE
4488,Gaia DR2 356626802629623168,31.1427461127419,48.7793336014471,0.492841048101596,1.48544414452786,-0.459623855228075,1.46169103356796,62.422375,19.2542958215931,FALSE
4489,Gaia DR2 356597326269550208,31.3202588809131,48.3512678903591,0.570428998131335,-1.10618225248053,-0.69832978278754,1.54429528833822,81.87059,27.2963526701292,FALSE
4490,Gaia DR2 356583651093724160,30.7327834125983,48.2598524873735,3.33371199539623,22.7971313007758,-17.7442411867481,1.5662019224192,0.6199932,-46.0272805757403,FALSE
4491,Gaia DR2 356630307321750016,29.9157239722023,47.4739017678281,1.8588203905595,-16.619551088397,-5.79902783541804,1.647341119919,3.203817,2.66681259086831,FALSE
4492,Gaia DR2 356615773152716032,30.9707966806637,48.4824587665528,4.38336678945377,31.4890280421338,-14.7822646427057,1.6876471901851,3.9296706,21.9761370431413,FALSE
4493,Gaia DR2 356631097595732096,30.0525190302615,47.4884464323059,3.89030292704382,7.0265465164574,-4.09280981874041,1.58946429972143,0.5661245,16.1608581767389,FALSE
4494,Gaia DR2 356586159354624640,30.8818591590396,48.2482594555262,0.69654992120465,-6.04709903884394,-0.129221515056169,1.46110304599907,63.763435,-79.0499815386644,FALSE
4495,Gaia DR2 356607531111789312,31.4114879791362,48.5343104224503,0.218781905945858,-0.835358957425156,-1.4197937278458,1.5028082645309,80.005486,-33.9666925774945,FALSE
4496,Gaia DR2 356673222634946432,30.3878152009614,48.010446261292,1.69453064683509,-1.18615245275552,-5.22409952098209,1.63795632748607,3.570739,-1.22191589400506,FALSE
4497,Gaia DR2 356631441193114496,30.0496727420783,47.5370339810669,0.288606651192145,-0.51341554201476,0.707502361228916,1.48427640187078,114.798935,-29.4626844070943,FALSE
4498,Gaia DR2 356671916964884736,30.1396043740882,48.0627866398167,0.423941089714883,-1.47282627477402,-0.664445364086371,1.52119495958986,53.00023,-62.2826136605832,FALSE
4499,Gaia DR2 356589835846615040,30.8192509644789,48.3105206097117,8.04098730047899,48.8469227701196,-56.5640132935645,1.56795442074178,0.6691477,40.7089656235314,FALSE
4500,Gaia DR2 356605297729021184,31.5969855156353,48.5219447090903,3.97142856009826,20.6906271451793,-13.0701029894617,1.6268805413586,2.7273676,-4.66946829645179,FALSE
4501,Gaia DR2 356644948867433088,30.0898719827585,47.8571540298487,1.43812649002034,0.984978352020119,-5.58105635259977,1.61230939561981,5.208173,-39.1032663851538,FALSE
4502,Gaia DR2 356671435928548992,30.2059855045066,48.0440373167884,0.291731661929239,-0.420291895822867,-1.43817241959077,1.50365085497119,49.032104,-23.4791058116183,FALSE
4503,Gaia DR2 356649445696012800,29.8112825055471,47.7536454665642,1.20048083168964,3.96105709821421,-7.94017614466357,1.55157539268472,4.1857257,6.01321198209233,FALSE
4504,Gaia DR2 356574614482524800,31.1815253319611,48.2500985973758,0.581814147117547,-0.672722003242111,-3.74396030949043,1.5171814201544,29.385117,-14.900896736298,FALSE
4505,Gaia DR2 356640924480898688,30.1288492681068,47.7282542291342,10.4418758290877,91.3730243634386,-24.5429253012885,1.50983954726545,0.22999877,12.9761939508941,FALSE
4506,Gaia DR2 356637041830465024,29.8936582392171,47.6654182763802,0.571398866418333,0.285845133981996,-1.94411656604563,1.53179289992047,41.190464,-28.6361595198913,FALSE
4507,Gaia DR2 356586777829905408,30.8861412287799,48.2848794592431,0.800183965212636,5.28875657763244,-2.41486010931239,1.45188350534552,25.457348,-29.0792481880262,FALSE
4508,Gaia DR2 356592515906179840,30.8013011245324,48.3929940915211,1.74540534397814,-7.64844894536332,-0.382462593783707,1.60543280284396,1.7190417,-18.6831395576933,FALSE
4509,Gaia DR2 356588976853127296,30.9401224279375,48.3822778930634,7.97553626014887,91.442968199647,-49.3495584527979,1.44462697555805,0.09445438,32.7970912887168,FALSE
4510,Gaia DR2 356639550091364992,30.0808908518809,47.6985377641799,0.477083353988426,-3.60901875602652,-3.4816337163892,1.51286676362277,49.686348,-57.6015311643865,FALSE
4511,Gaia DR2 356599353494122240,31.1460315339174,48.3438775197594,0.672607650977829,5.29878843932113,-2.8251744225746,1.50673473527627,56.8408,-28.952528381469,FALSE
4512,Gaia DR2 356596054959451648,31.4190006348011,48.2950431077345,0.23599847600171,-0.830320296231378,-1.17113765506074,1.469645622225,139.71739,-61.2795640908621,FALSE
4513,Gaia DR2 356539808067754880,31.8466935383302,48.2158558880406,1.48744165687157,1.43007535440297,-5.33799468636303,1.50865295566166,3.3759086,18.2180541687651,FALSE
4514,Gaia DR2 356548226203649664,31.580484443656,48.2571632602102,0.322219150217511,-2.83354765325646,-5.91723170523056,1.36534054953267,1005.5172,-44.8210059129216,FALSE
4515,Gaia DR2 356657730690101760,29.8845688096466,47.8871150942808,0.51785526648786,3.55713935857354,-1.45191370263628,1.52145301836375,48.576942,30.6412172020082,FALSE
4516,Gaia DR2 356575469179881984,31.1044518220718,48.2549197184363,1.32846514044725,6.90873556120147,-11.2171877373472,1.49241036187295,15.202475,-18.279982433792,FALSE
4517,Gaia DR2 356643295302845312,29.923179787811,47.7468838031142,2.77371854803276,1.07747597903849,-14.5518105094237,1.6052710508738,1.3478668,-70.2982876542606,FALSE
4518,Gaia DR2 356646426336017408,29.7369022283324,47.5773310855345,2.5125153756909,24.6735208688065,-15.1796311075987,1.63533354571514,9.469038,-4.34935672724633,FALSE
4519,Gaia DR2 356547672150118912,31.5458304472825,48.2068689619925,1.66806084103383,3.53555082613067,-7.11577483601678,1.58077706068209,3.8974319,-18.5078625327337,FALSE
4520,Gaia DR2 356602377151040640,31.2192670766808,48.5276685250802,0.583616851907527,10.2903322276227,-1.74057736605156,1.58704420512178,3.7825718,36.4053181684856,FALSE
4521,Gaia DR2 356666389344158208,30.3219781563314,47.8996045775633,0.339527307136741,-2.38710955165456,-3.44329141878889,1.50661963427097,36.623898,-66.6094897019923,FALSE
4522,Gaia DR2 356565607934973568,31.0458724847194,48.0189799040131,7.28304237202732,76.5857025999712,-40.2352138013353,1.46096587214176,0.17120554,-9.33578616439664,FALSE
4523,Gaia DR2 356675700833171200,30.5292630716018,48.1424733092043,4.74632668120079,11.3638821050362,-12.6374841812705,1.51156878830207,0.22880752,17.7421663985368,FALSE
4524,Gaia DR2 356617151838540672,30.8737146881273,48.5512792038579,1.46254803447921,12.206657120744,-3.00972880088332,1.58043059151346,3.1902933,-13.2642392298342,FALSE
4525,Gaia DR2 356551078061939200,31.6270139078416,48.2371369161502,2.1332223817456,12.2192504064408,-9.28201215490261,1.58328649966054,1.3712671,-5.58030286946297,FALSE
4526,Gaia DR2 356587288929880064,30.9751324787297,48.2766272772519,0.589869966926735,-2.02262507269,-5.70382773874513,1.50294062849481,38.82559,-65.1345378793944,FALSE
4527,Gaia DR2 356608012148132224,31.2761788033403,48.5237645946834,0.550189912550218,0.423076801289521,-2.79521239807357,1.47596184462767,87.28376,-61.907254062723,FALSE
4528,Gaia DR2 356538502397703936,31.8178206210781,48.1970347856308,0.289488311836382,-1.80428165776896,1.03976366706469,1.50305211758999,45.163597,-75.262333800874,FALSE
4529,Gaia DR2 356558327966673536,31.6460648663194,48.5029934413399,0.931181399078945,4.19657368283965,-5.39094392061244,1.4910434045565,46.271687,-17.9051580872537,FALSE
4530,Gaia DR2 356588147923338496,30.9376241128221,48.3099811565959,1.73536989079775,0.784604119171799,1.33383250986054,1.5706456629235,4.968721,-15.0154700555371,FALSE
4531,Gaia DR2 356670409433525760,30.0562037387794,48.0024982279467,0.922579187109919,2.76251573765969,-6.56458621549678,1.65008912293345,7.370163,-11.4122454944272,FALSE
4532,Gaia DR2 356572033206047616,31.0469147817012,48.0987799456697,1.36722689775236,-2.83077910216849,-6.4834967540635,1.62700105847267,3.79471,15.1303681807322,FALSE
4533,Gaia DR2 356578492836850432,30.8249897098449,48.079513782637,4.61394575330917,3.60255987924299,-11.7904399701215,1.53581041721017,0.35797536,5.59609888673852,FALSE
4534,Gaia DR2 356580279543244032,30.820826944764,48.1973514895265,7.91506656373139,20.4861211444703,-21.0277304561338,1.5840217342868,0.39704067,-14.2555177661312,FALSE
4535,Gaia DR2 356543106602700160,31.6454215136044,48.0671722229379,0.392965239881602,0.877775309317247,-1.01779196047132,1.50553418369974,35.835552,-20.3506206820806,FALSE
4536,Gaia DR2 356583715517080960,30.6679185888485,48.1944350007979,0.520713463195319,-5.31381252611817,-2.34823898909528,1.49058458693045,45.96314,-8.35234673049895,FALSE
4537,Gaia DR2 356554651474706816,31.6307113242704,48.3061494813487,0.320957437846666,-1.10389618549676,0.348296685770085,1.51147509246994,47.3777,-57.1895432162965,FALSE
4538,Gaia DR2 356651855174654720,29.6077485372822,47.7910542682327,0.893354465594983,4.37541834039414,-5.14047300290519,1.51974429594265,11.490929,-34.5284066534441,FALSE
4539,Gaia DR2 356595470843700352,31.3017507621008,48.2854394668506,0.587455132573374,3.47825438953986,-4.03645585922295,1.45127905448462,86.41326,-6.99628153947938,FALSE
4540,Gaia DR2 356657696330477312,29.9077624907955,47.8987451164449,0.564998342222819,-1.88787735018006,-5.07360062720501,1.4972784160422,40.655304,-59.3477857239664,FALSE
4541,Gaia DR2 356659998432613248,29.7082745953439,47.9191100781208,1.17676306265837,3.87029436905597,7.63928980721153,1.62227236335928,2.1260023,11.6785798674994,FALSE
4542,Gaia DR2 356586021915678720,30.8474681222859,48.2270719977271,0.471519708996883,-0.382384408323637,1.78548013933044,1.51911797361617,20.844614,-69.4204957909269,FALSE
4543,Gaia DR2 356589109996010240,30.9727476707772,48.4059245388347,0.667203482378354,1.18901503379947,-3.26776027664973,1.49986572645556,33.358322,-33.1501994599247,FALSE
4544,Gaia DR2 356600139472026496,31.1415809528646,48.4051789234501,5.97427728119144,59.5111995703364,-33.3817170067744,1.01494424687888,0.26258582,18.1968767345733,FALSE
4545,Gaia DR2 356603884683507456,31.3756808222726,48.4454321446122,0.263390561114225,-1.15650847861355,-0.792229561994189,1.50680117066784,74.398384,-42.8790400533057,FALSE
4546,Gaia DR2 356597734290341632,31.3482569744928,48.3692076650068,2.01095660557083,2.49196687346685,-1.82234584505392,1.62277942754592,2.910986,4.5038362516252,FALSE
4547,Gaia DR2 356567192779078912,30.9452578843227,48.1238081381502,4.32607518209234,28.0629530706423,-26.0816579043721,1.54778019280374,0.36418763,17.7884332029589,FALSE
4548,Gaia DR2 356678483971990016,30.1977412556527,48.1393505789278,0.429325433504773,-0.733021862651283,-2.31792284500517,1.49402442773916,36.898033,-89.197148213485,FALSE
4549,Gaia DR2 356605847484836608,31.5008800383383,48.5163602272434,0.988579696136441,5.96883053924093,-5.8219502038338,1.5221390756962,21.263083,38.5577699603655,FALSE
4550,Gaia DR2 356579527925153152,30.8048503144528,48.1350392991876,2.48065810779899,-14.792324025791,-25.8503313303263,1.6205150371279,2.1404405,-29.5501976183004,FALSE
4551,Gaia DR2 356539700692967296,31.9499525139614,48.2869357357303,0.856442077749732,4.53206764511801,-1.27209772283136,1.52214014254747,10.889076,-32.3765942827689,FALSE
4552,Gaia DR2 356558323671158656,31.651295157619,48.5089013754054,0.385723008849914,-4.94692986627682,-0.460950482548873,1.46640893743351,67.05994,-62.8083464997519,FALSE
4553,Gaia DR2 356590106428413824,30.7858782522382,48.3343607199768,0.39941393721254,2.4524909443478,-4.45185902869579,1.48507633389121,44.263916,-56.4697668173988,FALSE
4554,Gaia DR2 356590484389948928,30.7604556616956,48.3448414984532,1.00226200031202,3.27881934109233,0.994875485875633,1.61090575635975,3.9636147,-36.5172511780836,FALSE
4555,Gaia DR2 356611924862285952,31.1358428906181,48.4285138965092,0.456602797620773,0.493834972998022,-1.84319248053758,1.50481823763727,46.24481,-8.74394085059451,FALSE
4556,Gaia DR2 356557876994561280,31.6486272408592,48.4394176010728,3.17644634115203,0.937562558121383,-4.08722216749883,1.61871834160651,2.4402802,-3.30489305283412,FALSE
4557,Gaia DR2 356589865910245888,30.8314700425967,48.3184614435186,1.1840907240038,-7.0899152481045,-6.62287583692958,1.50913535131436,6.7625976,-43.4070744892606,FALSE
4558,Gaia DR2 356551249860616192,31.6489360013558,48.280469164185,0.60875403666189,-7.48556902549716,-2.54156120926005,1.52356252750865,62.496246,-31.9412180579648,FALSE
4559,Gaia DR2 356552241997470720,31.787097435252,48.3067856920219,1.94203780046443,4.89879480046554,-5.34648840538895,1.57061176600454,2.0438757,-30.8289645927015,FALSE
4560,Gaia DR2 356586704814316416,30.9234942961707,48.2994515462071,4.17821690210665,75.8743568502719,-27.1701632318459,1.55646472200366,0.47012502,33.4205719238446,FALSE
4561,Gaia DR2 356552241997471488,31.7983572342841,48.2958585788012,1.29803022193391,-6.33993212365479,-2.31293741711079,1.62713118216895,3.7998552,-44.8077013391349,FALSE
4562,Gaia DR2 356551657881918592,31.6684565989027,48.3010084451329,1.60543306398762,23.5257299872909,-1.59665629325754,1.56018593059321,2.177336,2.73621569621969,FALSE
4563,Gaia DR2 356553478948051328,31.7856510686903,48.3458429963697,1.91434166928409,6.01274378416124,-18.9720551510672,1.59789985768583,3.3699384,-10.3815476320622,FALSE
4564,Gaia DR2 356652336210996992,29.5222389744149,47.7679462782424,0.838154017399945,-4.7480661584619,-3.09403168162214,1.62412426150669,5.8868885,-40.0398671166009,FALSE
4565,Gaia DR2 356583170057404544,30.7561183050421,48.2027091116488,6.11026583961195,9.11490833045384,22.289078819679,1.6245515761042,1.4950806,33.4410667277669,FALSE
4566,Gaia DR2 356551967119564928,31.8342646400435,48.2783756962467,0.64532222219721,-4.00459018821243,-2.29323789941562,1.51264169400393,28.305122,-5.13890999679426,FALSE
4567,Gaia DR2 356677796777225984,30.284435084544,48.1225742611762,2.04693253941596,-1.34861139992202,3.27355973594172,1.59499066746524,1.4240627,-4.54459717015067,FALSE
4568,Gaia DR2 356596845233412096,31.4168137046212,48.3636898337045,0.281753568488424,-1.18507564759362,0.76521894186249,1.51317176885428,57.95918,-53.6239508787518,FALSE
4569,Gaia DR2 356595122950228864,31.2579846579905,48.2452899096688,1.117419985444,-0.0296353500905313,-3.09118711339891,1.61882388708714,9.086917,-46.094628138087,FALSE
4570,Gaia DR2 356555957144748288,31.5449929497442,48.3692948414473,1.18957490306088,-12.2174310349696,-6.17644833268062,1.58134911456242,4.502074,-33.4692296684322,FALSE
4571,Gaia DR2 356595707065779328,31.2887974232868,48.3158580293041,0.667747099765946,1.00380255880038,-3.68691978717986,1.46297745300234,42.556213,-34.1959955265623,FALSE
4572,Gaia DR2 356598455844849280,31.1928698954856,48.3072151300853,10.0066657024712,-25.9625725122667,8.73721033253914,1.5895185800315,0.87258875,-22.0929263580269,FALSE
4573,Gaia DR2 356568425433519360,31.115504074502,48.0291488155277,0.385260103032736,-2.53534058206558,-4.42128535175875,1.52201883504154,74.940155,-100.503507596703,FALSE
4574,Gaia DR2 356556232022658560,31.6789103006813,48.3464361555421,0.485498904980849,0.7005620934375,-0.587773305922714,1.42256054997253,435.82135,3.52711704604504,FALSE
4575,Gaia DR2 356560282175527808,31.0219539778536,47.9035104049964,0.339474052862927,-0.574103072965311,-1.37966795217979,1.48753460638295,40.31805,-26.8934044052912,FALSE
4576,Gaia DR2 356587838685692800,31.0094061603852,48.324080843109,0.195225088245252,-0.318284368517749,0.913667609549327,1.47828805405886,195.7899,-0.567293972180645,FALSE
4577,Gaia DR2 356562859155905792,30.9376725178789,47.8673433564496,0.5825970514806,0.850606935250121,0.308239883253529,1.52744720865742,47.031025,-26.8732935290115,FALSE
4578,Gaia DR2 356532936120141696,31.9824504672974,48.0385063913887,0.413499845725077,-0.713027400182334,0.159716620482836,1.47046801388132,43.501034,-14.5079824686657,FALSE
4579,Gaia DR2 356660479468941824,29.716000480089,47.9420683293295,1.1888450764118,4.85188042236095,0.018159551417275,1.5158891787216,11.562951,8.1168157123725,FALSE
4580,Gaia DR2 356678346533047168,30.1751492736685,48.1131128302848,0.796420611008396,11.2026813239855,-5.53299207481459,1.41484004151432,156.95456,-48.9485074816241,FALSE
4581,Gaia DR2 356604949836124672,31.5010895634607,48.4771384645429,0.245558471178413,-2.70421543894065,1.394811567304,1.49609604772509,58.721424,-71.3477933358874,FALSE
4582,Gaia DR2 356524449264842752,31.7808939243397,47.8348695311068,4.35022254611153,21.6110464346743,31.7940280198811,1.6129579996979,0.8710372,22.7905722216517,FALSE
4583,Gaia DR2 356544549711680512,31.5820251950016,48.1604186887915,3.88991569648997,-29.192087181921,3.51242715139213,1.60473697939354,1.897165,-58.4174232267711,FALSE
4584,Gaia DR2 356552486811179648,31.8373228221932,48.3226466044621,0.616800551693546,-1.88705036568488,-0.730954024126291,1.50287561627854,15.732503,-61.9739228341754,FALSE
4585,Gaia DR2 356612990013908608,31.0587926145667,48.4731278959412,0.584581403078353,2.88800784289712,-0.730976966133909,1.48517962309884,41.30755,-38.1033654876232,FALSE
4586,Gaia DR2 356593714199532544,31.329565081756,48.1725115325703,0.437678136008949,-0.307797543669023,-4.69838619651941,1.50321049835451,45.916946,-62.3083589929211,FALSE
4587,Gaia DR2 356646391976279424,29.7376989744697,47.5618523362585,3.05948566822385,29.7463453322066,-12.5208134026152,1.57940505678813,0.5929699,7.57376595252537,FALSE
4588,Gaia DR2 356532283285124352,32.0033364234329,48.0075787897991,1.60882635502712,0.478984521531937,-3.48719430675983,1.62874902665765,12.554827,-6.97237886509647,FALSE
4589,Gaia DR2 356630208539760256,29.9138517082288,47.4553566095461,0.999177207355944,-1.98138428667873,-4.58826305192196,1.5239978879269,77.98699,10.3503285400938,FALSE
4590,Gaia DR2 356573858568304000,31.1391199004197,48.1763617825244,0.491572083037026,-0.998971780761317,-0.824281958797318,1.50414284137495,105.248215,-31.2223742144706,FALSE
4591,Gaia DR2 356585055546887680,30.9500351561441,48.2016240878441,1.12712953558415,9.20630301255979,-3.04511728154802,1.61578648770807,5.6026835,-13.0242322737119,FALSE
4592,Gaia DR2 356603060048363904,31.5009242420455,48.4246369645431,1.06683741148949,1.01626651289272,3.28340901917586,1.52810897998031,4.201506,0.136355747391395,FALSE
4593,Gaia DR2 356585987555943552,30.8622585793717,48.2137002991439,0.458113487194732,-2.09285235865501,2.7692623305603,1.60269182699264,27.555824,-28.7039034919895,FALSE
4594,Gaia DR2 356596359899384448,31.434419296905,48.2972955238094,1.73870647030276,-16.8819161488303,-14.2938751767709,1.60375726755881,1.9089473,-36.3636284400248,FALSE
4595,Gaia DR2 356541526054747776,31.6523229077895,48.032243971974,1.05153671940277,7.77090481629726,-8.89399147786603,1.62201205049402,5.9091754,21.3881169394563,FALSE
4596,Gaia DR2 356666732941650432,30.3553766480837,47.9104480893251,7.64206910201736,-34.3358556446252,20.1206240839593,1.4604277282276,0.11029081,-29.5658231538044,FALSE
4597,Gaia DR2 356570074699535616,31.2871842994002,48.1361758540608,9.66738366480435,25.977746152185,-78.2884071286688,1.55012350555119,0.3668243,15.6109119042727,FALSE
4598,Gaia DR2 356675941351336576,30.4884864875978,48.154050263972,0.55121652215402,0.755347015706065,0.563192196586909,1.52541600929372,52.21589,-33.4470207038845,FALSE
4599,Gaia DR2 356578737651171840,30.8354625064358,48.1284054185986,1.40833464956493,-9.15180244691488,0.639141592059499,1.62542698575088,3.3247762,-74.7010350328923,FALSE
4600,Gaia DR2 356552933487787648,31.7509380266381,48.2998463989236,1.74731297026711,-2.20840287911006,-8.62664093224259,1.60020858408802,3.2699466,-49.0249205432903,FALSE
4601,Gaia DR2 356660307670243584,29.7870493561582,47.9528248117009,0.75790353326984,11.8838406495031,-0.351823072158524,1.50848869898082,39.396637,-4.94988965096013,FALSE
4602,Gaia DR2 356558770347040256,31.0088433062154,47.8039469920087,1.39023761799351,2.73358585444329,-16.8619432709439,1.48922143639165,5.180758,-8.71766233936219,FALSE
4603,Gaia DR2 356639004632740864,30.0351461939833,47.6593447633372,2.04687240689624,-8.66513267255303,-1.41839350428878,1.53108804315629,62.987183,-31.3352105385127,FALSE
4604,Gaia DR2 356587838685692928,31.0024989311778,48.3230152053768,0.475553929918279,-2.65746624155308,-1.50213336363412,1.47546699455401,49.607647,-21.4166604785014,FALSE
4605,Gaia DR2 356549600593164160,31.4860250731403,48.3312520610879,0.350817278655446,-0.862494775612931,-0.977815523904418,1.5119918405599,42.217945,-91.4213780414918,FALSE
4606,Gaia DR2 356639245150909184,30.0977690760237,47.6561608418115,0.926673962438764,11.8784788187415,-6.78961255886046,1.39543405060908,348.77136,-52.5749018608195,FALSE
4607,Gaia DR2 356640615243253248,30.2008031888194,47.7331485247439,6.59339129082202,8.56763226399051,-21.9904616154366,1.5783239570924,0.46162525,-1.07016820332713,FALSE
4608,Gaia DR2 356562588574168960,31.0662792678717,47.9895227310964,0.597302626664083,0.627889137050347,-2.25515603908429,1.46630686245937,300.89304,-42.1185804304188,FALSE
4609,Gaia DR2 356666148825984256,30.2040047539451,47.9360330332019,4.13995831086185,6.9145390835799,-5.46890482716307,1.50707429249755,0.34830043,7.10713204560785,FALSE
4610,Gaia DR2 356601243279695616,31.2766126277755,48.4527176266369,3.95358558039129,22.3856199948987,-2.88333398926498,1.60575545851582,9.334229,48.4195839534539,FALSE
4611,Gaia DR2 356673944189451904,30.3207967808512,48.0173988849242,0.620539947891729,4.05478561172236,-3.37769362512743,1.50687034067802,51.3428,-10.674190683869,FALSE
4612,Gaia DR2 356661544620814848,29.6795059765567,47.9966155982535,1.4670126233326,3.16741146809347,-0.745873111937374,1.42806090567541,453.3126,-31.5674876913182,FALSE
4613,Gaia DR2 356671813885672064,30.1426038621153,48.032617525487,1.66420362419076,36.4191972452041,3.16284589237871,1.55389964920938,1.2357147,-4.90308043850418,FALSE
4614,Gaia DR2 356605980628551296,31.4475229471234,48.5230754496603,1.01444917400712,5.45732669477046,-2.78380389870096,1.51505550059364,12.122335,32.3166638014167,FALSE
4615,Gaia DR2 356565509151924608,30.9590666364017,48.021362609751,0.383079163782574,2.61901886984618,-3.4171659151389,1.48152620238745,52.019398,-33.6751744695975,FALSE
4616,Gaia DR2 356605022851118080,31.5360166337245,48.4878942387808,1.73368870131947,-5.20772276732888,-0.0800647745722262,1.64088910315538,2.9039593,-19.7987389352359,FALSE
4617,Gaia DR2 356564993755848704,30.8637933506636,48.0300402199705,3.15078719403391,24.0821899572932,-25.4224347074314,1.57588031130294,1.5280454,-20.8011805898203,FALSE
4618,Gaia DR2 356625776132822912,30.9795089536421,48.7246260078355,1.01817961436607,-3.33803816137263,-1.86230669134611,1.52692882786243,39.35804,-38.7828923288825,FALSE
4619,Gaia DR2 356606667823317760,31.5011438208413,48.5901819126481,2.10375953565894,6.23503610268552,-4.09165409582228,1.56511796346195,0.8912252,-35.1782336281808,FALSE
4620,Gaia DR2 356531145115967360,31.7318959145746,48.0497319113313,4.12656379401087,-23.3533597667985,-38.7295532789076,1.81073889741588,0.6435836,-32.3210295821771,FALSE
4621,Gaia DR2 356555196932818944,31.5367868212533,48.3122535165208,0.559943831763997,2.1466329057853,-4.61337943568072,1.49864858950237,17.990534,-46.7917766336449,FALSE
4622,Gaia DR2 356620381653931648,31.175746008455,48.5849325780898,0.545311724366258,-1.20435636993474,-4.61179197512745,1.49988174477494,51.087753,-43.5143542896107,FALSE
4623,Gaia DR2 356610692207686528,31.3995513387084,48.6473873259826,1.42366477086249,-5.12497275086247,-1.63320961600206,1.60705360092297,2.8745522,-17.0752192519106,FALSE
4624,Gaia DR2 356545644925556864,31.448049610878,48.114077661535,0.788628375221483,-6.81414598612009,0.192321837877446,1.52756921546015,10.297061,-71.9618965788359,FALSE
4625,Gaia DR2 356567776894654464,31.2312727598281,48.0040236333374,0.607686327616181,-2.68836647865921,-2.11973474100669,1.48495884985952,24.377224,-28.7819727871984,FALSE
4626,Gaia DR2 356661682059759488,29.6828090533932,48.0238370048352,0.312435174226249,-3.82140772346991,-1.19982719163933,1.41556462326683,303.93784,-74.8952667871466,FALSE
4627,Gaia DR2 356615223396899584,31.1363874560214,48.5748093342709,1.87549140570114,10.8987959813598,-8.02905247450163,1.61817421131328,4.7269454,2.08336153771942,FALSE
4628,Gaia DR2 356567845614126976,31.222045064958,48.0194359813859,1.37214887836824,12.7388934862039,-8.17402018625551,1.63619351471728,3.9382608,46.7739076741076,FALSE
4629,Gaia DR2 356557812570603648,31.5730507610773,48.4621126645263,0.65388500154671,-0.18850295420939,-1.64686269019444,1.52878909182611,53.439236,-35.0411359253058,FALSE
4630,Gaia DR2 356661849561550080,29.7881319258678,47.9652783612231,0.534976577853542,2.20186875186401,-2.43293284348761,1.4811904512536,23.830408,-54.4542165644827,FALSE
4631,Gaia DR2 356610760927160064,31.3712479562249,48.6700203882923,0.281426713772357,-1.44279849256497,-2.24759037993638,1.43599279325082,227.36484,-59.3335949125681,FALSE
4632,Gaia DR2 356612719432318208,30.996853650934,48.4508376997019,4.00802610164286,-10.5063038681009,-0.415855670411576,1.55890954994727,0.47686756,-23.8753371843879,FALSE
4633,Gaia DR2 356624539182250752,31.0893779663343,48.670273903098,1.77523594968325,14.0189024455709,-9.59720583229523,1.56698751707006,4.1694107,2.29261790320484,FALSE
4634,Gaia DR2 356601689956297856,31.1608634385739,48.4521688523658,0.87755615797658,-0.998838136371397,-3.21250933276774,1.60887454679019,15.019269,-10.9403741709688,FALSE
4635,Gaia DR2 356528194476303360,31.7567204622913,47.9040795638954,0.569312321179431,1.42337962858266,-4.81186356609069,1.50108257495301,60.23556,-19.1262257186899,FALSE
4636,Gaia DR2 356529328347650944,31.7021278214484,47.9635524273359,0.696830043463514,0.114571716783126,-0.47044323696226,1.53681294694187,33.480484,-2.77592298360598,FALSE
4637,Gaia DR2 356635671738135424,29.896535747954,47.5977402035627,2.02101331828934,15.6288599224043,-29.9641896140237,1.60967898006145,3.236539,-5.84241066193538,FALSE
4638,Gaia DR2 356527125026581632,31.8998288261718,47.9735618524587,0.478384971934728,-2.1929673435877,-2.84681495818435,1.47946202633227,93.05392,-43.2654610700819,FALSE
4639,Gaia DR2 356640619540423680,30.2016289238114,47.7338792700771,5.05874571784215,14.7505385153747,-13.7975848496327,1.45457170635322,0.41975453,-5.05068627591494,FALSE
4640,Gaia DR2 356556949281625472,31.7436206649034,48.438576059266,1.80336115641327,-14.8817772943588,-4.15010225600328,1.58024410824215,1.2729002,-54.6483644541907,FALSE
4641,Gaia DR2 356561214184649344,31.1750778014794,47.9241041486526,0.972240960085745,-1.05373660327307,-1.86393547959569,1.54146233654411,43.20991,-1.59642457414871,FALSE
4642,Gaia DR2 356564306561099904,30.8187058855192,47.9649953466452,0.878132956298627,2.1279971335966,-3.83367233459793,1.52351357740418,9.268256,-49.2959057095831,FALSE
4643,Gaia DR2 356655596089177472,29.8405920287011,47.8155419295678,0.35239774403696,0.0834070712724067,-1.16101612784249,1.4780127830872,65.13695,-7.70223862919081,FALSE
4644,Gaia DR2 356664529621154048,30.3000560656408,47.8040281231601,1.32806772737635,4.11683601579321,-12.0407277446738,1.55709969614685,8.837865,-14.1192333117153,FALSE
4645,Gaia DR2 356576263750044160,30.8084009152355,47.9967266589917,0.413876742621908,-1.07380706051777,-2.20875825323282,1.51405853895029,40.69431,-44.8322377842661,FALSE
4646,Gaia DR2 356590553105012480,30.7523256691708,48.3426863900137,9.80541488497953,16.3408115556109,-21.6307210115098,1.49128469666517,0.15895335,-14.3184508742558,FALSE
4647,Gaia DR2 3565354748726126976,171.324086275044,-11.9597764942659,5.78372332889603,-71.8433366459988,9.49478975606569,1.97554632072218,7.655227,4.22743563491885,FALSE
4648,Gaia DR2 3565311352376517632,170.842515629802,-12.364861977824,4.25759753638753,-7.18622904866653,-27.8897458594348,1.61472164940918,1.0407287,-25.5920449861275,FALSE
4649,Gaia DR2 3565685151969993728,169.87560895377,-11.2316734766773,1.90077660418144,-38.1697195034542,2.43671594792114,1.64304554021181,2.1594641,24.8868325739595,FALSE
4650,Gaia DR2 3565546407346511872,169.009860039232,-11.8537028977233,0.976486196091035,3.03753625163358,-5.47921200060535,1.52522384677203,27.89755,-20.7189909582533,FALSE
4651,Gaia DR2 3565685083250517888,169.901139599034,-11.2224530396383,3.4894331162218,-6.17943926815742,-11.5853515862844,1.54829869782466,12.011815,31.1218401813228,FALSE
4652,Gaia DR2 3565312413232279552,171.059682423415,-12.4163660361288,1.31234358682606,-14.8363068448845,4.25282874167923,1.67104626540253,5.7057753,14.7795941064628,FALSE
4653,Gaia DR2 3565630691784777344,170.786455374857,-11.4432039337779,0.733238998742335,-5.70481022694743,-4.36607716723503,1.51650837395138,84.420364,63.6569319680285,FALSE
4654,Gaia DR2 3565325405509467648,170.628732024485,-12.3408544940596,1.50038479272566,-20.9304164315178,-1.67389017470648,1.52570188600136,5.6022506,-30.720680912247,FALSE
4655,Gaia DR2 3565534931193903872,168.98919215138,-12.0318691719613,0.457371761788679,-12.0089568058793,-1.14743474348404,1.48204812148376,209.81673,79.2908234380242,FALSE
4656,Gaia DR2 3565412541805988736,170.921649212701,-11.8357345244489,4.3654295766719,-10.7837883953412,-4.918177424054,1.62137292309549,0.8714413,36.3766888643227,FALSE
4657,Gaia DR2 3565584306137179392,170.170322781998,-12.0056592334772,2.17826399909662,-35.1559247657475,15.7993943156074,1.5892793452805,4.634239,-5.01037181899451,FALSE
4658,Gaia DR2 3565614778929936512,170.212468230884,-11.5395525849325,12.1314907643587,25.3269461675754,-159.517337873086,1.56396703083909,0.42492047,-9.19068222670571,FALSE
4659,Gaia DR2 3565534140919910272,169.02918783916,-12.0435427888788,0.365831792636809,-20.3465338590301,-8.79164707289537,1.61386582271374,56.18766,46.549864193102,FALSE
4660,Gaia DR2 3565408727875025152,170.83329264387,-11.9724387711147,2.39418544784986,-8.23725133948673,-13.189647599404,1.59709835570678,1.1852549,27.7255226898248,FALSE
4661,Gaia DR2 3565412851043630208,170.772178520823,-11.9228114881479,2.39895878721004,1.98002162488639,-13.5513463377533,1.58289623270895,0.7757163,8.31679848737044,FALSE
4662,Gaia DR2 3565500502736151680,169.685571417379,-11.9829327320531,5.91853063495298,12.1109610157291,-59.4192954457106,1.49684629480359,0.1756748,5.6861494005608,FALSE
4663,Gaia DR2 3565665596983422592,169.981575783632,-11.4258254761458,1.27268440993772,10.056761019362,-13.1505199178142,1.60875680895013,5.7760105,-16.3942664886274,FALSE
4664,Gaia DR2 3565435975147560448,170.836343085182,-11.656365515015,0.85049414119643,-10.757236320428,2.91107437103808,1.55125366547862,8.892427,39.8346578499596,FALSE
4665,Gaia DR2 3565389864378629248,170.651689616467,-11.950016545145,1.41624686290107,-16.8724677914564,4.30702978100185,1.62964214532499,2.9341307,5.85941821160248,FALSE
4666,Gaia DR2 3565681578557198976,169.840171118923,-11.3688882005633,2.208906003729,-15.8642571308907,-7.77499057600267,1.59891530831463,4.122611,-18.0923340004828,FALSE
4667,Gaia DR2 3565359829671229952,171.113805653485,-11.9781742142301,1.81028105615398,-6.61092872429101,-22.735360208994,1.60983744428809,1.6643622,-45.5962894276272,FALSE
4668,Gaia DR2 3565683365263596928,169.923747808664,-11.3092003049514,12.2189488224383,-106.50993887822,13.6935351753284,1.41290181186336,0.073167995,5.65307884993798,FALSE
4669,Gaia DR2 3565683365263596672,169.922274297612,-11.3089853428523,0.268865739014792,-11.913393597281,0.527802813090722,1.54585117384289,60.492325,24.0771622317455,FALSE
4670,Gaia DR2 3565581316840700288,169.29129761891,-11.5691605797638,3.32753542300256,-47.190064488918,18.4642110626173,1.58800828498217,0.6292929,-10.288193532792,FALSE
4671,Gaia DR2 3565559498406895488,169.590002750246,-11.7699277059351,2.00156718095535,24.0398219954303,-50.7807503641292,1.61803878469352,1.4433491,-18.4824789380069,FALSE
4672,Gaia DR2 3565329288159948544,170.860238284846,-12.298114336917,0.709357407883495,-18.4247267202071,-0.777976331774892,1.50378522241993,19.268656,60.0491463949752,FALSE
4673,Gaia DR2 3565621414655400576,170.500562616603,-11.6026895052527,0.580829240559699,-13.4226452837892,-1.77618834378858,1.52616407371377,26.75493,61.4917111516655,FALSE
4674,Gaia DR2 3565387218678772352,170.632099679863,-12.0201124853375,1.79147797802531,-4.93132848653592,-11.6621673377334,1.62889349066716,1.678572,21.0138197369427,FALSE
4675,Gaia DR2 3565669037252693120,169.851881728531,-11.4298953319026,2.36537864287837,-10.9468034788652,-0.565093825537822,1.62981487387597,1.0480546,-9.39317077093715,FALSE
4676,Gaia DR2 3565574513612502784,169.259460402678,-11.6534074491249,0.857032559339024,-3.16625116112495,-9.29253616340096,1.52512585367705,37.661427,-41.0080292042965,FALSE
4677,Gaia DR2 3565624472672115200,170.452398612516,-11.5868066113198,2.66975397381533,-19.2163763804639,-4.91437500391227,1.62423061666951,2.1034503,4.74338243760533,FALSE
4678,Gaia DR2 3565622754685197696,170.547846607753,-11.5973731294369,0.331060534124288,-5.38182598766972,-0.561557201563941,1.51928609925587,87.45754,12.798871387956,FALSE
4679,Gaia DR2 3565624094714992768,170.43849652626,-11.5907611911034,0.426929951929118,-6.26906014173319,-0.743571067209964,1.53034951098893,33.794758,14.1551564919895,FALSE
4680,Gaia DR2 3565418692199159296,171.003327639167,-11.7707746116234,0.753152928119305,-10.9617294141129,0.951678716677692,1.53904936741232,85.448235,-1.06873113620536,FALSE
4681,Gaia DR2 3565664982803592448,169.940695153562,-11.4689441809075,0.753368770488178,-6.55240440274505,0.727163004430393,1.51107492167116,84.40729,-10.7229570222651,FALSE
4682,Gaia DR2 3565428141127207424,170.775828477716,-11.7817488620605,4.66248056328049,10.0833135290245,-35.5732780326349,1.5928599305754,1.0123152,31.6088784372626,FALSE
4683,Gaia DR2 3565559532766633728,169.63077702672,-11.7875631909586,6.62745599532803,33.3742899154739,-55.4195541476945,1.61182878361265,0.47044715,25.0096953158918,FALSE
4684,Gaia DR2 3565624610111069312,170.474671154343,-11.5713383565158,3.26084519739955,-4.84840254370283,-15.2947540488432,1.6523996615693,4.8288493,49.4526071963728,FALSE
4685,Gaia DR2 3565318533561842816,171.010050286479,-12.2909398996402,1.63661588069533,-9.22538164196162,6.35997484603401,1.6195834748317,1.439292,12.2190154893407,FALSE
4686,Gaia DR2 3565508645994151168,169.878489111833,-11.8627503606991,0.326328362186251,-7.1311705872538,-4.95604144906409,1.52658477227335,34.737442,13.451424124491,FALSE
4687,Gaia DR2 3565457793581349888,169.589474354192,-12.3017194610112,1.50310904507928,-14.3324302101514,18.8823692629905,1.62992586588464,3.1196086,6.74494474041916,FALSE
4688,Gaia DR2 3565415084426627328,170.876767393565,-11.8404518692166,0.914842432314577,-5.18570317167089,-16.1575642269192,1.544302887898,53.12748,9.35435166768135,FALSE
4689,Gaia DR2 3565380552889526784,170.57552036627,-12.0979750462313,2.04255359635758,-21.5705557305124,-4.12042242854998,1.62796007145661,6.1397285,6.83220843097265,FALSE
4690,Gaia DR2 3565642026202902784,170.298956080452,-11.4403500100971,2.41327374191913,-64.9131007539232,37.9035494860404,1.59546872601696,0.9450075,22.832991601516,FALSE
4691,Gaia DR2 3565682776852605184,169.802406881369,-11.3148624829948,6.6153427813339,-24.8278880032855,-13.6963028700317,1.48996591220569,0.1295428,18.4619104119849,FALSE
4692,Gaia DR2 3565450784194718848,169.497162697189,-12.4080980921654,5.94901587143321,-6.02943910761877,10.5380776663159,1.42461931485463,0.14470784,-11.8546232152062,FALSE
4693,Gaia DR2 3565555753195409152,169.44278097569,-11.8505928060802,1.80033960813519,-11.4750648504441,7.50321152025603,1.60595249490277,2.0167994,-1.70983267882143,FALSE
4694,Gaia DR2 3565415771621395968,170.882595672685,-11.8054975943587,1.16930488586063,-8.94721927637933,-23.6651686813568,1.54740025545114,13.000111,-43.0253602021596,FALSE
4695,Gaia DR2 3565435253593055104,170.855607567329,-11.6531962755765,0.573371469208781,9.82254699574619,-19.7923522551896,1.53546578886802,14.166942,-37.4360282005477,FALSE
4696,Gaia DR2 3565494863443826816,170.044501426159,-11.9488408808043,0.685520950039245,-11.3630260684981,2.97777321146164,1.53475588354531,14.875813,48.4855526836181,FALSE
4697,Gaia DR2 3565446626666375040,169.558643729804,-12.4858035832727,2.37343526443847,-42.6611253115654,6.43323447043086,1.61544197458981,1.50261,-26.7877348660581,FALSE
4698,Gaia DR2 3565675290725074304,169.755395135608,-11.4178508186472,2.45811084983757,2.47511263426179,-22.4121746944839,1.51824353679752,44.764748,74.0719329213218,FALSE
4699,Gaia DR2 3565414912627934848,170.777218420501,-11.8085595639735,0.261880282241335,-2.82524273958635,-3.99923615471746,1.46181188000741,223.45306,54.5526212096592,FALSE
4700,Gaia DR2 3565550289997005056,169.406940261847,-11.9588003377308,2.61816596094428,1.40994295215325,-9.18476847810889,1.62214339114658,6.840703,26.4917885975854,FALSE
4701,Gaia DR2 3565601726525313920,170.326971308618,-11.597728434958,0.383803336896457,-10.5254457537717,-0.473603741448751,1.52802640277149,40.075836,55.9386866365654,FALSE
4702,Gaia DR2 3565564961605302400,169.617469955145,-11.662089139146,4.26618781388771,-31.8042761468995,-10.0745453384577,1.62874304844422,1.2710137,10.4046234241063,FALSE
4703,Gaia DR2 3565471777994828544,169.472250017969,-12.2142426860099,6.59614015768218,23.1190163601563,0.0179541674002794,1.597728479805,0.5205313,31.8292987762131,FALSE
4704,Gaia DR2 3565441335266749824,170.864057700677,-11.5568464355182,2.36341222187256,19.1423455688299,-18.9822622649575,1.64743485399051,2.905785,6.35965356849387,FALSE
4705,Gaia DR2 3565521187298563840,169.167653575601,-12.1078421289381,2.32502014207876,19.9120889199458,-25.0981345132503,1.61497362116457,1.5642235,-4.01431255748719,FALSE
4706,Gaia DR2 3565483941342252800,169.73825562424,-12.1793564779597,3.20881112942614,-36.0169726434714,-52.896738787804,1.58875089530073,1.4809116,46.9975476058978,FALSE
4707,Gaia DR2 3565345673459023104,171.164806786404,-12.135191434269,4.66004656683844,-42.1712444367843,-19.3670264547041,1.54000648710419,0.4206648,31.6789014413473,FALSE
4708,Gaia DR2 3565517476446817536,169.130199465261,-12.1881628889979,1.12710244724321,-5.6672854172344,11.5765647899106,1.51995934434483,54.0896,-17.9743740312238,FALSE
4709,Gaia DR2 3565424052318348800,171.013948362973,-11.6818718083144,9.91109724439269,-72.7519434055435,-230.601555349574,1.42358656571619,0.064292885,-3.86069140966676,FALSE
4710,Gaia DR2 3565577777787714304,169.546037185462,-11.6191508974685,4.37060856513655,43.27044763677,-64.5065462816673,1.63413524270191,2.028229,-12.6484707326305,FALSE
4711,Gaia DR2 3565514143552193280,169.130253312088,-12.2828795405281,0.384446210003667,-5.23977986832551,2.01075139625372,1.48364453620737,46.052242,81.0605234507628,FALSE
4712,Gaia DR2 3565355676439023360,171.040760698152,-12.149377625073,2.3037443711939,-2.65058241700654,-0.103956399228306,1.62417476392336,1.2948326,-6.16474200185799,FALSE
4713,Gaia DR2 3565605948481216896,170.091055917619,-11.67410004712,1.82568266813013,3.92470213396447,-7.95948627157977,1.59687907764957,2.2429538,60.3459741678206,FALSE
4714,Gaia DR2 3565355607719546496,171.05376038699,-12.1554135106102,1.45292592338915,-22.1306290368999,-9.89975652663127,1.55199764516018,3.4161503,73.1176458859203,FALSE
4715,Gaia DR2 3565355676439023104,171.033612454623,-12.1502020649308,1.44520333942657,-12.7200874946337,7.57810458495441,1.65515503294024,3.5797749,12.1151714540017,FALSE
4716,Gaia DR2 3565623235721536384,170.543115649964,-11.5542835571844,2.23655394906693,5.93468123681865,-8.65133552141623,1.60914780701809,1.7599666,15.2135589034767,FALSE
4717,Gaia DR2 3565487854057201024,169.950609759349,-12.1351592703593,0.778414902105131,-3.71050456421635,1.08148836375822,1.5501599628381,15.360319,-7.57349865748365,FALSE
4718,Gaia DR2 3565671786031808000,169.980765597613,-11.3050992319044,4.37175217501689,-0.192325494266523,-7.81547357685775,1.61340867324935,2.092638,-18.3941100195445,FALSE
4719,Gaia DR2 3565565270842950272,169.701576826579,-11.6365168193411,2.33045680716389,5.92229085102237,-18.1984623562318,1.59796190267596,3.5271454,26.748255144711,FALSE
4720,Gaia DR2 3565387180022963456,170.626915044521,-12.0326542058396,0.355732157259235,-9.58305318124085,-0.760342896404644,1.51314499373984,69.165665,84.7950098148692,FALSE
4721,Gaia DR2 3565360933478997120,170.993163931837,-12.0163265220409,4.95138167445247,-23.8762576942737,-10.8253214437091,1.64373853262456,2.8016436,-8.91227094529432,FALSE
4722,Gaia DR2 3565575510044005376,169.466880890649,-11.6958728758848,12.9285188319948,-32.9845850707302,8.54182906692252,1.57312439093407,0.3932399,1.71050275095576,FALSE
4723,Gaia DR2 3565557707404480000,169.431599248137,-11.7566851380432,0.410838312292963,-3.0786954702459,-4.4790835188376,1.52227826088062,23.504257,17.7369070713968,FALSE
4724,Gaia DR2 3565564888589797632,169.630313598163,-11.6706255576809,0.971391099536263,-1.08876096807129,-1.14214906609733,1.53021154208556,11.6093445,40.5078154976406,FALSE
4725,Gaia DR2 3565559768988781696,169.645609260904,-11.7455973497907,6.95501903992721,-22.5184592215677,10.2523647028019,1.55703201943263,0.8459207,10.6210178511243,FALSE
4726,Gaia DR2 3565520117850711424,169.043062868778,-12.1327281144846,0.564486936945824,-16.9071562287332,2.6154950088649,1.50612193978085,38.785896,10.4947662299551,FALSE
4727,Gaia DR2 3565640548734152192,170.383952076724,-11.421784978393,0.622912604816908,-3.69122551239379,-9.5541790313556,1.49701706719633,34.297924,-17.3837823275045,FALSE
4728,Gaia DR2 3565358287779144320,171.130039965308,-12.0364521896027,0.281789670474949,-3.83691989950329,-5.1303890653124,1.49720555501536,96.82855,60.4065035100677,FALSE
4729,Gaia DR2 3565319770512425344,170.978151585812,-12.2297896512144,1.04809128752447,-17.5681439387474,9.26187846394373,1.53735320110027,6.8449073,28.069391918533,FALSE
4730,Gaia DR2 3565600077257153024,170.331071699578,-11.6721310033488,2.20664152700187,-47.2956971961177,16.5557414201312,1.64045006936646,4.4994745,44.3203435038116,FALSE
4731,Gaia DR2 3565432706676295424,170.719358646473,-11.6758069461692,3.25185034589381,-10.1685728623849,-4.82804040768743,1.58657535822334,0.6258749,6.53969041709981,FALSE
4732,Gaia DR2 3565369660852549760,171.139748542915,-11.8710805419886,2.39760134601413,-58.7043100688945,4.43341880734883,1.61233194160338,5.326111,62.2980803405488,FALSE
4733,Gaia DR2 3565340970471035264,171.358527655592,-12.1672438367738,5.08869972154842,-27.2679515231796,-12.0837561655818,1.50868290195833,24.538229,-5.43734856374433,FALSE
4734,Gaia DR2 3565542657839077504,169.223673901611,-11.9039915380184,4.17422024392881,-26.7205839487844,-35.698062315672,1.57759138193324,0.6595632,9.57335894235533,FALSE
4735,Gaia DR2 3565639449222525824,170.437537410136,-11.4533654247706,2.41092596670109,-13.8103263073205,-2.33241730226162,1.63850598467546,2.753893,6.69178454397533,FALSE
4736,Gaia DR2 3565593377108885376,170.322222875718,-11.8357534393934,4.00821491118736,-30.2421785937351,48.1338259907071,1.56613314185947,0.34165883,46.0189180237956,FALSE
4737,Gaia DR2 3565448997488282880,169.408781491112,-12.4537782722228,0.938530618881635,-17.7382437049999,-0.965380013664731,1.55236455708712,6.884618,54.8066354775073,FALSE
4738,Gaia DR2 3565477275552970624,169.513699893414,-12.1002352605364,1.88814037617411,-24.5633551768231,-13.4670218833841,1.5241251911547,20.642033,32.3538278907097,FALSE
4739,Gaia DR2 3565573963856713600,169.344371888363,-11.6524033342419,7.99512321255246,-46.3961461241448,31.6974346149417,1.63323742650728,2.0508275,3.12563671723002,FALSE
4740,Gaia DR2 3565463561721360384,169.379786881144,-12.3605371694495,2.51710345826615,0.196768184608713,-12.3993526781428,1.53542488143543,2.9731364,44.8683819209313,FALSE
4741,Gaia DR2 3565309767532425472,170.834945760682,-12.4332617937084,3.95049151921039,-13.6548161118551,-32.906368854413,1.62147347238647,0.89390236,-1.91946702979348,FALSE
4742,Gaia DR2 3565577124952646912,169.461421976021,-11.6334511565577,9.76056481657165,-26.7817863441438,-79.2715099012494,1.41370654315098,0.07962113,6.79812090010407,FALSE
4743,Gaia DR2 3565609006493893504,170.022802157481,-11.6734624306895,0.423957462059525,-1.38350270584883,-1.08003479685595,1.51005341351795,44.094547,10.1886345324735,FALSE
4744,Gaia DR2 3565599351407411712,170.264036127602,-11.6653542775862,3.55471333479296,-29.0005447937626,1.17618128156946,1.61954238072264,1.3155282,14.3423669606785,FALSE
4745,Gaia DR2 3565468204582033920,169.267902654568,-12.2740252797499,0.649365792336941,-5.67347327082094,1.3472265173328,1.52100693984855,68.34672,6.51012827637832,FALSE
4746,Gaia DR2 3565579564494074240,169.558475822447,-11.5202891784924,2.52911630203773,-45.2555995016394,0.423958963709654,1.60820711402357,1.9433777,25.2022803313019,FALSE
4747,Gaia DR2 3565482532593005568,169.850651542368,-12.1467835678667,1.29563752466515,-19.1461072150778,1.90420938125546,1.43533934272219,138.18884,45.0766828833934,FALSE
4748,Gaia DR2 3565655941896801664,169.764637944029,-11.6436903251562,5.22443223813107,9.4636967527283,-61.6871916808473,1.55015452476391,0.32809183,17.070600477083,FALSE
4749,Gaia DR2 3565424292836561408,171.081256780976,-11.6707251217577,0.862330438640479,1.94807700382124,-10.083458268455,1.43400906512822,550.5632,4.93812972894466,FALSE
4750,Gaia DR2 3565337053460785152,170.84627278932,-12.0994590779235,3.25045155647749,-7.18062167454873,-2.79752934052919,1.5319411505095,71.61487,5.5994005474629,FALSE
4751,Gaia DR2 3565337637576338944,170.869983843282,-12.0573776797431,0.297182816764092,-5.58270244742206,-1.9794044122297,1.47491129166755,149.66768,88.9867563185921,FALSE
4752,Gaia DR2 3565340764312604160,171.348732891355,-12.1946972950123,2.50356188711913,8.70049271255261,-24.5845963385811,1.59896651324653,1.1709704,-3.04360881246413,FALSE
4753,Gaia DR2 3565432504813951360,170.597790769143,-11.6465844075794,2.39880165864046,-54.7860902125538,-2.84379361662689,1.61149523272062,1.6016442,84.865977174224,FALSE
4754,Gaia DR2 3565654674881196032,169.812513957196,-11.70602837944,1.6520847376488,-19.572830752256,-18.8132664355196,1.62629479701573,4.3052974,21.8918153217077,FALSE
4755,Gaia DR2 3565614645786915328,170.262607744749,-11.5344374686089,0.557212079092438,-2.43748905192538,1.55405088040184,1.50090692476708,34.34638,31.4801381044669,FALSE
4756,Gaia DR2 3565377215698838528,170.605150091059,-12.1434913901386,1.31764047573687,-27.2730660663011,3.95772467590629,1.63879905830568,3.9011562,52.1587871714048,FALSE
4757,Gaia DR2 3565422811071646336,170.938262525007,-11.7228823096199,2.01365579321758,-22.7122132632365,-17.7751287376786,1.61916215600588,2.7262125,13.8077137450075,FALSE
4758,Gaia DR2 3565522870925782016,169.310637969016,-12.1401454980765,1.62833595724934,-10.7666192875172,3.61650018246015,1.56920597553882,5.2332525,-23.2186458677088,FALSE
4759,Gaia DR2 3565431199143891968,170.62694882853,-11.7206516351565,0.979433650604501,-19.3096649941664,3.22930735664079,1.55222237201125,10.085281,6.86218870605349,FALSE
4760,Gaia DR2 3565439582920058368,170.781647022034,-11.5934939125158,0.762360012112641,-26.5902888552721,0.755208110344248,1.53968577582828,10.705005,72.7268793729693,FALSE
4761,Gaia DR2 3565677451093117824,169.568527680309,-11.4232459014545,2.55796894412463,20.8398919347048,-16.3542525995809,1.58531527539971,1.7051115,16.1927338499235,FALSE
4762,Gaia DR2 3565491912801581952,169.891749842703,-12.0891406793275,0.558953618167286,4.58662439464742,1.9737012365224,1.52447274519213,68.198746,21.6157522647943,FALSE
4763,Gaia DR2 3565557535605788032,169.466440042475,-11.75346745268,2.75171222083775,24.3432534871736,-19.6000583643332,1.57977071239015,0.60017353,2.00027611759303,FALSE
4764,Gaia DR2 3565610350819583872,170.0043181007,-11.6027001525417,2.01265192216995,-8.47010550191161,-3.60382937146275,1.69242366479546,7.0516753,8.71436399143407,FALSE
4765,Gaia DR2 3565860833312762624,167.442694050361,-12.1499939755065,3.0315466628732,-3.02944783395512,-19.7397695059216,1.62277839289673,2.3169396,26.3533346855468,FALSE
4766,Gaia DR2 3566041256298470272,166.663717100314,-12.0693612397153,1.26327888048658,9.12265962216507,-3.44744790395385,1.48596563803866,102.67381,10.2545221138395,FALSE
4767,Gaia DR2 3565846092985047296,167.540979710906,-12.3031929110168,0.898863189183578,-11.6813929561492,7.39616665926916,1.53928530686807,87.14892,-15.5143583878476,FALSE
4768,Gaia DR2 3565843206767024768,167.612301307413,-12.3211570747669,1.23521904476113,-23.1523761380873,-21.5193962286242,1.54426026942032,51.557236,-24.9443549530144,FALSE
4769,Gaia DR2 3565860661514076032,167.385276774683,-12.1642737274316,1.74332409282673,0.0159553818441157,-14.2057279310924,1.62246551158264,3.4070106,22.5718147515137,FALSE
4770,Gaia DR2 3565735488987260032,167.534422168087,-12.9964342716171,2.72122113958187,-32.3068903378203,6.53792047236889,1.65092357668987,16.76757,6.86342874731086,FALSE
4771,Gaia DR2 3565738821881882240,167.464252470858,-12.9588452903754,1.08401637262087,-2.42729439024172,-4.18414504062536,1.52371955294244,53.881092,-16.0229629777495,FALSE
4772,Gaia DR2 3565916839686326400,168.578439536924,-11.9636994442705,2.42927109855756,16.9109358344887,-16.243280633589,1.6611087426968,7.855757,-14.5496307786404,FALSE
4773,Gaia DR2 3565928899954459264,168.346087107026,-11.9360040504893,1.39274773873919,-19.5506305387087,-4.41302052701643,1.53484425478902,3.7623663,51.1369981388978,FALSE
4774,Gaia DR2 3565931957971175168,168.330213092581,-11.9049627130264,3.03422668511831,10.1804781568458,-11.2193283494764,1.57526601840363,0.6408837,-3.73486080913814,FALSE
4775,Gaia DR2 3565840904664550656,167.486939572474,-12.3807712899634,0.953365616003733,-8.1745110219013,3.27199761635309,1.53560008531125,15.160312,5.42703024332612,FALSE
4776,Gaia DR2 3565932267208820992,168.355066311191,-11.9087763676648,3.26777481326782,50.3359277101658,-22.1076041003276,1.54181043998944,2.6640322,-1.24226010361609,FALSE
4777,Gaia DR2 3565868358095466880,168.132932988251,-12.5167246172144,2.48006666004568,5.4041304298399,-35.2271283976952,1.57306968512337,1.6499658,-3.57812656584179,FALSE
4778,Gaia DR2 3565997688150621184,168.05106999825,-11.7158351403873,4.69014133131915,-49.4723986915,-10.8245399212796,1.53573323367025,0.31931,37.6489238348855,FALSE
4779,Gaia DR2 3565735145389874944,167.493818755797,-13.0118156092727,15.456790687471,-81.7584508932929,-48.3206635398218,1.5081016602419,0.22056153,12.3581565820331,FALSE
4780,Gaia DR2 3566067266620419840,166.761107772768,-11.9450640945099,2.53698635977601,-3.35522909748187,-8.16180544044986,1.53372327525452,65.46978,27.9464389612172,FALSE
4781,Gaia DR2 3565937764766830080,167.696261149568,-12.2362057476815,3.42330197940683,13.5694368690797,-4.52645836572182,1.62387385507745,1.0705384,68.433347719518,FALSE
4782,Gaia DR2 3565850525390111232,167.286152677214,-12.3676796347108,3.59565825138909,-5.93019966111809,-13.1971673876609,1.61464568716563,1.7939283,9.83312041008868,FALSE
4783,Gaia DR2 3565726933412399232,167.317460401658,-13.1428831285329,5.1311682778658,-22.3569392374111,-9.86033259650591,1.58149467472026,0.76099217,24.1308500780452,FALSE
4784,Gaia DR2 3565855129596145408,167.148848716834,-12.2826696975602,2.71571849404064,-32.3991563058341,13.0369128309386,1.6088183947439,2.4311543,-27.063405433851,FALSE
4785,Gaia DR2 3565920447458830080,168.199205766521,-12.0674549431222,5.0099394928891,-49.2170717633253,-11.6312512536337,1.5494884415761,0.34637767,14.0181300792755,FALSE
4786,Gaia DR2 3565961232468130304,167.544839224197,-11.9368843581471,1.09408188425799,-18.5890944294733,-3.01245867035009,1.51777432813306,30.007528,20.0615385022115,FALSE
4787,Gaia DR2 3565808950107795456,167.058161003015,-12.6584887631188,3.79442463430113,34.2553612106323,-25.8481098758913,1.62678614723001,2.3646154,-5.29459822007662,FALSE
4788,Gaia DR2 3565809980899949056,167.027212284087,-12.6384917110109,2.89235636936141,-22.1063933342742,-7.6479351970962,1.63055963109754,3.4632173,-12.2028543138878,FALSE
4789,Gaia DR2 3565949206559771008,167.971557750667,-11.9612834216282,1.44038479419212,4.70121393667403,-13.6821758130368,1.58332832950071,4.885478,3.0660338933665,FALSE
4790,Gaia DR2 3565703083457977984,170.226902944073,-11.1639764885899,2.17258591100121,-36.8097734181285,6.30669149455346,1.61946743488178,1.7124308,27.3063346474664,FALSE
4791,Gaia DR2 3565719335614223360,170.264124301382,-10.9465521118251,3.18177598408767,-10.9918557831559,9.40605017165755,1.62051358333721,1.2427287,-3.15046525893262,FALSE
4792,Gaia DR2 3565802868434098432,167.009138577108,-12.7126469505718,0.591704546002071,-14.0621483348501,-6.705412523417,1.53949037902076,47.247326,7.39095175767683,FALSE
4793,Gaia DR2 3565907150240096512,168.350290681592,-12.1395279738515,5.47061619486409,-51.9528106299222,7.64036462529422,1.51911786988152,0.8228045,11.5139132093568,FALSE
4794,Gaia DR2 3565921409531523072,168.376091113005,-12.0262759393693,2.79986305250991,-71.2493294694338,25.9154515930081,1.57810118568367,2.1236129,-1.00362125344495,FALSE
4795,Gaia DR2 3565804483341803392,167.158828614315,-12.7582182903646,3.01688460100172,-12.0876752384549,-34.6091081259005,1.61294513692849,1.9283894,42.3375341769749,FALSE
4796,Gaia DR2 3566058607966409472,167.137896622049,-11.9296505363257,0.657615220183274,-5.00900104652451,-2.80507588805304,1.52904410671042,50.266357,13.0579804729673,FALSE
4797,Gaia DR2 3565920138221167232,168.188335214106,-12.0731907832961,5.88339986839546,-31.9117209971452,-17.6054523778724,1.65309001279958,1.6440488,15.5995726218957,FALSE
4798,Gaia DR2 3565922577762597248,168.323797500404,-11.9900975502345,2.90941595913552,-34.8509794806788,-1.90533050193282,1.63609205777386,2.7535348,26.2529526843996,FALSE
4799,Gaia DR2 3565926769650679296,168.225705845545,-11.9334630495217,15.3726308890037,-80.0550952080523,-82.0351633657736,1.54499341251534,0.36753222,5.65462546772696,FALSE
4800,Gaia DR2 3565797851912292992,167.061657259548,-12.8343519105019,1.6171932611408,6.67957677559272,-13.2842569387649,1.56712351973551,1.6517838,20.3535621454401,FALSE
4801,Gaia DR2 3566077879483731968,166.32334149049,-12.2326139099843,2.88717339001376,-2.48358432186337,-8.4171317115039,1.63555904455601,3.5685756,7.45126234962985,FALSE
4802,Gaia DR2 3565866433950117632,168.109033111152,-12.5633835170527,1.8580607502772,-23.1451792560183,12.0678366477774,1.65906941679447,2.9324737,30.3613607105367,FALSE
4803,Gaia DR2 3565925189102711296,168.214195088095,-12.0016859002918,2.37717252995003,-16.348966899106,-4.37917784203008,1.62627048962976,6.924384,-28.3589116631292,FALSE
4804,Gaia DR2 3565851315665228032,167.301522230207,-12.3190536561001,7.5906051663906,-33.2423208058559,-11.9579933893292,1.60480764788553,0.781,-10.1395686820595,FALSE
4805,Gaia DR2 3565917385145717760,168.628130404775,-11.920009955041,3.23350761427333,-60.5324710828552,15.1684474916835,1.58274231537047,0.9372734,26.2396426286644,FALSE
4806,Gaia DR2 3565825752019837312,167.102077361664,-12.4453703393752,7.54540370907782,-64.5642724764614,23.4483093059703,1.64208884189109,2.3086038,3.14961708592779,FALSE
4807,Gaia DR2 3565816131293069056,166.952104502887,-12.6239719648805,2.30634325006312,-5.91927826362312,-3.68979181873268,1.62538978405061,1.610586,-6.30475049683453,FALSE
4808,Gaia DR2 3565817157789166336,166.866506230775,-12.597393176581,3.13150169840663,-9.72969997023911,-10.0980785710762,1.6246810376443,1.0503395,10.7590398476188,FALSE
4809,Gaia DR2 3565889661133160192,167.764863363141,-12.299132080147,1.45870348356753,3.31581287660683,-16.7616714425798,1.60102452324392,5.702699,-1.63579588937685,FALSE
4810,Gaia DR2 3565821418396721792,166.826440701612,-12.5290610560243,2.0857504905026,-12.1823948153351,4.81751115623214,1.60743447691329,1.5423939,30.1395522601569,FALSE
4811,Gaia DR2 3565813756175072512,166.889133182791,-12.7006478497417,4.11493155795644,-40.8553242618176,23.3270417775008,1.60438753707385,0.8586719,-7.71552296891525,FALSE
4812,Gaia DR2 3565876604431496064,168.227580065618,-12.3620869322109,5.45981382219308,-57.3855105822978,29.5748153201603,1.57655796939205,0.8885966,8.57148970132275,FALSE
4813,Gaia DR2 3565731533321167488,167.24357465507,-13.0296239913356,1.23398541506932,-3.97416231425412,6.86786430865146,1.53668883348592,6.956945,18.1469092833536,FALSE
4814,Gaia DR2 3566043627120467840,166.982015495345,-12.2085970683231,5.38155102296134,-93.0284947371925,-55.0691429515236,1.50802649781837,0.24710138,37.2513456337827,FALSE
4815,Gaia DR2 3565852651398893696,167.086621309759,-12.3804316705255,0.363437545664173,-16.7607398111005,2.61415552018217,1.58804066311076,53.117542,154.59137195488,FALSE
4816,Gaia DR2 3565953123569900160,167.830010177896,-11.9178088273343,0.539113280396826,-17.1990669937729,1.33473805775397,1.52441074690812,73.091896,78.0203077369008,FALSE
4817,Gaia DR2 3565752359618750208,167.387014115756,-12.8468210960685,2.64346670792383,-53.2373403377616,17.9650151394823,1.62565535982431,2.0697272,0.483034473305491,FALSE
4818,Gaia DR2 3565756207909446016,167.251143438576,-12.8217603399301,1.33781294846657,-21.5615577423618,-9.9928078713439,1.66584601126752,8.390646,20.3053214280742,FALSE
4819,Gaia DR2 3565810251481755008,167.084885769769,-12.6189239417779,0.496445556152187,-6.75298843052706,2.17174999342206,1.51642335586024,62.187805,-16.5216981809592,FALSE
4820,Gaia DR2 3565725760885059584,167.394810697557,-13.1724998114468,2.89823396573699,-18.8974432565736,-4.93466454336167,1.60767296229259,1.0567703,126.647911918108,FALSE
4821,Gaia DR2 3566012321102928128,166.476048295767,-12.479714750235,2.65837335446142,-28.6686841151229,-11.0068789181104,1.58602226042613,1.4429936,-1.33339186781613,FALSE
4822,Gaia DR2 3565711196651682048,170.010486265591,-11.0952765381144,2.44985734249789,-14.8737803746159,19.6237992292352,1.55576395716546,56.313847,-10.2407353800852,FALSE
4823,Gaia DR2 3565727822469360896,167.459465739633,-13.1148122391406,2.40517582046556,-16.4163573023838,-10.9225421781265,1.62685244409472,3.7896345,-12.7265089043995,FALSE
4824,Gaia DR2 3565940169948569088,167.789020538035,-12.1416500938363,2.81614426751995,-21.2910919135719,-2.28872553526898,1.6127600854776,0.99911726,24.2780131227743,FALSE
4825,Gaia DR2 3565817986718931712,166.759788868574,-12.6576489071555,1.11247268615068,-25.6916809787582,3.86160030572526,1.63226530016476,5.9333224,46.2420534761548,FALSE
4826,Gaia DR2 3565756379708139904,167.310392682285,-12.8082517261965,2.09629638072205,2.85580706647184,-1.6916706227592,1.63578447398517,1.9580817,-2.48837563655818,FALSE
4827,Gaia DR2 3565830768541717248,167.354692451022,-12.6053457937163,2.1139364190472,-8.62605620936898,-21.3849868094031,1.6265665861427,2.7703655,-4.17684507448983,FALSE
4828,Gaia DR2 3566037747309317632,166.542981977826,-12.1968173508115,2.0639829756306,-34.8622466922422,-34.1581106773429,1.61122829955037,1.5241741,-7.18910582187239,FALSE
4829,Gaia DR2 3565737580635117952,167.557613578576,-12.9208049563629,6.05957482537872,-18.5017298408883,-20.84190350158,1.51129412208388,0.17538881,14.1136214570195,FALSE
4830,Gaia DR2 3565722535365346176,170.046902179169,-10.9319311265372,0.738337779970333,-1.25558887167103,-7.83188834080849,1.65620387138236,13.905729,43.0919302708856,FALSE
4831,Gaia DR2 3565865403157966592,167.356186740832,-12.0552107731327,0.864689029870153,-12.217820779188,6.19486416107478,1.43669619569647,348.44897,26.6195719969779,FALSE
4832,Gaia DR2 3565724837467817728,170.126536772344,-10.8368405496868,1.00545265977215,-10.8356623932119,0.445904632745035,1.48706345145942,210.92303,-0.220524387785794,FALSE
4833,Gaia DR2 3565753111236858368,167.334348398113,-12.8482018877149,1.09852869982596,-36.1631559167629,11.5195702454107,1.53256543079067,4.341932,45.741450744225,FALSE
4834,Gaia DR2 3565885018272506496,167.877937275851,-12.3842418982577,1.37443665072561,-8.68857639129696,-0.140780197750363,1.62584836786617,5.7568774,-7.28240903497126,FALSE
4835,Gaia DR2 3565755314556254208,167.417987073206,-12.768427888027,0.284625740515547,-6.13307893465205,-0.272122918320392,1.50800421331406,30.386732,70.0364962290376,FALSE
4836,Gaia DR2 3566063555768708480,166.918218381525,-11.9621316018878,6.69394149180201,-17.8653251143129,52.5815354067036,1.5269761626266,0.22636762,14.0422706038854,FALSE
4837,Gaia DR2 3565834956133639680,167.260170931388,-12.553755978352,2.14547353684081,-24.4734075963656,9.42277618518966,1.64870032246537,2.217466,29.7121826403812,FALSE
4838,Gaia DR2 3565835059212854272,167.250273509179,-12.5343100346853,2.10010620606699,-25.8919579359677,9.05131862090293,1.62485861038544,3.3126624,23.8162886395268,FALSE
4839,Gaia DR2 3565695013214933504,170.133178717376,-11.2612000844604,0.375595685529739,-1.05530581093424,-4.51268808344504,1.49242858834353,147.824,-23.3774594212491,FALSE
4840,Gaia DR2 3566056099705501824,167.056412096906,-12.0351249019497,9.10712949778413,-39.2961545746829,4.40737491301297,1.22217646568932,0.36001432,2.55608659300768,FALSE
4841,Gaia DR2 3565834410673992704,167.427164046625,-12.4722859300945,1.92669081021669,-14.5604618504515,9.41722184206735,1.54022599147007,4.565713,15.8214709586217,FALSE
4842,Gaia DR2 3565736588498930560,167.658506803807,-12.9585228479977,2.29685709836561,-48.4709564293424,-3.78146520299981,1.5809181047727,0.92397654,-23.3674563456367,FALSE
4843,Gaia DR2 3565870449743439744,167.945188399318,-12.5146316824206,4.25297571978298,-16.2932755776934,-20.1543890959037,1.6399843564709,0.7063858,18.8795641829697,FALSE
4844,Gaia DR2 3565783313449522688,167.40575508297,-12.6520378574031,0.900648764253543,-4.37866877266699,-2.99232658260128,1.53861420025146,17.579891,55.5447958646591,FALSE
4845,Gaia DR2 3565739405997381760,167.380315688898,-12.9518127761223,0.567820677826873,-5.67517251782623,-12.5012300434724,1.54227030748456,14.410085,32.5693084235858,FALSE
4846,Gaia DR2 3565833620400010752,167.472080952421,-12.4822088117808,4.34768181498246,5.90869329999038,21.9587967029229,1.64625596395652,3.1827662,-3.67918806298272,FALSE
4847,Gaia DR2 3566003185708717312,167.914185224896,-11.5898616969351,0.94619500768644,-8.1082230640339,1.50515492198066,1.50364507582962,48.153744,1.7013715915202,FALSE
4848,Gaia DR2 3566049159038348800,167.007746395009,-12.1064680109119,2.16155681621081,-2.37839353145625,-3.63050029152336,1.63133508347118,6.995009,-12.6435404830063,FALSE
4849,Gaia DR2 3565950988970163584,167.791711063443,-11.9992328561055,0.246179886007432,-4.32509911066064,-5.00797940710849,1.49543584635042,96.51751,31.5936556413606,FALSE
4850,Gaia DR2 3565815615895649792,166.922258197987,-12.6563822432637,3.77609127637704,-20.4451287475347,-30.9016251451992,1.59578353589668,6.0413275,8.66414442136461,FALSE
4851,Gaia DR2 3565749885717584896,167.23522644201,-12.8732513580109,0.722616660095649,-10.335602809898,0.233835380976097,1.53306932725636,40.487896,26.05009348147,FALSE
4852,Gaia DR2 3565730850422522368,167.18045906896,-13.0922253551597,4.45094178710265,-8.56450085601361,-37.9132811710292,1.57590534794188,0.7058521,7.93504627680835,FALSE
4853,Gaia DR2 3566001360346601984,168.070115585088,-11.56271839515,8.03656078610667,1.12388118394805,28.7869653459595,1.48806405730914,0.1515708,7.32270270813522,FALSE
4854,Gaia DR2 3566005174277560448,168.063117500521,-11.4900699120958,1.63311863682378,-34.2835215805863,6.85370732366008,1.61034827540445,2.764097,29.1432149581344,FALSE
4855,Gaia DR2 3565893780005787264,168.046723126309,-12.2498319148717,1.16099268509117,-0.792591446542815,7.36639148356979,1.62457262054912,7.109263,-30.6667093128458,FALSE
4856,Gaia DR2 3565962843079900032,167.665802810678,-11.9812232119213,2.20999964142547,-7.72281434728546,0.679743281984222,1.63798671743379,1.6300743,0.835302767891113,FALSE
4857,Gaia DR2 3565817265164436864,166.915340289129,-12.5860406159328,1.68691230291146,-1.34773607819437,-15.2142773300183,1.30227373948887,1598.1226,-17.266080333225,FALSE
4858,Gaia DR2 3566039675749672064,166.64760561044,-12.1441078337087,3.71935263018486,-28.7908961787184,7.41910308526178,1.60347308841628,2.424113,12.1348046479612,FALSE
4859,Gaia DR2 3565785138809225728,167.5724253953,-12.5620716528874,5.68098739125876,-0.330722086098139,-15.8568399465167,1.65096902757717,2.2295294,-6.68514711943748,FALSE
4860,Gaia DR2 3566045753128765696,167.099990651969,-12.1264195135557,0.786342134767846,-3.05208288023693,-0.925722960627734,1.33313386569953,467.9333,20.6430653273687,FALSE
4861,Gaia DR2 3566038851116779520,166.495153575371,-12.1649449411173,1.83044796734115,-14.7557528882316,2.23655889229055,1.55421875554774,192.58202,1.63985345017189,FALSE
4862,Gaia DR2 3566044657912622464,167.15306458108,-12.170633273365,5.7555002185635,37.3550508975942,-15.9764855704362,1.5787709863634,0.64091116,24.0832242058727,FALSE
4863,Gaia DR2 3565732877647090048,167.325575313997,-13.0172167396437,1.44592842863427,11.4190857767714,-20.401424137114,1.59206009309947,2.5217187,32.6605228527169,FALSE
4864,Gaia DR2 3565985146846119424,168.17986183713,-11.7298972675401,1.16605543766326,-6.8893394485431,-5.24119432359231,1.46870889646326,151.71817,7.78066948147881,FALSE
4865,Gaia DR2 3565789605575223552,167.808615293959,-12.4865021117289,0.255410345823292,-4.23683697858916,-3.1644551636333,1.48465757370432,90.26551,66.3781794502505,FALSE
4866,Gaia DR2 3565760537236537088,167.661557806301,-12.9061714118401,5.18241487320172,-80.3549588105251,46.1529734487497,1.60135530333682,0.66877276,118.607329262369,FALSE
4867,Gaia DR2 3565804410326237312,167.198194902283,-12.7398496202129,2.81449062335785,-25.5483856876333,-2.58716913641526,1.64613806688835,1.1438051,-4.22787660744502,FALSE
4868,Gaia DR2 3566028779417605120,166.368165412975,-12.3635193698383,1.29718763660238,-12.7131192127783,8.15425038780615,1.61300291167514,12.926506,-13.3119423567787,FALSE
4869,Gaia DR2 3566030153807139200,166.391586757168,-12.3163676842813,2.65694192561659,-66.7056849066499,3.47652565222,1.58852020488535,1.4047428,9.3594951483623,FALSE
4870,Gaia DR2 3565920683680924160,168.222539088823,-12.0279301815786,1.65025989994351,-22.8416372857767,17.4028418988863,1.59571373707703,1.5728089,2.86011310567893,FALSE
4871,Gaia DR2 3566025553898024704,166.402269645611,-12.3994982944053,1.07093093136704,23.6536266377491,-69.9546598788115,1.60397087897033,51.981956,20.1755252641802,FALSE
4872,Gaia DR2 3565708413512898432,170.026013507969,-11.1687340409209,3.03651097084302,-17.6869210979865,-20.3340232666334,1.59894917252818,0.5341926,-47.899170419842,FALSE
4873,Gaia DR2 3565873580775658240,168.027921979306,-12.4105291435063,3.95127387516486,-39.2968689535389,13.3448149172698,1.66192305467276,7.792222,19.5488858430581,FALSE
4874,Gaia DR2 3566017307560854784,166.801426304357,-12.3608989522802,1.08610428916518,-7.10815184017108,5.12274256640647,1.63884232066561,4.129327,0.89746408169033,FALSE
4875,Gaia DR2 3565753527849855616,167.334384168765,-12.8041038255355,1.74781419381004,8.83087723361798,-13.0993572686902,1.53314894268655,3.601827,15.8339123783335,FALSE
4876,Gaia DR2 3566010332533963264,166.732877035412,-12.4772082224788,2.51543208521692,-8.02364776502654,-19.8413709872977,1.62463353366733,1.1688823,3.35109132186328,FALSE
4877,Gaia DR2 3566009061223642624,166.703275575541,-12.5102148768456,1.46334083142124,4.45632662857491,2.05683050985476,1.60141658013065,5.1720667,15.9682360153487,FALSE
4878,Gaia DR2 3565961782223943424,167.459913352423,-11.9413651402161,3.20019122068053,-26.5060571606853,6.7768547721345,1.59818931500608,4.988447,2.56208467736604,FALSE
4879,Gaia DR2 3565865746755303424,168.043599257836,-12.6198886222586,4.42340494151542,-4.63965503032258,-3.76942946345619,1.48545017647324,0.16456735,-13.2437473675075,FALSE
4880,Gaia DR2 3565704805740374656,170.266323199599,-11.0868758002958,1.20493870097803,-8.90677884869879,-0.19036278566187,1.51654647585983,5.700881,-14.2768305325592,FALSE
4881,Gaia DR2 3565892031955150592,167.880634962063,-12.2008465690502,3.51474441406298,-3.07027813737421,-7.57226333502482,1.56966170840505,0.5938335,0.44680877575302,FALSE
4882,Gaia DR2 3565764145009106688,167.778580799611,-12.7576360240654,1.30683462518316,-3.63470727162799,-1.26270697526628,1.52994137077386,17.002762,-3.41896035505417,FALSE
4883,Gaia DR2 3565838877439937408,167.332441836001,-12.3882854818403,2.42106758831735,4.12921746036166,-1.80656906765671,1.63060843438737,3.3286843,-1.06905549032854,FALSE
4884,Gaia DR2 3565838877439937792,167.332778783726,-12.3813226350073,1.19404234783527,-24.5249100235409,5.27182966941793,1.46742783656674,67.04146,55.1601065869352,FALSE
4885,Gaia DR2 3565754318123895424,167.510556436573,-12.7870420110843,3.10311581995227,-49.1583803181034,-18.6579434776638,1.56360079099128,0.6069816,33.0589909663278,FALSE
4886,Gaia DR2 3565861520507526400,167.294116011338,-12.2137261121919,0.411303311826545,-3.61805609494656,-12.5986248686332,1.54135935600515,105.1895,58.5391786013888,FALSE
4887,Gaia DR2 3565818708273428992,166.701245965056,-12.6253652601311,3.47425341555025,-15.9210852940503,-30.5978336397443,1.61914973915236,3.2677839,24.4759982122803,FALSE
4888,Gaia DR2 3566078914571680512,166.290691858541,-12.2052574855878,0.859549654276573,-18.1780678215985,-1.22568074861136,1.50092820796216,46.481842,24.2866479930855,FALSE
4889,Gaia DR2 3566414055164238976,168.718119732208,-11.1182193072432,1.36221532042362,-8.85739424495509,-2.47574344751028,1.59819887926525,4.986218,-30.3946852620463,FALSE
4890,Gaia DR2 3566148866703719936,167.337622662961,-11.9424942234774,2.30140849717415,-2.7939410167174,-22.7890029925952,1.62614842332127,2.2120054,16.5299881625959,FALSE
4891,Gaia DR2 3566334619743956096,169.343544957565,-11.4339550671341,7.38456195897284,-76.4428157125202,-4.29974160692526,1.56304046588117,0.92210215,15.3043827210496,FALSE
4892,Gaia DR2 3566217964137573120,166.976195577406,-11.6687738255047,2.20443829662345,-38.351624714089,-1.97073324236941,1.6097558656579,1.8152974,41.0657016735179,FALSE
4893,Gaia DR2 3566096266239542144,166.145020845385,-12.0610869226672,2.71876836199516,-56.8663148560734,24.6498493235427,1.618824546782,1.0232362,-7.37012226332842,FALSE
4894,Gaia DR2 3566452714165464064,169.167460957662,-11.0563871875686,2.6355075760837,-22.4287358916368,-14.7654249797952,1.61139040587127,0.9281464,-13.0274466612366,FALSE
4895,Gaia DR2 3566269061364539392,167.522428747025,-11.0355208147361,5.82639190933163,0.836765229730292,-34.9158388601917,1.59582184752274,0.90955275,-4.0230413173285,FALSE
4896,Gaia DR2 3566463881080491392,169.806200769163,-11.1047286663963,3.42589425494273,-34.4701621942169,2.79700931480903,1.61966500205739,4.13559,-12.0955906540451,FALSE
4897,Gaia DR2 3566109632177772928,166.171959678309,-11.8393368013495,1.6792917913132,-12.0387337938381,-3.37978328496585,1.59645004029366,4.2753963,-30.4635811228688,FALSE
4898,Gaia DR2 3566413647142642048,168.632468631617,-11.1453565562172,2.7325342477245,19.97164396339,-10.898815587361,1.56015362471398,0.69881433,-13.0435069161891,FALSE
4899,Gaia DR2 3566238751778684032,166.84179407579,-11.4276724452337,0.949769661741269,-7.01224198350091,6.74632836433213,1.63859415276019,8.8847,11.6395098939439,FALSE
4900,Gaia DR2 3566235182662420480,166.813797409789,-11.5571133398033,2.3979868176121,-5.87819304137277,3.99148283349012,1.64625007484977,2.036966,-21.9464463427558,FALSE
4901,Gaia DR2 3566105818246833024,166.348481825774,-11.900031994261,0.540400819085606,-7.89702005887045,0.440910598321273,1.55736969790273,53.3791,-11.2535966772795,FALSE
4902,Gaia DR2 3566259612436470144,167.376116845298,-11.215701625096,1.31071876926551,-5.33965262953013,-2.64840855995597,1.53781010553471,7.4115205,-5.88812346132874,FALSE
4903,Gaia DR2 3566374820638277760,168.522652052106,-11.366813009964,2.7377416944869,43.5268593467936,-47.2690829261909,1.60204629156269,4.256456,0.816470631428261,FALSE
4904,Gaia DR2 3566237549187841920,166.934701764026,-11.4484438428829,3.91620733318185,7.90874154636364,-2.56958714314787,1.54967280764695,0.37936947,-6.55390240089339,FALSE
4905,Gaia DR2 3566199311095682432,167.830585428555,-11.3246717953825,1.78218311970931,18.0034693927292,-16.7809114021606,1.53381868990248,68.022514,6.54939150859188,FALSE
4906,Gaia DR2 3566375713991477632,168.546743687273,-11.3038409129192,2.61205646809323,-6.62007448775875,2.81735991446185,1.58822529147334,0.67290866,0.797209263886387,FALSE
4907,Gaia DR2 3566271874566460800,167.118907227127,-11.1735519581282,3.34206097789955,-20.3206245817713,-3.04074593676769,1.5736368909452,0.980318,17.8987885330892,FALSE
4908,Gaia DR2 3566327713437056256,169.045739007347,-11.6081136005222,2.65651629552638,-17.2185324870648,8.10907733475191,1.59375235697803,1.0422401,17.8190432375284,FALSE
4909,Gaia DR2 3566324243103479808,169.057513179084,-11.674527570419,1.18586621431038,-14.5492001931936,5.91017799889246,1.59585936541158,11.868679,9.38573746569146,FALSE
4910,Gaia DR2 3566364581436236928,168.327045957915,-11.5302991769448,0.459061053093347,-14.8808136225158,1.79023366577856,1.47327414717933,134.74292,97.8285002042955,FALSE
4911,Gaia DR2 3566197249511375104,167.784200304522,-11.410740689586,0.615388186361427,-8.10017238265676,3.32027332285525,1.42002839184773,210.80417,62.7607722990853,FALSE
4912,Gaia DR2 3566119802660353152,166.58445668566,-11.81108971902,1.50241362003395,-8.63351858665259,3.96473250795922,1.54952547999442,6.774952,6.58476105118995,FALSE
4913,Gaia DR2 3566196459237393408,167.814627457388,-11.4105565949824,0.457835328026152,-11.6979345507078,-11.1730979602536,1.5275330301263,34.299107,175.642102995553,FALSE
4914,Gaia DR2 3566167940652983424,167.28127966217,-11.7084066974345,1.54008219408595,-14.1529513394662,3.60133379080994,1.63126631579775,3.288663,28.2511176839326,FALSE
4915,Gaia DR2 3566212711393648256,167.767211004566,-11.239128165521,2.38918124026734,-1.80058009392924,-0.800957075692253,1.63606009526929,2.4213731,1.18466156339729,FALSE
4916,Gaia DR2 3566120146257738496,166.596558626768,-11.7804157868832,2.32142043268511,-42.1405526767714,-1.72047278738868,1.48638223212957,38.27208,16.7853451021889,FALSE
4917,Gaia DR2 3566196424877654528,167.807009654985,-11.4173737300442,0.985975858078163,-13.2921742781283,-0.489045933779779,1.49836496679835,14.260461,44.0851040642364,FALSE
4918,Gaia DR2 3566212264717048320,167.768125944137,-11.2658855005241,4.89058793239493,-34.0025213518297,28.0591925078472,1.5290561409108,44.158028,24.181814497226,FALSE
4919,Gaia DR2 3566504081974275968,169.046931046708,-10.9786010091822,1.94616150829679,-5.66731896950756,-18.2194270787607,1.60251082181243,2.0862288,62.0089614033519,FALSE
4920,Gaia DR2 3566233739553438464,167.21814179837,-11.3418300796098,2.14579414885387,12.5391760136088,1.46393458744335,1.5350414887949,21.41878,25.1293417337391,FALSE
4921,Gaia DR2 3566503704017153536,169.028638119268,-10.9871213931915,0.752054816346628,3.29883590139803,-5.64940357206907,1.53108567059499,11.167446,21.9374366135218,FALSE
4922,Gaia DR2 3566183024579706112,167.729281437644,-11.6619283236754,2.28615680383642,22.3288149572896,-25.4948284715151,1.52051823959304,0.47755918,-1.61913587494882,FALSE
4923,Gaia DR2 3566119837020092160,166.588555841332,-11.8048610808494,1.44288745640747,-8.34401682980268,4.01149059521257,1.63513248577655,3.6008377,7.53348671205255,FALSE
4924,Gaia DR2 3566132206525906176,166.536048702843,-11.7483439604307,7.87417233377456,-23.177270763752,1.19499614704232,1.66028909192723,2.644281,-10.7178821483951,FALSE
4925,Gaia DR2 3566250399729981824,166.876476384538,-11.2152357292143,0.536441129832988,-3.80854748995159,-2.3062000764781,1.49432666689047,44.119682,-38.7746582702043,FALSE
4926,Gaia DR2 3566221473126836480,167.092568497061,-11.5413742447686,2.28070879225727,-8.41175554210348,7.82534751701592,1.59993889209134,2.1459544,8.72825968128535,FALSE
4927,Gaia DR2 3566267579599162496,167.380614636245,-11.0807771398035,1.6298524273745,-31.6411217802049,-2.09439263714564,1.59514813921794,3.352788,32.8381515403323,FALSE
4928,Gaia DR2 3566080735637816704,166.389740813326,-12.1655555034408,1.28953349709778,6.84624385381026,-15.3311125571373,1.46878508938533,218.60452,67.5194223629203,FALSE
4929,Gaia DR2 3566473845404620672,169.924705777929,-10.8982933295988,0.540723433262689,-17.8697689558291,8.06452362527375,1.50989622210143,47.89184,38.5901745381081,FALSE
4930,Gaia DR2 3566375129875923712,168.528765938501,-11.3399557871022,0.322541140777024,-24.4667807519567,0.699860965657379,1.53646048407036,184.42743,228.870457655667,FALSE
4931,Gaia DR2 3566239748211097344,166.763138406027,-11.4469287059383,2.71922016119192,-27.9513464795543,1.00768725552397,1.65311520751886,1.8734231,14.4607269386283,FALSE
4932,Gaia DR2 3566302733907239168,168.783558401229,-11.7069084376217,0.313613009278087,-11.9131010148671,2.47732911347647,1.54529813307261,50.199265,7.22184966183085,FALSE
4933,Gaia DR2 3566474120282528128,169.903630708505,-10.8788749420887,3.59352078862952,-11.2782963312532,15.4373762787911,1.45226764467462,0.22141847,8.72375028906687,FALSE
4934,Gaia DR2 3566490475517986944,169.814204196524,-10.7656980554273,1.71897881152483,-13.8035203426713,-5.91548254763917,1.608162773838,3.2029057,12.6708393261109,FALSE
4935,Gaia DR2 3566362824794954112,168.317162354245,-11.6142503265393,1.66803682605298,10.1933806132979,-18.9131860464756,1.60753306344365,1.6374876,32.1299207219939,FALSE
4936,Gaia DR2 3566295346563487872,168.817202006932,-11.7803297624022,1.51817037609936,-5.63728781947746,2.7118873112997,1.60572609643906,4.4886227,-23.1121795917371,FALSE
4937,Gaia DR2 3566387258863568000,168.4558875539,-11.2958012550882,1.85236953638418,-1.66728477199306,-2.44291693572732,1.61214363506439,1.9456826,6.45038034996378,FALSE
4938,Gaia DR2 3566245039610799360,167.032989127565,-11.310442511239,1.70071139777509,-17.16370503916,-1.24541431816655,1.55407709581311,2.9378738,53.2763237508921,FALSE
4939,Gaia DR2 3566278368557009024,167.115456141771,-11.0336371632395,2.70356119112162,-24.3489096538367,29.0369456026661,1.58371013846029,0.96605515,42.0964140455117,FALSE
4940,Gaia DR2 3566347916963204992,168.981827026266,-11.3619864827993,4.65145580181198,-55.1085123425926,-27.4749701388593,1.58449318311871,0.60644,20.0452051230571,FALSE
4941,Gaia DR2 3566402995623817344,168.997191237759,-11.1960040756585,11.512337256289,-78.725044537033,-17.1198177539987,1.37879606990381,0.09154346,14.6334879952301,FALSE
4942,Gaia DR2 3566388770692059264,168.490841648784,-11.2211876367884,1.47296031537245,-14.6608463897642,-11.6826639261761,1.60697381304089,2.217378,6.77529415797223,FALSE
4943,Gaia DR2 3566298473299681152,168.922212781456,-11.7786246063802,8.98352825310451,33.033203612885,5.85111279303287,1.42698034781479,0.07396776,6.36756299796072,FALSE
4944,Gaia DR2 3566376813503082368,168.231132317682,-11.4939530489507,2.26436092674167,3.9123273352563,-12.1079912603638,1.61620045275605,1.0272912,15.5313529982859,FALSE
4945,Gaia DR2 3566200444967034496,167.537866703672,-11.5121921036438,0.335863500458757,2.46654397188155,-12.4309669142789,1.529072043973,163.30309,165.769709873879,FALSE
4946,Gaia DR2 3566337815200125056,169.116718435007,-11.4075505866471,0.648310728954994,1.97952757967391,10.4614948238578,1.5402689180929,32.61333,55.6761363673013,FALSE
4947,Gaia DR2 3566297992263342720,168.898944987314,-11.8081073234746,6.15773323461765,-1.98766040830354,7.10568282588385,1.57677816332182,0.5042015,-4.43272917038277,FALSE
4948,Gaia DR2 3566416872662780416,168.424156005696,-11.1228421766531,3.72206484205994,34.8593445573475,-30.4868710487499,1.58972021328619,0.56971294,-18.8389645707198,FALSE
4949,Gaia DR2 3566417113180948864,168.445701681187,-11.0847879422736,6.18422368722844,-60.4977201135497,-71.2947660405524,1.53401574501668,0.26500943,29.3053590740144,FALSE
4950,Gaia DR2 3566341319893433984,168.987512997124,-11.5086364651278,1.5271892593305,-5.06466854666442,-6.17462503373627,1.61345080436383,2.4320433,-6.59096900862178,FALSE
4951,Gaia DR2 3566341629131078912,168.932840293111,-11.4894850307639,3.19923812994737,-26.7203168749891,-19.7979236717301,1.58287793392422,0.69280416,-21.0652866423052,FALSE
4952,Gaia DR2 3566208652647867008,167.514791768642,-11.2896071296814,2.93636006383653,-28.7747207905283,5.80095953301515,1.61827708651071,0.9144184,-21.3124063278661,FALSE
4953,Gaia DR2 3566345133824391168,168.837184215402,-11.4847741962355,2.72591587341248,-8.36209847549027,3.93202868511595,1.63317778834763,1.8373195,-5.74124701626162,FALSE
4954,Gaia DR2 3566245490583937664,166.95008371103,-11.3223502378129,1.35293915016281,-15.8098691224293,9.8382934420507,1.53445062005299,3.7119691,5.94460958198431,FALSE
4955,Gaia DR2 3566230814679122560,167.092306654789,-11.4736719834163,0.476009955906842,-3.12091467121219,-0.705985047945229,1.53729188439451,26.725225,16.7797178096515,FALSE
4956,Gaia DR2 3566370796253640704,168.589647610642,-11.4044251403989,1.30630904126919,-1.38702650294537,-4.99673376074858,1.6497220255366,4.251666,0.658883895721342,FALSE
4957,Gaia DR2 3566271260387739008,167.180284510616,-11.1862678661136,9.14002234872423,-15.1446749163861,-38.5719750183644,1.65188542325649,2.8528204,-12.1140547217682,FALSE
4958,Gaia DR2 3566416357266709120,168.518735120712,-11.1065183605157,2.89530438413576,-45.5431646915733,-3.77211571919627,1.61036168343579,1.0715941,-14.0411615240972,FALSE
4959,Gaia DR2 3566468176047795328,169.903192598466,-10.901105789548,1.31074607306315,0.0474043774807815,-8.79698692746533,1.6270342938211,2.577452,25.4015254205973,FALSE
4960,Gaia DR2 3566437630240354432,169.657510379073,-11.2317519605183,2.59931873040577,5.28478047305654,-3.31845175315261,1.62474106554092,1.1120957,50.7171650412034,FALSE
4961,Gaia DR2 3566225557639153280,166.926412705436,-11.5008194899773,1.94481221310274,-18.0162744073536,16.6998272241235,1.62654657110499,2.1522682,8.58829126426376,FALSE
4962,Gaia DR2 3566283316359332480,167.426815202491,-10.9221953827032,1.95166740386627,-33.0502299371744,-29.685590662943,1.53847918506004,6.2964516,31.9414068999093,FALSE
4963,Gaia DR2 3566206217403040384,167.467970974686,-11.3742164329083,0.477246412386446,-6.66124285165258,4.94725550852424,1.51228637967502,36.082153,43.647301080066,FALSE
4964,Gaia DR2 3566081319753364608,166.193681011218,-12.235645088851,0.266962612980115,-4.29512936218211,2.64579091519292,1.46041886596025,487.1838,24.5054869040282,FALSE
4965,Gaia DR2 3566435293778143616,169.459019105742,-11.2577655568335,2.3460229968325,-8.99754626739648,1.41122446098509,1.64307456036704,4.912177,-5.85421095450039,FALSE
4966,Gaia DR2 3566108184772967552,166.24315257188,-11.8934521917056,9.12525513994565,-46.2649752840099,-8.382269774061,1.54455696906865,0.3404282,-8.1397928656623,FALSE
4967,Gaia DR2 3566203915300615808,167.598564990576,-11.3937287992129,4.93196823118634,25.5613119980503,-50.4117990131348,1.59413323173416,0.5915687,53.148476841365,FALSE
4968,Gaia DR2 3566133198662496128,166.49364014403,-11.7307393264144,3.11797439834498,-22.6456417090781,3.97879494196621,1.63215690040381,1.1135672,30.6545772394251,FALSE
4969,Gaia DR2 3566287306385565056,167.316196089371,-10.8654122212763,5.39484479180099,-39.6940070214765,8.21621209282498,1.57561967814597,1.765328,21.3118480707892,FALSE
4970,Gaia DR2 3566411375104648704,168.554136166885,-11.2349896079619,0.377333648765605,-10.804438955578,-7.04463080155636,1.52310087900876,63.243637,113.649199384193,FALSE
4971,Gaia DR2 3566126051837324800,166.745341371531,-11.7240492404788,4.27357697533465,-50.1641803817067,10.2956197639417,1.55025460142692,0.40652424,14.6079408574971,FALSE
4972,Gaia DR2 3566173919247470080,167.329216048988,-11.6778027462363,2.4198921555391,-32.1811901681296,-4.42252530684258,1.41910291195531,523.37286,41.5480323028931,FALSE
4973,Gaia DR2 3566173747450268160,167.366876827338,-11.6878124365987,0.31264289444632,-5.43480172550369,2.54237048753317,1.50578152743973,67.42254,-21.712618543725,FALSE
4974,Gaia DR2 3566167940654481920,167.280006367623,-11.7086049445067,1.6875377407724,-12.0749034334236,4.11923565279547,1.53774553917403,49.27018,29.0609652776753,FALSE
4975,Gaia DR2 3566178626533118720,167.285758452321,-11.5915271672766,2.20844905853267,-7.20056374132208,7.95685593723846,1.62064099748924,4.464445,14.5239219610242,FALSE
4976,Gaia DR2 3566488620092104064,169.670209780916,-10.7575259522121,1.00732071535625,-4.57634353863207,-2.97875157022107,1.61498986046636,8.263401,-29.8497964852888,FALSE
4977,Gaia DR2 3566138769235937152,166.6164688114,-11.6808435243885,0.805003593160268,-5.54383103821154,4.61684929618901,1.51043958761361,41.34177,-12.6568487459133,FALSE
4978,Gaia DR2 3566178935770765312,167.286525940387,-11.5573509745482,1.37645325937745,-48.729351551198,14.5441729128798,1.51124739968268,27.427097,46.069110540341,FALSE
4979,Gaia DR2 3566204808653763968,167.438079149876,-11.4450153161673,2.8477518073384,-24.7404530765018,13.4708942098832,1.64366918259449,1.8301495,19.0755517719372,FALSE
4980,Gaia DR2 3566162374376869120,167.420595549958,-11.677559713047,1.16557096862774,-8.41016085183619,2.41770348905387,1.61939738109987,4.7100587,31.4637904549468,FALSE
4981,Gaia DR2 3566490887834838272,169.833789207606,-10.7489129614863,5.72309066406613,-13.9141098184215,-67.6715448211354,1.56236770128059,0.7164075,25.2795944277397,FALSE
4982,Gaia DR2 3566166016509128576,167.13231620076,-11.8077285714911,1.17815306614244,-5.15524022025146,-1.37136523824042,1.53038006297835,42.1778,63.380597963047,FALSE
4983,Gaia DR2 3566470164616991744,169.744403977759,-10.907079180808,4.13609583795057,-30.8118719982947,5.22262718000409,1.54669499738402,0.861235,1.96376099114043,FALSE
4984,Gaia DR2 3566493597958403456,169.853392464288,-10.6770118234989,0.824312491692445,-8.93363824848933,3.06597783267606,1.53858297952907,12.82189,-13.4716015923565,FALSE
4985,Gaia DR2 3566477968573211392,169.903426662951,-10.7988381565976,1.93580405982967,-23.08813129362,5.21260452689643,1.60087720806456,1.3220444,75.7291846228915,FALSE
4986,Gaia DR2 3566148969782934784,167.346768814458,-11.9179263930437,4.99790405970938,-58.615352829215,9.33074132249435,1.58648010124515,0.5969754,12.0177119114821,FALSE
4987,Gaia DR2 3566319673258222208,168.681016722518,-11.5563010376939,0.246401062532128,-10.357903348184,-1.21968786324353,1.51239542421385,311.7484,328.465380480498,FALSE
4988,Gaia DR2 3566316512162292864,168.744802618405,-11.5772676417377,0.57274781607716,-1.42840093960893,0.294672945055859,1.50719965370069,21.07096,42.858848166099,FALSE
4989,Gaia DR2 3566356987933588480,169.130859920341,-11.1865258898394,2.61035946193893,-58.4221009600074,17.0997967753398,1.62430883144267,4.6819863,32.3325276336249,FALSE
4990,Gaia DR2 3566152925448809472,167.223958653647,-11.8700623380621,0.980728519832468,0.00573822769484684,0.988466427023711,1.54100120481997,31.514389,-1.19887611377293,FALSE
4991,Gaia DR2 3566309365336708864,168.617083875221,-11.6943109296221,1.04928596558528,-8.28687913405594,-2.87142088599175,1.64671252651856,5.5840163,13.9260662240421,FALSE
4992,Gaia DR2 3566321356885404416,168.757635671191,-11.5206102773276,3.74815167340817,10.3481797460565,-5.67981661156255,1.59940979020778,2.159015,62.825255959592,FALSE
4993,Gaia DR2 3566165672911746432,167.198455332686,-11.7918657455576,3.75668987259615,-44.5926664088052,-32.5165359631315,1.54425355535724,0.44353566,5.99162276966467,FALSE
4994,Gaia DR2 3566376843568318848,168.242411564873,-11.4780254009604,5.52216602222341,-96.9915926573721,36.9803558669594,1.52444509464534,0.30908686,47.179109425993,FALSE
4995,Gaia DR2 3566400384283658880,168.725359776065,-11.2341254478493,4.69789627824556,-59.7296414618079,-25.0890793528934,1.6473122322736,12.110458,15.701945129166,FALSE
4996,Gaia DR2 3566189862167621376,167.731747412652,-11.4917841998865,0.932363907138175,1.52429606268438,-7.80187878395499,1.50145089177702,43.19046,-37.2947398887171,FALSE
4997,Gaia DR2 3566398528857784320,168.69386477982,-11.2895537219042,2.72368481757381,-35.7865906363538,5.51581175104811,1.62750886574649,4.9257646,-14.7207507994052,FALSE
4998,Gaia DR2 3566450377703263232,169.383536287767,-11.0631408153607,1.41610599845276,10.1963217450183,-18.6586183599176,1.6374774995938,3.970403,-18.7459522926493,FALSE
4999,Gaia DR2 3566449415630588672,169.395509636527,-11.102063657438,2.1666389845713,-20.7353250410323,-10.6514625532009,1.50972983549104,72.49786,-19.8491713724278,FALSE
5000,Gaia DR2 3566301045984358400,169.026388866127,-11.6650358188042,2.52022205846551,-45.714119628279,-15.3303711333856,1.58741889041804,0.9189604,30.5583288058325,FALSE
5001,Gaia DR2 3566140865180014080,166.750492635896,-11.6012492413245,3.66192393429425,51.1223561158429,-30.7339051573794,1.65100964889415,2.9557855,21.6093158134464,FALSE
5002,Gaia DR2 3566314961678397312,168.781413463213,-11.6570100800886,2.11467406094582,5.92530608606868,-9.84467083069577,1.64703642571247,2.6868746,21.8161471165635,FALSE
5003,Gaia DR2 3566397154468251520,168.756841799216,-11.261677992803,1.80253893549457,-39.572594959129,12.0275471679926,1.53934451799194,4.527327,-21.5302550583349,FALSE
5004,Gaia DR2 3566124338145857152,166.872646236344,-11.716918041907,1.91859294617275,-20.8642074808324,23.5372797622888,1.63186181939499,2.6716866,55.1533947717467,FALSE
5005,Gaia DR2 3566461338459806208,169.385551233293,-10.9215718862168,2.57712722235723,24.2246602936256,-11.6117571273492,1.63878396706751,5.561716,5.80699917954858,FALSE
5006,Gaia DR2 3566157495294063488,167.461918044416,-11.7868842590658,1.57809186111068,-13.7331461818809,-17.4715705779284,1.55594767013291,2.8346627,139.568405866915,FALSE
5007,Gaia DR2 3566229513304175744,167.284537263812,-11.4049162444415,0.670690970154891,-15.370153534666,-1.05296904101544,1.50099173391138,74.815506,49.5535095173977,FALSE
5008,Gaia DR2 3566185086164009088,167.767451923724,-11.582371843938,0.353521402263916,-8.10363818745611,-1.37822684661726,1.48990505857116,180.76385,27.3741938594156,FALSE
5009,Gaia DR2 3566297614306243200,168.961602602082,-11.8001837377048,2.52048697895369,19.6569886373306,-10.3334487803943,1.66151716569285,2.2773385,-3.34499688020093,FALSE
5010,Gaia DR2 3566191339636394240,167.893149640876,-11.5363745011935,0.606230570476481,-5.18056476992827,-0.699119078337943,1.50689960361621,41.05368,25.8843523079813,FALSE
5011,Gaia DR2 3566345511781480064,168.810817841067,-11.4446365586191,0.508359696680554,5.3758178093803,-3.15366297225937,1.48385795283974,39.94219,-2.77057113875168,FALSE
5012,Gaia DR2 3566088913255587968,166.599564890591,-12.0025647915672,11.3430791745868,-22.2039617258039,3.24590640072759,1.44462872224129,0.18083417,11.6987562283013,FALSE
5013,Gaia DR2 3566319123502406784,168.641272200981,-11.6037117456362,2.49407236430714,23.7895370608149,-17.5499341229811,1.63219022917813,1.1414807,-16.3852402946762,FALSE
5014,Gaia DR2 3566493293016528512,169.917086092421,-10.6683069007241,1.76331282716638,-28.9728032953995,-5.62031412801298,1.50754309538194,42.66754,1.73562684811128,FALSE
5015,Gaia DR2 3566254939512048128,167.345835638162,-11.2798877713821,0.819089069368532,-12.6183046557974,-1.10769971784679,1.49220334880583,26.281399,40.2160190497086,FALSE
5016,Gaia DR2 3566255008231524992,167.439344790718,-11.3187671816444,1.47519167990647,-8.02035182287783,-3.2041098071718,1.37516177376006,444.13608,-19.985944919481,FALSE
5017,Gaia DR2 3566198314663289344,167.86911989372,-11.3454197626272,1.4164065896981,-2.76711512752476,1.5905410967283,1.52189394023826,51.126446,-0.436592519157742,FALSE
5018,Gaia DR2 3566366436862110592,168.357704215031,-11.4823037181319,2.44882539230235,-28.4327104641628,1.60053646493579,1.5609109641195,0.8462494,8.84720350683578,FALSE
5019,Gaia DR2 3566121039610969600,166.833756896233,-11.8357280701696,2.31655491145791,-19.6231040904042,17.4115200221131,1.6100704446419,5.033171,21.9494120573464,FALSE
5020,Gaia DR2 3566115954369689344,166.712632280192,-11.8552785684493,4.45500069649916,-24.6734929405259,3.00103504271566,1.65247109334083,3.817393,-7.10505487854713,FALSE
5021,Gaia DR2 3566262361215545984,167.585791793073,-11.1767151509152,1.54088254013561,10.4583781867757,-9.04481390853484,1.54039097609947,17.6716,28.6103900331569,FALSE
5022,Gaia DR2 3566379115605570816,168.365887574574,-11.3897968787332,3.63249265123357,-4.10194473031985,9.78913184610408,1.60682639598205,1.0059171,-5.82053198584388,FALSE
5023,Gaia DR2 3566160205417377152,167.572057880339,-11.6848132550756,7.86939800399811,-30.3010709591119,-7.57894944838715,1.42686904136578,0.19072872,-0.437406510181461,FALSE
5024,Gaia DR2 3566168657913016576,167.254645312784,-11.7134244541504,2.36563116407772,-21.4603763443871,-2.46757314994806,1.64440025771176,2.6778965,-25.2205528435738,FALSE
5025,Gaia DR2 3566267858773688192,167.458363443124,-11.0620229602747,2.9111004534171,11.9499852378872,-19.6706514191809,1.60649878292845,2.0580187,27.4629916440561,FALSE
5026,Gaia DR2 3566469619156781696,169.688383138844,-10.9474638331297,8.58624303499023,85.8393726056701,-53.9268469753998,1.60780861802269,0.7902298,6.513644626132,FALSE
5027,Gaia DR2 3566139933171215104,166.597572647734,-11.6379357749197,2.71242088350028,-27.9931622709199,-17.3098089566747,1.6393844983105,1.2607734,43.2674751880272,FALSE
5028,Gaia DR2 3566330702734298240,169.153625277107,-11.4814163761993,4.82550175982709,-41.8853755002862,10.8644759203021,1.66605357862855,8.474855,8.92350263059744,FALSE
5029,Gaia DR2 3566229513305648896,167.274517601448,-11.4012642538337,3.79807348379367,-32.751177507451,53.9319171887362,1.63805538359987,3.1284626,20.5349752789021,FALSE
5030,Gaia DR2 3566506414140556544,169.156651399639,-10.8754078394295,1.44126475464278,-2.60803401848447,0.356572188551451,1.64734243037351,4.6460724,-53.0563585215673,FALSE
5031,Gaia DR2 3566481473266517888,169.62841608099,-10.9468268397766,0.241974429923861,-18.2547836876352,3.92533594299082,1.53733200395352,88.85143,135.785214340237,FALSE
5032,Gaia DR2 3566111590682862720,166.284211250399,-11.764218910955,1.55712194049281,-55.3071337662245,-10.3712722357,1.54754030082915,2.792203,-3.19208184250132,FALSE
5033,Gaia DR2 3566267102859439104,167.398122744517,-11.1260481947781,5.63146945491365,3.46788274302113,-40.1666070516588,1.60678576087087,0.96827894,9.97066046804543,FALSE
5034,Gaia DR2 3566442230149700736,169.507706182561,-11.1570760473801,0.513714170084687,-8.53770751730024,0.699739331337342,1.50020834144018,27.939896,60.423338514624,FALSE
5035,Gaia DR2 3566119695285726976,166.686879830813,-11.7687096539986,2.32868630384608,1.39978757684038,-10.4720104862953,1.61200914387974,1.9047108,-16.7925169177383,FALSE
5036,Gaia DR2 3566335100780821632,169.409509429755,-11.4127869902873,1.17583762917523,0.292431022371774,-7.6501175492323,1.51576070592126,12.280257,0.404506921751526,FALSE
5037,Gaia DR2 3566208004109436544,167.46471556739,-11.3468984108275,0.338719414191058,-4.04074289531229,-7.17201091885051,1.46665063014652,125.401505,-6.01690909285532,FALSE
5038,Gaia DR2 3566364134759622272,168.259002034962,-11.5643209567703,0.279195742064424,-8.21220444769999,0.693816499245295,1.56232703688895,68.99766,0.796282227631572,FALSE
5039,Gaia DR2 3566116156232676480,166.713203892866,-11.8469888792242,4.39974957471321,-26.4844504803298,3.67003861168362,1.61254429684493,1.1506917,-8.17783904860371,FALSE
5040,Gaia DR2 3566457932550133888,169.586272080846,-10.9676549088858,0.520818609207767,-3.56726938256168,1.41738553410839,1.5152571686841,66.3136,-10.8615622394047,FALSE
5041,Gaia DR2 3566334207427623424,169.350171266353,-11.4719896961251,0.373788740455892,-5.390430741284,-3.62873470396637,1.52597122843285,66.79847,-0.742700899684209,FALSE
